current/bias.asc
ncols         720
nrows         360
xllcorner     -180
yllcorner     -90
cellsize      0.5
NODATA_value  -9999
[rows 192 to 223 of 360, columns 360 to 431 of 720]
-9999 -9999 -9999 -9999 -9999 -9999 -9999 -9999 -9999 -9999 -9999 -9999 -9999 -9999 -9999 -9999 -9999 -9999 -9999 -9999 -9999 -9999 -9999 -9999 1.582302 1.582302 1.63554 1.63554 1.63554 0.8977324 0.8977324 0.07368612 0.07368612 0.07368612 0.02660442 0.02660442 0.001768807 0.001768807 0.001768807 0.2383813 0.2383813 2.534884 2.534884 1.663997 1.663997 1.663997 2.636378 2.636378 0.3034863 0.3034863 0.3034863 0.3543592 0.3543592 1.379999 1.379999 2.158212 2.158212 2.158212 3.37129 3.37129 1.765723 1.765723 1.765723 1.100798 1.100798 0.2806582 0.2806582 1.409016 1.409016 1.409016 1.599405 1.599405
-9999 -9999 -9999 -9999 -9999 -9999 -9999 -9999 -9999 -9999 -9999 -9999 -9999 -9999 -9999 -9999 -9999 -9999 -9999 -9999 -9999 -9999 -9999 -9999 -9999 0.2231048 0.2270927 0.2270927 0.2270927 0.09799691 0.09799691 0.006316792 0.006316792 0.006316792 0.0003955244 0.0003955244 0.02664217 0.02664217 0.02664217 0.8086419 0.8086419 2.227644 2.227644 1.352279 1.352279 1.352279 2.341113 2.341113 0.2105501 0.2105501 0.2105501 0.2086807 0.2086807 0.8306158 0.8306158 2.068777 2.068777 2.068777 4.602095 4.602095 2.233486 2.233486 2.233486 1.307602 1.307602 0.05045167 0.05045167 1.843789 1.843789 1.843789 1.561722 1.561722
-9999 -9999 -9999 -9999 -9999 -9999 -9999 -9999 -9999 -9999 -9999 -9999 -9999 -9999 -9999 -9999 -9999 -9999 -9999 -9999 -9999 -9999 -9999 -9999 -9999 0.03497177 0.0553801 0.0553801 0.0553801 0.1961206 0.1961206 0.04008892 0.04008892 0.04008892 0.0008479453 0.0008479453 0.09137318 0.09137318 0.09137318 1.828319 1.828319 1.509941 1.509941 2.01192 2.01192 2.01192 2.598328 2.598328 0.3658307 0.3658307 0.3658307 0.167901 0.167901 0.4569449 0.4569449 1.273755 1.273755 1.273755 3.515671 3.515671 2.201822 2.201822 2.201822 1.468229 1.468229 0.1260184 0.1260184 2.972805 2.972805 2.972805 3.16991 3.16991
-9999 -9999 -9999 -9999 -9999 -9999 -9999 -9999 -9999 -9999 -9999 -9999 -9999 -9999 -9999 -9999 -9999 -9999 -9999 -9999 -9999 -9999 -9999 -9999 -9999 -9999 0.5905753 0.5905753 0.5905753 1.371564 1.371564 0.4671314 0.4671314 0.4671314 0.01831404 0.01831404 0.1893344 0.1893344 0.1893344 3.278455 3.278455 1.896132 1.896132 2.360836 2.360836 2.360836 1.974307 1.974307 1.91431 1.91431 1.91431 0.8345128 0.8345128 1.381239 1.381239 0.3179477 0.3179477 0.3179477 1.046363 1.046363 2.447456 2.447456 2.447456 1.822708 1.822708 0.6397616 0.6397616 4.036006 4.036006 4.036006 5.57925 5.57925
-9999 -9999 -9999 -9999 -9999 -9999 -9999 -9999 -9999 -9999 -9999 -9999 -9999 -9999 -9999 -9999 -9999 -9999 -9999 -9999 -9999 -9999 -9999 -9999 -9999 -9999 2.09671 2.09671 2.09671 2.612181 2.612181 1.256773 1.256773 1.256773 0.06944474 0.06944474 0.3252611 0.3252611 0.3252611 3.106109 3.106109 2.930712 2.930712 1.838332 1.838332 1.838332 1.208904 1.208904 2.937305 2.937305 2.937305 1.552239 1.552239 2.514654 2.514654 0.2483083 0.2483083 0.2483083 0.3040681 0.3040681 2.614801 2.614801 2.614801 1.484779 1.484779 1.704182 1.704182 3.934656 3.934656 3.934656 4.885626 4.885626
-9999 -9999 -9999 -9999 -9999 -9999 -9999 -9999 -9999 -9999 -9999 -9999 -9999 -9999 -9999 -9999 -9999 -9999 -9999 -9999 -9999 -9999 -9999 -9999 -9999 -9999 4.398263 4.398263 4.398263 3.467618 3.467618 2.124348 2.124348 2.124348 0.1827445 0.1827445 0.8672094 0.8672094 0.8672094 3.050818 3.050818 3.714333 3.714333 1.132401 1.132401 1.132401 0.6270689 0.6270689 2.517487 2.517487 2.517487 1.830892 1.830892 3.092899 3.092899 0.3387036 0.3387036 0.3387036 0.1621581 0.1621581 2.752155 2.752155 2.752155 1.123399 1.123399 3.043548 3.043548 4.799433 4.799433 4.799433 3.345615 3.345615
-9999 -9999 -9999 -9999 -9999 -9999 -9999 -9999 -9999 -9999 -9999 -9999 -9999 -9999 -9999 -9999 -9999 -9999 -9999 -9999 -9999 -9999 -9999 -9999 -9999 -9999 6.738766 6.738766 6.738766 4.153169 4.153169 3.424682 3.424682 3.424682 0.5789074 0.5789074 1.716674 1.716674 1.716674 3.144619 3.144619 3.247274 3.247274 1.006792 1.006792 1.006792 0.6812205 0.6812205 0.889659 0.889659 0.889659 1.78269 1.78269 2.41421 2.41421 0.9146858 0.9146858 0.9146858 0.3894995 0.3894995 1.345585 1.345585 1.345585 0.7112404 0.7112404 4.166681 4.166681 6.797236 6.797236 6.797236 1.746519 1.746519
-9999 -9999 -9999 -9999 -9999 -9999 -9999 -9999 -9999 -9999 -9999 -9999 -9999 -9999 -9999 -9999 -9999 -9999 -9999 -9999 -9999 -9999 -9999 -9999 -9999 -9999 6.753651 6.753651 6.753651 3.989262 3.989262 4.01454 4.01454 4.01454 0.9001408 0.9001408 1.483677 1.483677 1.483677 2.711147 2.711147 1.91799 1.91799 1.164381 1.164381 1.164381 1.408017 1.408017 0.6459429 0.6459429 0.6459429 2.066827 2.066827 1.46546 1.46546 1.190542 1.190542 1.190542 0.5297063 0.5297063 0.3828052 0.3828052 0.3828052 0.9371168 0.9371168 5.096432 5.096432 7.483509 7.483509 7.483509 2.115348 2.115348
-9999 -9999 -9999 -9999 -9999 -9999 -9999 -9999 -9999 -9999 -9999 -9999 -9999 -9999 -9999 -9999 -9999 -9999 -9999 -9999 -9999 -9999 -9999 -9999 -9999 -9999 5.1224 5.1224 5.1224 2.65306 2.65306 2.034434 2.034434 2.034434 1.395165 1.395165 0.9510719 0.9510719 0.9510719 1.441529 1.441529 0.3894736 0.3894736 0.5340493 0.5340493 0.5340493 2.07279 2.07279 1.547396 1.547396 1.547396 2.793552 2.793552 1.618165 1.618165 0.6821968 0.6821968 0.6821968 0.2648271 0.2648271 0.0878913 0.0878913 0.0878913 1.674066 1.674066 6.093871 6.093871 7.23857 7.23857 7.23857 4.244995 4.244995
-9999 -9999 -9999 -9999 -9999 -9999 -9999 -9999 -9999 -9999 -9999 -9999 -9999 -9999 -9999 -9999 -9999 -9999 -9999 -9999 -9999 -9999 -9999 -9999 -9999 -9999 -9999 4.201781 4.201781 2.62168 2.62168 0.9013428 0.9013428 0.9013428 1.565284 1.565284 0.5165308 0.5165308 0.5165308 0.603423 0.603423 0.07463189 0.07463189 0.1441858 0.1441858 0.1441858 1.748033 1.748033 2.546427 2.546427 2.546427 3.048522 3.048522 2.291227 2.291227 0.4800301 0.4800301 0.4800301 0.1411995 0.1411995 0.3084227 0.3084227 0.3084227 2.03545 2.03545 5.90605 5.90605 6.892592 6.892592 6.892592 4.424955 4.424955
-9999 -9999 -9999 -9999 -9999 -9999 -9999 -9999 -9999 -9999 -9999 -9999 -9999 -9999 -9999 -9999 -9999 -9999 -9999 -9999 -9999 -9999 -9999 -9999 -9999 -9999 -9999 3.574506 3.574506 3.689808 3.689808 1.010037 1.010037 1.010037 1.168927 1.168927 0.1646534 0.1646534 0.1646534 0.1513622 0.1513622 0.008418522 0.008418522 0.02194241 0.02194241 0.02194241 1.399109 1.399109 3.611948 3.611948 3.611948 2.247196 2.247196 2.596908 2.596908 0.8144165 0.8144165 0.8144165 0.2905124 0.2905124 0.9378399 0.9378399 0.9378399 2.832672 2.832672 5.239192 5.239192 6.462142 6.462142 6.462142 2.732416 2.732416
-9999 -9999 -9999 -9999 -9999 -9999 -9999 -9999 -9999 -9999 -9999 -9999 -9999 -9999 -9999 -9999 -9999 -9999 -9999 -9999 -9999 -9999 -9999 -9999 -9999 -9999 -9999 2.954571 2.954571 6.057302 6.057302 2.627602 2.627602 2.627602 1.166526 1.166526 0.02931024 0.02931024 0.02931024 0.006052489 0.006052489 0.0001084569 0.0001084569 0.00201046 0.00201046 0.00201046 1.194414 1.194414 4.693559 4.693559 4.693559 1.781898 1.781898 3.230685 3.230685 2.324812 2.324812 2.324812 0.7831104 0.7831104 2.464433 2.464433 2.464433 4.293476 4.293476 4.620454 4.620454 5.255758 5.255758 5.255758 0.4953641 0.4953641
-9999 -9999 -9999 -9999 -9999 -9999 -9999 -9999 -9999 -9999 -9999 -9999 -9999 -9999 -9999 -9999 -9999 -9999 -9999 -9999 -9999 -9999 -9999 -9999 -9999 -9999 -9999 3.309772 3.309772 6.210282 6.210282 3.856199 3.856199 3.856199 1.536977 1.536977 0.03016092 0.03016092 0.03016092 0.0003115069 0.0003115069 5.641965e-006 5.641965e-006 0.003796197 0.003796197 0.003796197 0.9269121 0.9269121 3.820843 3.820843 3.820843 2.08239 2.08239 3.012778 3.012778 4.062313 4.062313 4.062313 1.540407 1.540407 3.831232 3.831232 3.831232 5.355618 5.355618 5.269233 5.269233 4.725593 4.725593 4.725593 0.1537569 0.1537569
-9999 -9999 -9999 -9999 -9999 -9999 -9999 -9999 -9999 -9999 -9999 -9999 -9999 -9999 -9999 -9999 -9999 -9999 -9999 -9999 -9999 -9999 -9999 -9999 -9999 -9999 4.12086 4.12086 4.12086 4.695024 4.695024 4.222582 4.222582 4.222582 0.8044615 0.8044615 0.01455188 0.01455188 0.01455188 2.023989e-006 2.023989e-006 0.000142726 0.000142726 0.07318477 0.07318477 0.07318477 0.6125124 0.6125124 1.195177 1.195177 1.195177 1.016138 1.016138 2.052738 2.052738 7.026354 7.026354 7.026354 4.870188 4.870188 6.497408 6.497408 6.497408 6.149978 6.149978 6.25209 6.25209 5.795882 5.795882 5.795882 0.3011432 0.3011432
-9999 -9999 -9999 -9999 -9999 -9999 -9999 -9999 -9999 -9999 -9999 -9999 -9999 -9999 -9999 -9999 -9999 -9999 -9999 -9999 -9999 -9999 -9999 -9999 -9999 2.685828 3.469955 3.469955 3.469955 3.494013 3.494013 2.891922 2.891922 2.891922 0.2582856 0.2582856 0.007448772 0.007448772 0.007448772 2.794118e-006 2.794118e-006 0.000982513 0.000982513 0.3435808 0.3435808 0.3435808 1.264388 1.264388 0.3190362 0.3190362 0.3190362 0.6847107 0.6847107 1.500742 1.500742 7.072576 7.072576 7.072576 7.116888 7.116888 6.768035 6.768035 6.768035 5.124397 5.124397 6.763594 6.763594 7.076155 7.076155 7.076155 0.9658163 0.9658163
-9999 -9999 -9999 -9999 -9999 -9999 -9999 -9999 -9999 -9999 -9999 -9999 -9999 -9999 -9999 -9999 -9999 -9999 -9999 -9999 -9999 -9999 -9999 -9999 -9999 2.850061 3.370218 3.370218 3.370218 2.868964 2.868964 1.391809 1.391809 1.391809 0.1820401 0.1820401 0.03174977 0.03174977 0.03174977 2.137179e-005 2.137179e-005 0.003747818 0.003747818 1.001031 1.001031 1.001031 2.537669 2.537669 0.1852596 0.1852596 0.1852596 1.804132 1.804132 1.219261 1.219261 5.696752 5.696752 5.696752 6.878222 6.878222 5.28081 5.28081 5.28081 3.843873 3.843873 6.948523 6.948523 8.168657 8.168657 8.168657 2.56644 2.56644
-9999 -9999 -9999 -9999 -9999 -9999 -9999 -9999 -9999 -9999 -9999 -9999 -9999 -9999 -9999 -9999 -9999 -9999 -9999 -9999 -9999 -9999 -9999 -9999 3.349468 3.349468 5.205835 5.205835 5.205835 3.040751 3.040751 0.3988394 0.3988394 0.3988394 0.9154478 0.9154478 0.205154 0.205154 0.205154 0.0001397852 0.0001397852 0.009702071 0.009702071 2.071072 2.071072 2.071072 3.117433 3.117433 0.3668306 0.3668306 0.3668306 5.223939 5.223939 2.644524 2.644524 5.223059 5.223059 5.223059 3.620374 3.620374 3.374325 3.374325 3.374325 3.085356 3.085356 4.789351 4.789351 7.680745 7.680745 7.680745 5.212878 5.212878
-9999 -9999 -9999 -9999 -9999 -9999 -9999 -9999 -9999 -9999 -9999 -9999 -9999 -9999 -9999 -9999 -9999 -9999 -9999 -9999 -9999 -9999 -9999 -9999 4.168005 4.168005 7.009498 7.009498 7.009498 3.975447 3.975447 0.3162913 0.3162913 0.3162913 1.341344 1.341344 0.301063 0.301063 0.301063 0.0002051044 0.0002051044 0.009987553 0.009987553 1.961567 1.961567 1.961567 2.085183 2.085183 0.431469 0.431469 0.431469 6.730195 6.730195 4.711315 4.711315 6.381791 6.381791 6.381791 3.627712 3.627712 2.921498 2.921498 2.921498 2.73445 2.73445 2.783949 2.783949 5.795827 5.795827 5.795827 5.808294 5.808294
-9999 -9999 -9999 -9999 -9999 -9999 -9999 -9999 -9999 -9999 -9999 -9999 -9999 -9999 -9999 -9999 -9999 -9999 -9999 -9999 -9999 -9999 -9999 -9999 5.165434 5.165434 7.571856 7.571856 7.571856 5.204798 5.204798 0.3277676 0.3277676 0.3277676 0.98107 0.98107 0.2202007 0.2202007 0.2202007 0.000153706 0.000153706 0.00799461 0.00799461 1.483113 1.483113 1.483113 1.096071 1.096071 0.4394326 0.4394326 0.4394326 7.204872 7.204872 6.501675 6.501675 7.578762 7.578762 7.578762 5.296864 5.296864 2.470582 2.470582 2.470582 2.943812 2.943812 1.983936 1.983936 4.155906 4.155906 4.155906 6.486963 6.486963
-9999 -9999 -9999 -9999 -9999 -9999 -9999 -9999 -9999 -9999 -9999 -9999 -9999 -9999 -9999 -9999 -9999 -9999 -9999 -9999 -9999 -9999 -9999 1.062278 4.358351 4.358351 5.287981 5.287981 5.287981 6.933731 6.933731 0.5937062 0.5937062 0.5937062 0.1683235 0.1683235 0.03801456 0.03801456 0.03801456 0.001179042 0.001179042 0.006628267 0.006628267 1.149882 1.149882 1.149882 0.647089 0.647089 0.4408318 0.4408318 0.4408318 6.473536 6.473536 7.636201 7.636201 8.057958 8.057958 8.057958 6.099622 6.099622 2.047593 2.047593 2.047593 2.86425 2.86425 1.748836 1.748836 3.434665 3.434665 3.434665 7.889793 7.889793
-9999 -9999 -9999 -9999 -9999 -9999 -9999 -9999 -9999 -9999 -9999 -9999 -9999 -9999 -9999 -9999 -9999 -9999 -9999 -9999 -9999 -9999 -9999 1.204827 3.48809 3.48809 3.832505 3.832505 3.832505 7.229063 7.229063 1.224293 1.224293 1.224293 0.0347599 0.0347599 0.01804432 0.01804432 0.01804432 0.02233796 0.02233796 0.009002965 0.009002965 0.7277398 0.7277398 0.7277398 0.4734607 0.4734607 0.634278 0.634278 0.634278 5.432139 5.432139 7.950919 7.950919 7.262556 7.262556 7.262556 5.376741 5.376741 2.219019 2.219019 2.219019 1.866873 1.866873 1.01407 1.01407 3.437642 3.437642 3.437642 7.807503 7.807503
-9999 -9999 -9999 -9999 -9999 -9999 -9999 -9999 -9999 -9999 -9999 -9999 -9999 -9999 -9999 -9999 -9999 -9999 -9999 -9999 -9999 -9999 -9999 1.886408 3.629147 3.629147 4.255189 4.255189 4.255189 7.104198 7.104198 3.528629 3.528629 3.528629 0.1044664 0.1044664 0.3052442 0.3052442 0.3052442 0.530811 0.530811 0.158631 0.158631 0.6702899 0.6702899 0.6702899 1.192171 1.192171 2.714828 2.714828 2.714828 4.37552 4.37552 7.484326 7.484326 5.296974 5.296974 5.296974 3.826783 3.826783 4.123685 4.123685 4.123685 2.287758 2.287758 0.218747 0.218747 3.276369 3.276369 3.276369 5.906374 5.906374
-9999 -9999 -9999 -9999 -9999 -9999 -9999 -9999 -9999 -9999 -9999 -9999 -9999 -9999 -9999 -9999 -9999 -9999 -9999 -9999 -9999 -9999 -9999 2.078997 3.632832 3.632832 5.593959 5.593959 5.593959 7.158138 7.158138 5.323898 5.323898 5.323898 0.294752 0.294752 1.068325 1.068325 1.068325 1.930953 1.930953 0.8034479 0.8034479 2.22815 2.22815 2.22815 3.427696 3.427696 5.576814 5.576814 5.576814 4.665352 4.665352 6.521128 6.521128 3.521502 3.521502 3.521502 2.626614 2.626614 5.932077 5.932077 5.932077 4.164546 4.164546 0.3340194 0.3340194 3.009363 3.009363 3.009363 4.993377 4.993377
-9999 -9999 -9999 -9999 -9999 -9999 -9999 -9999 -9999 -9999 -9999 -9999 -9999 -9999 -9999 -9999 -9999 -9999 -9999 -9999 -9999 -9999 -9999 1.386174 3.126384 3.126384 6.018935 6.018935 6.018935 6.265936 6.265936 6.237884 6.237884 6.237884 0.8753442 0.8753442 2.123609 2.123609 2.123609 3.853422 3.853422 2.494821 2.494821 5.104576 5.104576 5.104576 6.617411 6.617411 8.075871 8.075871 8.075871 5.963827 5.963827 6.037288 6.037288 2.28523 2.28523 2.28523 2.093018 2.093018 7.511498 7.511498 7.511498 6.094998 6.094998 1.107491 1.107491 3.287332 3.287332 3.287332 5.17855 5.17855
-9999 -9999 -9999 -9999 -9999 -9999 -9999 -9999 -9999 -9999 -9999 -9999 -9999 -9999 -9999 -9999 -9999 -9999 -9999 -9999 -9999 -9999 -9999 0.3078423 3.540109 3.540109 5.997772 5.997772 5.997772 4.938068 4.938068 7.03531 7.03531 7.03531 3.866476 3.866476 4.058107 4.058107 4.058107 4.440348 4.440348 5.742084 5.742084 8.68355 8.68355 8.68355 9.45383 9.45383 8.698627 8.698627 8.698627 7.724392 7.724392 7.369375 7.369375 2.719137 2.719137 2.719137 3.038847 3.038847 7.722509 7.722509 7.722509 7.928452 7.928452 3.428475 3.428475 5.499954 5.499954 5.499954 6.615705 6.615705
-9999 -9999 -9999 -9999 -9999 -9999 -9999 -9999 -9999 -9999 -9999 -9999 -9999 -9999 -9999 -9999 -9999 -9999 -9999 -9999 -9999 -9999 -9999 -9999 4.317077 4.317077 6.564951 6.564951 6.564951 5.981542 5.981542 8.258829 8.258829 8.258829 6.9038 6.9038 5.9855 5.9855 5.9855 3.431435 3.431435 6.619596 6.619596 9.421042 9.421042 9.421042 9.644293 9.644293 7.060777 7.060777 7.060777 6.771044 6.771044 8.01295 8.01295 4.085438 4.085438 4.085438 4.642588 4.642588 6.558417 6.558417 6.558417 7.670787 7.670787 5.029293 5.029293 6.154188 6.154188 6.154188 6.118627 6.118627
-9999 -9999 -9999 -9999 -9999 -9999 -9999 -9999 -9999 -9999 -9999 -9999 -9999 -9999 -9999 -9999 -9999 -9999 -9999 -9999 -9999 -9999 -9999 -9999 -9999 4.283487 8.501007 8.501007 8.501007 8.734202 8.734202 9.093657 9.093657 9.093657 8.819205 8.819205 6.063639 6.063639 6.063639 2.439847 2.439847 6.19541 6.19541 8.873015 8.873015 8.873015 9.423301 9.423301 5.221598 5.221598 5.221598 4.169455 4.169455 6.31876 6.31876 7.135066 7.135066 7.135066 7.811584 7.811584 6.183073 6.183073 6.183073 6.643747 6.643747 6.776743 6.776743 4.673629 4.673629 4.673629 3.463739 3.463739
-9999 -9999 -9999 -9999 -9999 -9999 -9999 -9999 -9999 -9999 -9999 -9999 -9999 -9999 -9999 -9999 -9999 -9999 -9999 -9999 -9999 -9999 -9999 -9999 -9999 3.239081 9.063274 9.063274 9.063274 9.509765 9.509765 8.956139 8.956139 8.956139 7.952947 7.952947 3.970108 3.970108 3.970108 2.24297 2.24297 4.416451 4.416451 7.803434 7.803434 7.803434 9.454265 9.454265 6.54865 6.54865 6.54865 4.781028 4.781028 4.81898 4.81898 8.679898 8.679898 8.679898 9.009133 9.009133 7.109426 7.109426 7.109426 6.584068 6.584068 6.447442 6.447442 3.118973 3.118973 3.118973 2.433539 -9999
-9999 -9999 -9999 -9999 -9999 -9999 -9999 -9999 -9999 -9999 -9999 -9999 -9999 -9999 -9999 -9999 -9999 -9999 -9999 -9999 -9999 -9999 -9999 -9999 -9999 -9999 8.219955 8.219955 8.219955 9.206423 9.206423 9.140676 9.140676 9.140676 6.534889 6.534889 1.978095 1.978095 1.978095 1.995592 1.995592 2.18659 2.18659 6.395181 6.395181 6.395181 9.099921 9.099921 8.387433 8.387433 8.387433 6.930371 6.930371 4.895331 4.895331 9.321802 9.321802 9.321802 8.709246 8.709246 7.47261 7.47261 7.47261 6.128382 6.128382 4.74365 4.74365 1.631886 1.631886 1.631886 -9999 -9999
-9999 -9999 -9999 -9999 -9999 -9999 -9999 -9999 -9999 -9999 -9999 -9999 -9999 -9999 -9999 -9999 -9999 -9999 -9999 -9999 -9999 -9999 -9999 -9999 -9999 -9999 5.589444 5.589444 5.589444 8.437889 8.437889 9.456658 9.456658 9.456658 4.952467 4.952467 1.760191 1.760191 1.760191 1.917287 1.917287 0.7295325 0.7295325 3.861312 3.861312 3.861312 7.787482 7.787482 9.138109 9.138109 9.138109 8.566832 8.566832 6.964723 6.964723 8.909196 8.909196 8.909196 6.336344 6.336344 6.475078 6.475078 6.475078 5.057239 5.057239 2.178039 2.178039 0.9800572 0.9800572 0.9800572 0.7670224 -9999
-9999 -9999 -9999 -9999 -9999 -9999 -9999 -9999 -9999 -9999 -9999 -9999 -9999 -9999 -9999 -9999 -9999 -9999 -9999 -9999 -9999 -9999 -9999 -9999 -9999 -9999 -9999 4.991496 4.991496 8.910572 8.910572 9.47284 9.47284 9.47284 4.795338 4.795338 3.769168 3.769168 3.769168 1.871642 1.871642 1.507433 1.507433 3.229033 3.229033 3.229033 6.980103 6.980103 8.117256 8.117256 8.117256 7.156323 7.156323 7.07825 7.07825 7.948524 7.948524 7.948524 4.98491 4.98491 6.48612 6.48612 6.48612 4.425726 4.425726 1.806643 1.806643 1.389058 1.389058 1.389058 1.414102 -9999
-9999 -9999 -9999 -9999 -9999 -9999 -9999 -9999 -9999 -9999 -9999 -9999 -9999 -9999 -9999 -9999 -9999 -9999 -9999 -9999 -9999 -9999 -9999 -9999 -9999 -9999 -9999 5.297506 5.297506 9.763286 9.763286 9.636238 9.636238 9.636238 6.767204 6.767204 7.192594 7.192594 7.192594 2.9929 2.9929 3.692662 3.692662 3.970644 3.970644 3.970644 5.017255 5.017255 5.363131 5.363131 5.363131 3.819694 3.819694 5.932254 5.932254 6.875022 6.875022 6.875022 5.460108 5.460108 7.67052 7.67052 7.67052 2.550323 2.550323 2.054963 2.054963 1.45163 1.45163 1.45163 2.686864 -9999
