current/bias.asc
ncols         720
nrows         360
xllcorner     -180
yllcorner     -90
cellsize      0.5
NODATA_value  -9999
[rows 32 to 63 of 360, columns 360 to 431 of 720]
-9999 -9999 -9999 -9999 -9999 -9999 -9999 -9999 -9999 -9999 -9999 -9999 -9999 -9999 -9999 -9999 -9999 -9999 -9999 -9999 -9999 -9999 -9999 -9999 -9999 -9999 -9999 -9999 -9999 -9999 -9999 -9999 -9999 -9999 -9999 -9999 -9999 -9999 -9999 -9999 -9999 -9999 -9999 -9999 -9999 -9999 -9999 -9999 -9999 -9999 -9999 -9999 -9999 -9999 -9999 -9999 -9999 -9999 -9999 -9999 -9999 -9999 -9999 -9999 -9999 -9999 -9999 -9999 -9999 -9999 -9999 -9999
-9999 -9999 -9999 -9999 -9999 -9999 -9999 -9999 -9999 -9999 -9999 -9999 -9999 -9999 -9999 -9999 -9999 -9999 -9999 -9999 -9999 -9999 -9999 -9999 -9999 -9999 -9999 -9999 -9999 -9999 -9999 -9999 -9999 -9999 -9999 -9999 -9999 -9999 -9999 -9999 -9999 -9999 -9999 -9999 -9999 -9999 -9999 -9999 -9999 -9999 -9999 -9999 -9999 -9999 -9999 -9999 -9999 -9999 -9999 -9999 -9999 -9999 -9999 -9999 -9999 -9999 -9999 -9999 -9999 -9999 -9999 -9999
-9999 -9999 -9999 -9999 -9999 -9999 -9999 -9999 -9999 -9999 -9999 -9999 -9999 -9999 -9999 -9999 -9999 -9999 -9999 -9999 -9999 -9999 -9999 -9999 -9999 -9999 -9999 -9999 -9999 -9999 -9999 -9999 -9999 -9999 -9999 -9999 -9999 -9999 -9999 -9999 -9999 -9999 -9999 -9999 -9999 -9999 -9999 -9999 -9999 -9999 -9999 -9999 -9999 -9999 -9999 -9999 -9999 -9999 -9999 -9999 -9999 -9999 -9999 -9999 -9999 -9999 -9999 -9999 -9999 -9999 -9999 -9999
-9999 -9999 -9999 -9999 -9999 -9999 -9999 -9999 -9999 -9999 -9999 -9999 -9999 -9999 -9999 -9999 -9999 -9999 -9999 -9999 -9999 -9999 -9999 -9999 -9999 -9999 -9999 -9999 -9999 -9999 -9999 -9999 -9999 -9999 -9999 -9999 -9999 -9999 -9999 -9999 -9999 -9999 -9999 -9999 -9999 -9999 -9999 -9999 -9999 -9999 -9999 -9999 -9999 -9999 -9999 -9999 -9999 -9999 -9999 -9999 -9999 -9999 -9999 -9999 -9999 -9999 -9999 -9999 -9999 -9999 -9999 -9999
-9999 -9999 -9999 -9999 -9999 -9999 -9999 -9999 -9999 -9999 -9999 -9999 -9999 -9999 -9999 -9999 -9999 -9999 -9999 -9999 -9999 -9999 -9999 -9999 -9999 -9999 -9999 -9999 -9999 -9999 -9999 -9999 -9999 -9999 -9999 -9999 -9999 -9999 -9999 -9999 -9999 -9999 -9999 -9999 -9999 -9999 -9999 -9999 -9999 -9999 -9999 -9999 -9999 -9999 -9999 -9999 -9999 -9999 -9999 -9999 -9999 -9999 -9999 -9999 -9999 -9999 -9999 -9999 -9999 -9999 -9999 -9999
-9999 -9999 -9999 -9999 -9999 -9999 -9999 -9999 -9999 -9999 -9999 -9999 -9999 -9999 -9999 -9999 -9999 -9999 -9999 -9999 -9999 -9999 -9999 -9999 -9999 -9999 -9999 -9999 -9999 -9999 -9999 -9999 -9999 -9999 -9999 -9999 -9999 -9999 -9999 -9999 -9999 -9999 -9999 -9999 -9999 -9999 -9999 -9999 -9999 -9999 7.154176 6.824179 6.824179 -9999 5.9129 5.818879 5.818879 -9999 -9999 -9999 -9999 -9999 -9999 -9999 -9999 -9999 -9999 -9999 -9999 -9999 -9999 -9999
-9999 -9999 -9999 -9999 -9999 -9999 -9999 -9999 -9999 -9999 -9999 -9999 -9999 -9999 -9999 -9999 -9999 -9999 -9999 -9999 -9999 -9999 -9999 -9999 -9999 -9999 -9999 -9999 -9999 -9999 -9999 -9999 -9999 -9999 -9999 -9999 -9999 -9999 -9999 -9999 -9999 -9999 -9999 -9999 6.374888 6.374888 7.867753 7.867753 9.244469 9.244469 9.244469 9.021424 9.021424 8.394859 8.394859 8.185854 8.185854 8.185854 6.607543 6.607543 5.27431 5.27431 -9999 -9999 -9999 -9999 -9999 -9999 -9999 -9999 -9999 -9999
-9999 -9999 -9999 -9999 -9999 -9999 -9999 -9999 -9999 -9999 -9999 -9999 -9999 -9999 -9999 -9999 -9999 -9999 -9999 -9999 -9999 -9999 -9999 -9999 -9999 -9999 -9999 -9999 -9999 -9999 -9999 -9999 -9999 -9999 -9999 -9999 -9999 7.148396 7.148396 7.47836 7.47836 7.862749 7.862749 9.45656 9.45656 9.45656 9.760081 9.760081 9.966526 9.966526 9.966526 9.933768 9.933768 9.766708 9.766708 8.735074 8.735074 8.735074 9.447896 9.447896 7.547636 7.547636 7.547636 -9999 -9999 -9999 -9999 -9999 -9999 -9999 -9999 -9999
-9999 -9999 -9999 -9999 -9999 -9999 -9999 -9999 -9999 -9999 -9999 -9999 -9999 -9999 -9999 -9999 -9999 -9999 -9999 -9999 -9999 -9999 -9999 -9999 -9999 -9999 -9999 -9999 -9999 -9999 -9999 -9999 -9999 -9999 -9999 6.541068 9.172804 9.172804 9.172804 9.380701 9.380701 9.485725 9.485725 9.920557 9.920557 9.920557 9.972919 9.972919 9.981487 9.981487 9.981487 9.992422 9.992422 9.87512 9.87512 8.358275 8.358275 8.358275 9.363391 9.363391 6.500112 6.500112 6.500112 0.6599932 0.6599932 1.101453 1.101453 -9999 -9999 -9999 -9999 -9999
-9999 -9999 -9999 -9999 -9999 -9999 -9999 -9999 -9999 -9999 -9999 -9999 -9999 -9999 -9999 -9999 -9999 -9999 -9999 -9999 -9999 -9999 -9999 -9999 -9999 -9999 -9999 -9999 -9999 -9999 -9999 6.414967 6.414967 6.414967 8.753999 8.753999 9.853997 9.853997 9.853997 9.919573 9.919573 9.933887 9.933887 9.993037 9.993037 9.993037 9.992433 9.992433 9.84651 9.84651 9.84651 9.978445 9.978445 9.920016 9.920016 8.680327 8.680327 8.680327 7.887665 7.887665 4.24045 4.24045 4.24045 0.3225153 0.3225153 2.260542 2.260542 0.7781885 0.7781885 0.7781885 0.2401049 0.2401049
-9999 -9999 -9999 -9999 -9999 -9999 -9999 -9999 -9999 -9999 -9999 -9999 -9999 -9999 -9999 -9999 -9999 -9999 -9999 -9999 -9999 -9999 -9999 -9999 -9999 -9999 -9999 -9999 4.484722 8.374991 8.374991 9.501403 9.501403 9.501403 9.885707 9.885707 9.995723 9.995723 9.995723 9.998933 9.998933 9.999128 9.999128 9.999928 9.999928 9.999928 9.949347 9.949347 8.698772 8.698772 8.698772 9.649132 9.649132 9.961095 9.961095 9.04568 9.04568 9.04568 4.103155 4.103155 1.515465 1.515465 1.515465 0.4135449 0.4135449 2.479586 2.479586 1.372602 1.372602 1.372602 0.4952001 0.4952001
-9999 -9999 -9999 -9999 -9999 -9999 -9999 -9999 -9999 -9999 -9999 -9999 -9999 -9999 -9999 -9999 -9999 -9999 -9999 -9999 -9999 -9999 -9999 -9999 -9999 -9999 6.729748 6.729748 6.729748 9.565627 9.565627 9.937948 9.937948 9.937948 9.98795 9.98795 9.999789 9.999789 9.999789 9.999974 9.999974 9.999979 9.999979 9.999986 9.999986 9.999986 9.896354 9.896354 7.286598 7.286598 7.286598 8.799754 8.799754 9.88835 9.88835 8.305943 8.305943 8.305943 3.160395 3.160395 1.695782 1.695782 1.695782 1.316102 1.316102 1.621666 1.621666 1.096386 1.096386 1.096386 0.3973044 0.3973044
-9999 -9999 -9999 -9999 -9999 -9999 -9999 -9999 -9999 -9999 -9999 -9999 -9999 -9999 -9999 -9999 -9999 -9999 -9999 -9999 -9999 -9999 -9999 -9999 -9999 7.121738 8.069627 -9999 -9999 9.92699 9.92699 9.999164 9.999164 9.999164 9.999868 9.999868 9.999999 9.999999 9.999999 10 10 10 10 9.99998 9.99998 9.99998 9.850644 9.850644 5.970077 5.970077 5.970077 7.060598 7.060598 9.467145 9.467145 6.631614 6.631614 6.631614 4.052882 4.052882 3.975087 3.975087 3.975087 3.653767 3.653767 1.754866 1.754866 1.881635 1.881635 1.881635 0.7773084 0.7773084
-9999 -9999 -9999 -9999 -9999 -9999 -9999 -9999 -9999 -9999 -9999 -9999 -9999 -9999 -9999 -9999 -9999 -9999 -9999 -9999 -9999 -9999 -9999 -9999 -9999 -9999 -9999 -9999 8.856709 9.96511 9.96511 9.999974 9.999974 9.999974 9.999997 9.999997 10 10 10 10 10 10 10 9.999896 9.999896 9.999896 9.851537 9.851537 6.024335 6.024335 6.024335 6.966254 6.966254 8.599783 8.599783 6.559831 6.559831 6.559831 4.679667 4.679667 4.932024 4.932024 4.932024 4.585294 4.585294 3.015323 3.015323 3.481797 3.481797 3.481797 1.96862 1.96862
-9999 -9999 -9999 -9999 -9999 -9999 -9999 -9999 -9999 -9999 -9999 -9999 -9999 -9999 -9999 -9999 -9999 -9999 -9999 -9999 -9999 -9999 -9999 -9999 -9999 -9999 9.593142 9.593142 9.593142 9.989474 9.989474 9.999998 9.999998 9.999998 10 10 10 10 10 10 10 9.999984 9.999984 9.998081 9.998081 9.998081 9.862081 9.862081 6.833101 6.833101 6.833101 7.788751 7.788751 6.937425 6.937425 7.127408 7.127408 7.127408 5.989983 5.989983 5.308967 5.308967 5.308967 4.860571 4.860571 4.037793 4.037793 4.631554 4.631554 4.631554 3.53014 3.53014
-9999 -9999 -9999 -9999 -9999 -9999 -9999 -9999 -9999 -9999 -9999 -9999 -9999 -9999 -9999 -9999 -9999 -9999 -9999 -9999 -9999 -9999 -9999 -9999 9.569133 9.569133 9.968611 9.968611 9.968611 9.999503 9.999503 10 10 10 10 10 10 10 10 10 10 9.998601 9.998601 9.934098 9.934098 9.934098 9.483979 9.483979 8.832482 8.832482 8.832482 8.86558 8.86558 4.555262 4.555262 7.437828 7.437828 7.437828 8.572638 8.572638 5.535702 5.535702 5.535702 4.880829 4.880829 3.550714 3.550714 4.962009 4.962009 4.962009 4.347689 4.347689
-9999 -9999 -9999 -9999 -9999 -9999 -9999 -9999 -9999 -9999 -9999 -9999 -9999 -9999 -9999 -9999 -9999 -9999 -9999 -9999 -9999 -9999 -9999 7.147155 9.893126 9.893126 9.997038 9.997038 9.997038 9.999972 9.999972 10 10 10 10 10 10 10 10 9.999997 9.999997 9.988045 9.988045 9.631517 9.631517 9.631517 8.119202 8.119202 9.511884 9.511884 9.511884 9.232224 9.232224 4.855824 4.855824 7.444947 7.444947 7.444947 9.301896 9.301896 5.57288 5.57288 5.57288 4.864048 4.864048 2.942333 2.942333 4.918987 4.918987 4.918987 -9999 -9999
-9999 -9999 -9999 -9999 -9999 -9999 -9999 -9999 -9999 -9999 -9999 -9999 -9999 -9999 -9999 -9999 -9999 -9999 -9999 -9999 -9999 -9999 -9999 9.222924 9.993169 9.993169 9.999969 9.999969 9.999969 10 10 10 10 10 10 10 9.999992 9.999992 9.999992 9.99993 9.99993 9.899493 9.899493 7.892302 -9999 -9999 -9999 -9999 -9999 9.438495 9.438495 9.715545 9.715545 6.743184 6.743184 6.396051 6.396051 6.396051 8.693479 8.693479 5.567954 5.567954 5.567954 4.857371 4.857371 2.722384 2.722384 5.180878 5.180878 5.180878 -9999 5.181796
-9999 -9999 -9999 -9999 -9999 -9999 -9999 -9999 -9999 -9999 -9999 -9999 -9999 -9999 -9999 -9999 -9999 -9999 -9999 -9999 -9999 4.978852 9.712957 9.712957 9.999269 9.999269 9.999999 9.999999 9.999999 10 10 10 10 10 9.999999 9.999999 9.999686 9.999686 9.999686 9.998568 9.998568 9.741277 9.741277 -9999 -9999 -9999 -9999 -9999 9.261004 9.261004 9.261004 9.841592 9.841592 6.894454 6.894454 5.674511 5.674511 5.674511 8.252325 8.252325 5.577582 5.577582 5.577582 4.858451 4.858451 2.762295 2.762295 5.850743 5.850743 5.850743 -9999 -9999
-9999 -9999 -9999 -9999 -9999 -9999 -9999 -9999 -9999 -9999 -9999 -9999 -9999 -9999 -9999 -9999 -9999 -9999 -9999 -9999 7.361512 7.361512 9.894768 9.894768 9.999934 9.999934 10 10 10 10 10 10 10 10 9.999972 9.999972 9.993464 9.993464 9.993464 9.97427 9.97427 9.441985 9.441985 -9999 -9999 -9999 4.39872 4.39872 8.750431 8.750431 8.750431 9.681646 9.681646 6.985791 6.985791 5.566428 5.566428 5.566428 8.650157 8.650157 5.725838 5.725838 5.725838 4.872446 4.872446 2.819098 2.819098 6.483784 6.483784 6.483784 6.164699 6.164699
-9999 -9999 -9999 -9999 -9999 -9999 -9999 -9999 -9999 -9999 -9999 -9999 -9999 -9999 -9999 -9999 8.365866 8.468822 8.468822 9.631984 9.631984 9.631984 9.987263 9.987263 9.999997 9.999997 10 10 10 10 10 10 10 10 9.998532 9.998532 9.813989 9.813989 9.813989 9.346851 9.346851 8.837495 -9999 -9999 -9999 4.39362 5.405024 5.405024 7.269847 7.269847 7.269847 8.416705 8.416705 7.798839 7.798839 5.959066 5.959066 5.959066 9.453377 9.453377 6.905271 6.905271 6.905271 5.063334 5.063334 3.081059 3.081059 5.981295 5.981295 5.981295 5.727946 5.727946
-9999 -9999 -9999 -9999 -9999 -9999 -9999 -9999 -9999 -9999 -9999 -9999 -9999 -9999 9.409069 9.409069 9.409069 9.642805 9.642805 9.953957 9.953957 9.953957 9.998487 9.998487 10 10 10 10 10 10 10 9.99999 9.99999 9.99999 9.987192 9.987192 9.158593 9.158593 9.158593 7.423806 -9999 -9999 8.217585 6.065934 6.065934 6.065934 5.685623 5.685623 6.982133 6.982133 6.982133 7.263372 7.263372 7.936131 7.936131 6.354136 6.354136 6.354136 9.343509 9.343509 8.288278 8.288278 8.288278 5.492682 5.492682 4.026291 4.026291 5.555613 5.555613 5.555613 5.046647 5.046647
-9999 -9999 -9999 -9999 -9999 -9999 -9999 -9999 -9999 -9999 -9999 -9999 8.091014 8.091014 9.886282 9.886282 9.886282 9.986805 9.986805 9.999362 9.999362 9.999362 9.999982 9.999982 10 10 10 10 10 10 10 9.999562 9.999562 9.999562 9.828653 9.828653 6.538174 -9999 -9999 -9999 -9999 -9999 6.544987 8.825019 8.825019 8.825019 6.181385 6.181385 7.064714 7.064714 7.064714 7.177475 7.177475 8.274496 8.274496 7.182844 7.182844 7.182844 8.318272 8.318272 9.119687 9.119687 9.119687 6.249846 6.249846 6.672988 6.672988 5.777256 5.777256 5.777256 4.128932 4.128932
-9999 -9999 -9999 -9999 -9999 -9999 -9999 -9999 -9999 -9999 8.956463 8.956463 9.538236 9.538236 9.974462 9.974462 9.974462 9.999348 9.999348 9.999982 9.999982 9.999982 9.999999 9.999999 10 10 10 10 10 10 10 9.99716 9.99716 9.99716 9.381132 9.381132 -9999 -9999 -9999 -9999 -9999 -9999 5.817852 9.655247 9.655247 9.655247 7.010659 7.010659 6.87926 6.87926 6.87926 7.847499 7.847499 8.492675 8.492675 7.683623 7.683623 7.683623 7.674026 7.674026 8.158073 8.158073 8.158073 6.017581 6.017581 7.742454 7.742454 5.967579 5.967579 5.967579 3.885621 3.885621
-9999 -9999 -9999 -9999 -9999 -9999 -9999 -9999 -9999 3.36603 9.558867 9.558867 9.940853 9.940853 9.996789 9.996789 9.996789 9.999983 9.999983 10 10 10 10 10 10 10 10 10 10 9.999999 9.999999 9.990039 9.990039 9.990039 8.512032 -9999 -9999 -9999 -9999 -9999 -9999 -9999 5.566683 9.721653 9.721653 9.721653 8.326598 8.326598 7.524126 7.524126 7.524126 8.526929 8.526929 8.766679 8.766679 8.248399 8.248399 8.248399 7.232604 7.232604 6.458929 6.458929 6.458929 4.852251 4.852251 7.816936 7.816936 5.772838 5.772838 5.772838 3.868643 3.868643
-9999 -9999 -9999 -9999 -9999 -9999 -9999 -9999 -9999 4.922899 9.72018 9.72018 9.999156 9.999156 9.999959 9.999959 9.999959 10 10 10 10 10 10 10 10 10 10 10 10 9.999999 9.999999 9.981056 9.981056 9.981056 7.818108 -9999 -9999 -9999 -9999 -9999 -9999 -9999 5.468875 8.535157 8.535157 8.535157 9.32136 9.32136 9.276 9.276 9.276 9.509727 9.509727 9.514085 9.514085 9.295984 9.295984 9.295984 6.120077 6.120077 4.90613 -9999 -9999 2.835838 2.835838 7.743644 7.743644 5.712088 5.712088 5.712088 4.144031 4.144031
-9999 -9999 -9999 -9999 -9999 -9999 -9999 -9999 -9999 5.012749 9.671481 9.671481 9.999768 9.999768 9.999999 9.999999 9.999999 9.999998 9.999998 9.999991 9.999991 9.999991 9.999998 9.999998 10 10 10 10 10 9.999999 9.999999 9.987603 9.987603 9.987603 8.636473 8.636473 4.256561 -9999 -9999 -9999 -9999 -9999 6.10541 7.476129 7.476129 7.476129 9.113519 9.113519 9.833166 9.833166 9.833166 9.871031 9.871031 9.622588 9.622588 9.332472 9.332472 9.332472 5.680151 5.680151 5.557511 5.557511 -9999 -9999 -9999 7.603218 7.603218 5.695768 5.695768 5.695768 4.167442 4.167442
-9999 -9999 -9999 -9999 -9999 -9999 -9999 -9999 -9999 -9999 9.328547 9.328547 9.998882 9.998882 9.999999 9.999999 9.999999 9.999581 9.999581 9.997735 9.997735 9.997735 9.999538 9.999538 9.999999 9.999999 10 10 10 10 10 9.99819 9.99819 9.99819 9.787685 9.787685 8.296031 8.296031 -9999 7.23451 7.23451 -9999 -9999 7.800093 7.800093 7.800093 9.174244 9.174244 9.992702 9.992702 9.992702 9.966795 9.966795 8.371955 -9999 -9999 -9999 6.863466 5.250186 5.250186 7.508832 7.508832 7.508832 4.953863 4.953863 5.022588 5.022588 3.66914 3.66914 3.66914 2.72644 2.72644
-9999 -9999 -9999 -9999 -9999 -9999 -9999 -9999 -9999 -9999 9.067002 9.067002 9.997359 9.997359 9.999975 9.999975 9.999975 9.992764 9.992764 9.960799 9.960799 9.960799 9.992016 9.992016 9.999986 9.999986 10 10 10 10 10 9.999504 9.999504 9.999504 9.94933 9.94933 9.442198 9.442198 -9999 -9999 -9999 -9999 -9999 -9999 -9999 8.408998 9.588035 9.588035 -9999 9.998941 -9999 9.959607 9.959607 7.685397 -9999 -9999 4.794941 4.794941 3.976855 3.976855 6.819279 6.819279 6.819279 5.058385 5.058385 2.350587 2.350587 1.647269 1.647269 1.647269 1.410864 1.410864
-9999 -9999 -9999 -9999 -9999 -9999 -9999 -9999 -9999 -9999 8.780137 8.780137 9.983208 9.983208 9.99939 9.99939 9.99939 9.937583 9.937583 9.661879 9.661879 9.661879 9.931132 9.931132 9.99988 9.99988 10 10 10 9.999999 9.999999 9.996608 9.996608 9.996608 9.799741 9.799741 9.148899 9.148899 -9999 -9999 -9999 -9999 -9999 -9999 -9999 8.554058 9.874451 9.874451 9.997933 9.997933 9.997933 9.971445 9.971445 8.305854 8.305854 4.125998 4.125998 4.125998 2.261073 2.261073 4.746379 4.746379 4.746379 4.047458 4.047458 0.6874146 0.6874146 0.4548991 0.4548991 0.4548991 1.045894 1.045894
-9999 -9999 -9999 -9999 -9999 -9999 -9999 -9999 -9999 -9999 -9999 6.939172 9.658571 9.658571 9.960265 9.960265 9.960265 9.57071 9.57071 7.678984 -9999 -9999 9.527264 9.527264 9.999174 9.999174 10 10 10 9.999983 9.999983 9.949525 9.949525 9.949525 8.325048 8.325048 -9999 -9999 -9999 -9999 -9999 -9999 -9999 -9999 9.138679 9.138679 9.772532 9.772532 9.954931 9.954931 9.954931 9.97781 9.97781 9.530389 9.530389 3.743117 3.743117 3.743117 0.8257794 0.8257794 3.077146 3.077146 3.077146 2.250618 2.250618 0.3193051 0.3193051 0.3234339 0.3234339 0.3234339 1.448907 1.448907
-9999 -9999 -9999 -9999 -9999 -9999 -9999 -9999 -9999 -9999 -9999 4.575697 8.576853 8.576853 9.688489 9.688489 9.688489 9.344789 -9999 -9999 -9999 -9999 9.284986 9.284986 9.998751 9.998751 10 10 10 9.999938 9.999938 9.846674 9.846674 9.846674 -9999 -9999 -9999 -9999 -9999 -9999 -9999 -9999 -9999 9.645279 9.645279 9.645279 9.231424 9.231424 9.842235 9.842235 9.842235 9.857986 9.857986 9.651222 9.651222 3.910143 3.910143 3.910143 0.4392458 0.4392458 2.21881 2.21881 2.21881 1.411364 1.411364 0.9325625 0.9325625 0.9926342 0.9926342 0.9926342 0.9898124 0.9898124
