current/bias.asc
ncols         720
nrows         360
xllcorner     -180
yllcorner     -90
cellsize      0.5
NODATA_value  -9999
[rows 64 to 95 of 360, columns 504 to 575 of 720]
1.322932e-006 1.322932e-006 1.322932e-006 1.931857e-008 1.931857e-008 9.747018e-011 9.747018e-011 9.747018e-011 5.040613e-007 5.040613e-007 1.374089e-005 1.374089e-005 1.374089e-005 1.198732e-006 1.198732e-006 4.849016e-008 4.849016e-008 8.956465e-006 8.956465e-006 8.956465e-006 3.156673e-005 3.156673e-005 0.03342179 0.03342179 0.03342179 0.3402109 0.3402109 0.01644193 0.01644193 0.00466065 0.00466065 0.00466065 0.02596916 0.02596916 0.0004395118 0.0004395118 0.0004395118 0.0008109286 0.0008109286 0.04360075 0.04360075 0.04935114 0.04935114 0.04935114 0.00136776 0.00136776 0.027076 0.027076 0.027076 0.9249566 0.9249566 0.2427808 0.2427808 0.0002655502 0.0002655502 0.0002655502 0.02796215 0.02796215 0.3473534 0.3473534 0.3473534 0.0191956 0.0191956 0.001763823 0.001763823 0.2182533 0.2182533 0.2182533 0.0820348 0.0820348 0.0001063672 0.0001063672
5.494069e-005 5.494069e-005 5.494069e-005 1.745208e-006 1.745208e-006 6.203245e-009 6.203245e-009 6.203245e-009 2.096995e-005 2.096995e-005 0.0005488837 0.0005488837 0.0005488837 4.917909e-005 4.917909e-005 1.926763e-006 1.926763e-006 0.0003550564 0.0003550564 0.0003550564 0.0008763905 0.0008763905 0.1221783 0.1221783 0.1221783 1.317098 1.317098 0.08728567 0.08728567 0.03480833 0.03480833 0.03480833 0.1939692 0.1939692 0.003282809 0.003282809 0.003282809 0.006068315 0.006068315 0.3308923 0.3308923 0.3842307 0.3842307 0.3842307 0.01065107 0.01065107 0.1391132 0.1391132 0.1391132 1.373591 1.373591 0.341865 0.341865 0.0004249611 0.0004249611 0.0004249611 0.1409496 0.1409496 1.32667 1.32667 1.32667 0.06981873 0.06981873 0.005720195 0.005720195 0.7076529 0.7076529 0.7076529 0.2659853 0.2659853 0.0005284355 0.0005284355
0.001199251 0.001199251 0.001199251 7.904999e-005 7.904999e-005 2.290226e-007 2.290226e-007 2.290226e-007 0.0004593212 0.0004593212 0.01103559 0.01103559 0.01103559 0.001047268 0.001047268 3.827837e-005 3.827837e-005 0.007016132 0.007016132 0.007016132 0.01682106 0.01682106 0.2561531 0.2561531 0.2561531 2.925573 2.925573 0.2677949 0.2677949 0.1295737 0.1295737 0.1295737 0.7220627 0.7220627 0.01222046 0.01222046 0.01222046 0.02268671 0.02268671 1.276608 1.276608 1.564242 1.564242 1.564242 0.04339654 0.04339654 0.4735787 0.4735787 0.4735787 1.230548 1.230548 0.2403841 0.2403841 0.0007336723 0.0007336723 0.0007336723 0.4178616 0.4178616 2.89001 2.89001 2.89001 0.14104 0.14104 0.009248248 0.009248248 1.143528 1.143528 1.143528 0.4298179 0.4298179 0.002494402 0.002494402
0.04048937 0.04048937 0.04048937 0.006559259 0.006559259 1.662504e-005 1.662504e-005 1.662504e-005 0.01565845 0.01565845 0.2827726 0.2827726 0.2827726 0.03286757 0.03286757 0.0009333756 0.0009333756 0.1671505 0.1671505 0.1671505 0.4178117 0.4178117 0.5074811 0.5074811 0.5074811 3.632055 3.632055 0.4859371 0.4859371 0.2524768 0.2524768 0.2524768 1.405324 1.405324 0.02378424 0.02378424 0.02378424 0.0449873 0.0449873 2.869596 2.869596 4.194204 4.194204 4.194204 0.1166464 0.1166464 0.9033391 0.9033391 0.9033391 0.7838641 0.7838641 0.03953615 0.03953615 0.001470955 0.001470955 0.001470955 0.719933 0.719933 3.444194 3.444194 3.444194 0.1477988 0.1477988 0.005159594 0.005159594 0.6365394 0.6365394 0.6365394 0.2392566 0.2392566 0.01609 0.01609
0.2158782 0.2158782 0.2158782 0.0523127 0.0523127 0.0001282778 0.0001282778 0.0001282778 0.08415852 0.08415852 1.107341 1.107341 1.107341 0.16414 0.16414 0.003376388 0.003376388 0.5803936 0.5803936 0.5803936 1.569354 1.569354 1.099414 1.099414 1.099414 2.410769 2.410769 0.5185859 0.5185859 0.1680231 0.1680231 0.1680231 0.9173531 0.9173531 0.01552563 0.01552563 0.01552563 0.03035916 0.03035916 2.332031 2.332031 4.108225 4.108225 4.108225 0.1145044 0.1145044 0.5888097 0.5888097 0.5888097 0.4356462 0.4356462 0.005593779 0.005593779 0.003990093 0.003990093 0.003990093 0.6089245 0.6089245 1.949283 1.949283 1.949283 0.07774102 0.07774102 0.00146807 0.00146807 0.1803724 0.1803724 0.1803724 0.06780311 0.06780311 0.02987812 0.02987812
0.959978 0.959978 0.959978 0.3194593 0.3194593 0.0007689183 0.0007689183 0.0007689183 0.3776052 0.3776052 2.919553 2.919553 2.919553 0.674318 0.674318 0.007001723 0.007001723 1.024559 1.024559 1.024559 3.683993 3.683993 2.496477 2.496477 2.496477 2.804858 2.804858 1.864148 1.864148 0.07113963 0.07113963 0.07113963 0.1311166 0.1311166 0.002218853 0.002218853 0.002218853 0.004964765 0.004964765 0.6225632 0.6225632 1.451097 1.451097 1.451097 0.04054982 0.04054982 0.08412625 0.08412625 0.08412625 0.05994364 0.05994364 0.0001846913 0.0001846913 0.02037876 0.02037876 0.02037876 1.098359 1.098359 0.4102382 0.4102382 0.4102382 0.009717094 0.009717094 8.351538e-005 8.351538e-005 0.007417466 0.007417466 0.007417466 0.004184876 0.004184876 0.02953548 0.02953548
1.229537 1.229537 1.229537 0.4470004 0.4470004 0.00107139 0.00107139 0.00107139 0.4851069 0.4851069 2.865823 2.865823 2.865823 0.8394412 0.8394412 0.00547624 0.00547624 0.6340538 0.6340538 0.6340538 3.283473 3.283473 2.412614 2.412614 2.412614 4.138284 4.138284 3.659842 3.659842 0.1377135 0.1377135 0.1377135 0.01504874 0.01504874 0.0002540544 0.0002540544 0.0002540544 0.0007041336 0.0007041336 0.1317643 0.1317643 0.3472269 0.3472269 0.3472269 0.009719213 0.009719213 0.00963001 0.00963001 0.00963001 0.006842352 0.006842352 1.758931e-005 1.758931e-005 0.02839479 0.02839479 0.02839479 1.457998 1.457998 0.2527935 0.2527935 0.2527935 0.001192587 0.001192587 0.0008951874 0.0008951874 0.001639498 0.001639498 0.001639498 0.02432282 0.02432282 0.03035966 0.03035966
0.8230442 0.8230442 0.8230442 0.3117347 0.3117347 0.0007489649 0.0007489649 0.0007489649 0.3254514 0.3254514 1.629484 1.629484 1.629484 0.5539047 0.5539047 0.002510881 0.002510881 0.2001082 0.2001082 0.2001082 1.728698 1.728698 1.504189 1.504189 1.504189 3.775659 3.775659 4.322984 4.322984 0.2042039 0.2042039 0.2042039 0.0009247586 0.0009247586 1.868257e-005 1.868257e-005 1.868257e-005 0.0002841475 0.0002841475 0.01634156 0.01634156 0.05454038 0.05454038 0.05454038 0.00167508 0.00167508 0.0005499695 0.0005499695 0.0005499695 0.0003901405 0.0003901405 2.026626e-006 2.026626e-006 0.01979599 0.01979599 0.01979599 1.012347 1.012347 0.1584172 0.1584172 0.1584172 0.0006067695 0.0006067695 0.01789798 0.01789798 0.02105519 0.02105519 0.02105519 0.2068398 0.2068398 0.1283837 0.1283837
0.1269252 0.1269252 0.1269252 0.04919858 0.04919858 0.0003833504 0.0003833504 0.0003833504 0.0701914 0.0701914 0.2298099 0.2298099 0.2298099 0.08469728 0.08469728 0.0002832015 0.0002832015 0.01066068 0.01066068 0.01066068 0.2639967 0.2639967 1.240748 1.240748 1.240748 1.30669 1.30669 1.936499 1.936499 0.1102307 0.1102307 0.1102307 0.0005920252 0.0005920252 0.0007254765 0.0007254765 0.0007254765 0.01871862 0.01871862 0.02489142 0.02489142 0.2609409 0.2609409 0.2609409 0.01210642 0.01210642 0.0001356514 0.0001356514 0.0001356514 1.503821e-006 1.503821e-006 1.895907e-007 1.895907e-007 0.003126515 0.003126515 0.003126515 0.1600062 0.1600062 0.02526871 0.02526871 0.02526871 0.01721864 0.01721864 0.4626521 0.4626521 0.4722997 0.4722997 0.4722997 1.442676 1.442676 0.7951496 0.7951496
0.01553516 0.01553516 0.01553516 0.006016803 0.006016803 0.002123011 0.002123011 0.002123011 0.1647724 0.1647724 0.06286089 0.06286089 0.06286089 0.0103165 0.0103165 3.277973e-005 3.277973e-005 0.0007304788 0.0007304788 0.0007304788 0.08750053 0.08750053 1.595946 1.595946 1.595946 0.4561865 0.4561865 0.6735639 0.6735639 0.05617001 0.05617001 0.05617001 0.01010546 0.01010546 0.01125681 0.01125681 0.01125681 0.1485286 0.1485286 0.1096941 0.1096941 0.8991209 0.8991209 0.8991209 0.06278317 0.06278317 0.002425659 0.002425659 0.002425659 1.180189e-006 1.180189e-006 7.336343e-008 7.336343e-008 0.000468073 0.000468073 0.000468073 0.02511569 0.02511569 0.01226224 0.01226224 0.01226224 0.1057341 0.1057341 1.865543 1.865543 1.783501 1.783501 1.783501 2.479187 2.479187 1.217091 1.217091
0.002411893 0.002411893 0.002411893 7.089062e-005 7.089062e-005 0.01276955 0.01276955 0.01276955 0.9609089 0.9609089 0.2201606 0.2201606 0.2201606 0.002696147 0.002696147 0.000342181 0.000342181 2.253666e-005 2.253666e-005 2.253666e-005 0.03990398 0.03990398 0.8005093 0.8005093 0.8005093 0.4007477 0.4007477 1.223597 1.223597 0.5240667 0.5240667 0.5240667 0.2147209 0.2147209 0.2157204 0.2157204 0.2157204 0.901894 0.901894 0.3790708 0.3790708 1.615645 1.615645 1.615645 0.6340231 0.6340231 0.05159144 0.05159144 0.05159144 3.061229e-005 3.061229e-005 3.858827e-006 3.858827e-006 0.006033754 0.006033754 0.006033754 0.1381808 0.1381808 0.195752 0.195752 0.195752 0.7794214 0.7794214 5.789533 5.789533 4.748545 4.748545 4.748545 3.861839 3.861839 1.272466 1.272466
0.009897666 0.009897666 0.009897666 2.758137e-005 2.758137e-005 0.01776932 0.01776932 0.01776932 1.336791 1.336791 0.3162062 0.3162062 0.3162062 0.04147961 0.04147961 0.006121818 0.006121818 0.0001678719 0.0001678719 0.0001678719 0.07560573 0.07560573 0.3603368 0.3603368 0.3603368 0.6446398 0.6446398 2.320289 2.320289 1.677961 1.677961 1.677961 0.703344 0.703344 0.6843784 0.6843784 0.6843784 1.282491 1.282491 0.4545887 0.4545887 1.164547 1.164547 1.164547 1.990341 1.990341 0.1678774 0.1678774 0.1678774 0.0003160771 0.0003160771 3.025117e-005 3.025117e-005 0.04576601 0.04576601 0.04576601 0.5692489 0.5692489 0.639106 0.639106 0.639106 1.828577 1.828577 7.613804 7.613804 5.27075 5.27075 5.27075 5.7205 5.7205 2.117924 2.117924
0.04140098 0.04140098 0.04140098 0.000602759 0.000602759 0.01250098 0.01250098 0.01250098 0.9271502 0.9271502 0.3069947 0.3069947 0.3069947 0.3500964 0.3500964 0.05790422 0.05790422 0.00178676 0.00178676 0.00178676 0.2498423 0.2498423 0.59997 0.59997 0.59997 0.8210927 0.8210927 3.048715 3.048715 2.847687 2.847687 2.847687 1.2623 1.2623 1.178605 1.178605 1.178605 1.111374 1.111374 0.4358833 0.4358833 0.7480907 0.7480907 0.7480907 3.652381 3.652381 0.2887806 0.2887806 0.2887806 0.004759719 0.004759719 0.0001314773 0.0001314773 0.1855728 0.1855728 0.1855728 1.472973 1.472973 1.112865 1.112865 1.112865 2.827272 2.827272 7.367617 7.367617 4.442014 4.442014 4.442014 6.990075 6.990075 3.026508 3.026508
0.4160531 0.4160531 0.4160531 0.02596709 0.02596709 0.01746079 0.01746079 0.01746079 0.1477086 0.1477086 0.6939721 0.6939721 0.6939721 2.346231 2.346231 0.5646142 0.5646142 0.03397411 0.03397411 0.03397411 0.4758968 0.4758968 1.096241 1.096241 1.096241 0.8279992 0.8279992 3.198849 3.198849 3.341217 3.341217 3.341217 2.088082 2.088082 1.796313 1.796313 1.796313 1.822771 1.822771 1.116822 1.116822 0.6372932 0.6372932 0.6372932 3.915433 3.915433 0.5008838 0.5008838 0.5008838 0.1084147 0.1084147 0.0005985955 0.0005985955 0.5401416 0.5401416 0.5401416 3.173956 3.173956 1.256767 1.256767 1.256767 2.351856 2.351856 4.079901 4.079901 3.480658 3.480658 3.480658 5.500413 5.500413 1.74717 1.74717
1.374207 1.374207 1.374207 0.1640616 0.1640616 0.1311587 0.1311587 0.1311587 0.02827432 0.02827432 1.139293 1.139293 1.139293 3.511433 3.511433 1.32064 1.32064 0.1139961 0.1139961 0.1139961 0.3070949 0.3070949 0.7073185 0.7073185 0.7073185 0.6557506 0.6557506 2.858735 2.858735 4.574377 4.574377 4.574377 3.595689 3.595689 3.249825 3.249825 3.249825 2.778266 2.778266 1.604768 1.604768 0.5063961 0.5063961 0.5063961 3.004673 3.004673 1.178437 1.178437 1.178437 0.3711087 0.3711087 0.001734198 0.001734198 0.6516247 0.6516247 0.6516247 3.650011 3.650011 1.18917 1.18917 1.18917 1.136242 1.136242 2.117561 2.117561 3.08493 3.08493 3.08493 3.565637 3.565637 0.5848321 0.5848321
3.565004 3.565004 3.565004 0.8620089 0.8620089 1.008431 1.008431 1.008431 0.06214584 0.06214584 1.596227 1.596227 1.596227 1.836825 1.836825 1.691383 1.691383 0.1945323 0.1945323 0.1945323 0.04320298 0.04320298 0.1016626 0.1016626 0.1016626 0.4477469 0.4477469 1.639946 1.639946 5.613163 5.613163 5.613163 6.058786 6.058786 4.916445 4.916445 4.916445 1.931808 1.931808 0.7879567 0.7879567 0.1673131 0.1673131 0.1673131 1.353725 1.353725 1.908606 1.908606 1.908606 0.6458298 0.6458298 0.03959664 0.03959664 0.4767342 0.4767342 0.4767342 2.398163 2.398163 0.5206376 0.5206376 0.5206376 0.1440372 0.1440372 0.8380572 0.8380572 1.92659 1.92659 1.92659 2.030322 2.030322 0.2455854 0.2455854
3.647481 3.647481 3.647481 1.181047 1.181047 1.956701 1.956701 1.956701 0.1150817 0.1150817 1.685894 1.685894 1.685894 0.5985247 0.5985247 0.9371729 0.9371729 0.1167048 0.1167048 0.1167048 0.004926628 0.004926628 0.01839987 0.01839987 0.01839987 0.8082542 0.8082542 0.9206165 0.9206165 4.041127 4.041127 4.041127 5.594049 5.594049 3.688696 3.688696 3.688696 0.8695601 0.8695601 0.225536 0.225536 0.04253744 0.04253744 0.04253744 0.5123339 0.5123339 1.140865 1.140865 1.140865 0.4565165 0.4565165 0.282644 0.282644 0.3486881 0.3486881 0.3486881 1.079477 1.079477 0.1411516 0.1411516 0.1411516 0.0488821 0.0488821 1.178464 1.178464 2.238726 2.238726 2.238726 1.801438 1.801438 0.6719787 0.6719787
2.144271 2.144271 2.144271 0.8508353 0.8508353 2.241136 2.241136 2.241136 0.1280786 0.1280786 1.094405 1.094405 1.094405 0.1558996 0.1558996 0.2703999 0.2703999 0.03509127 0.03509127 0.03509127 0.0002930356 0.0002930356 0.0119891 0.0119891 0.0119891 1.211081 1.211081 0.6925356 0.6925356 2.742815 2.742815 2.742815 3.387306 3.387306 2.135355 2.135355 2.135355 0.5561067 0.5561067 0.2071279 0.2071279 0.03496134 0.03496134 0.03496134 0.1202073 0.1202073 0.3425147 0.3425147 0.3425147 0.4622248 0.4622248 1.067219 1.067219 0.6323788 0.6323788 0.6323788 0.4586003 0.4586003 0.03568053 0.03568053 0.03568053 0.07784973 0.07784973 1.734393 1.734393 3.002635 3.002635 3.002635 2.484244 2.484244 1.385641 1.385641
0.3016847 0.3016847 0.3016847 0.1646395 0.1646395 0.958087 0.958087 0.958087 0.05333842 0.05333842 0.1675121 0.1675121 0.1675121 0.01610302 0.01610302 0.02272861 0.02272861 0.0165814 0.0165814 0.0165814 0.0008283965 0.0008283965 0.008653814 0.008653814 0.008653814 0.6784196 0.6784196 0.9845266 0.9845266 4.26112 4.26112 4.26112 2.224989 2.224989 1.775415 1.775415 1.775415 0.9972706 0.9972706 1.583139 1.583139 0.4108692 0.4108692 0.4108692 0.01557621 0.01557621 0.0255302 0.0255302 0.0255302 1.355841 1.355841 2.619349 2.619349 1.80197 1.80197 1.80197 1.265224 1.265224 0.3546404 0.3546404 0.3546404 0.6398155 0.6398155 1.61313 1.61313 2.512074 2.512074 2.512074 5.132295 5.132295 3.44212 3.44212
0.0356298 0.0356298 0.0356298 0.02732196 0.02732196 0.2505609 0.2505609 0.2505609 0.01383714 0.01383714 0.02032878 0.02032878 0.02032878 0.01630529 0.01630529 0.09942974 0.09942974 0.124663 0.124663 0.124663 0.01427777 0.01427777 0.02156028 0.02156028 0.02156028 0.3725035 0.3725035 1.440017 1.440017 6.191172 6.191172 6.191172 3.486833 3.486833 1.682706 1.682706 1.682706 1.444836 1.444836 3.394867 3.394867 1.180454 1.180454 1.180454 0.03820981 0.03820981 0.01712297 0.01712297 0.01712297 1.821106 1.821106 3.187756 3.187756 2.035663 2.035663 2.035663 1.949241 1.949241 1.343381 1.343381 1.343381 2.287549 2.287549 2.7199 2.7199 3.351197 3.351197 3.351197 7.149494 7.149494 5.90346 5.90346
0.0004006257 0.0004006257 0.0004006257 0.0006861609 0.0006861609 0.009639472 0.009639472 0.009639472 0.0005298741 0.0005298741 0.002277397 0.002277397 0.002277397 0.3004092 0.3004092 0.9220511 0.9220511 0.9367788 0.9367788 0.9367788 0.2906029 0.2906029 0.1221222 0.1221222 0.1221222 1.142678 1.142678 1.984401 1.984401 6.784018 6.784018 6.784018 4.368448 4.368448 0.6835715 0.6835715 0.6835715 1.747995 1.747995 3.929576 3.929576 1.8065 1.8065 1.8065 0.1057406 0.1057406 0.08666337 0.08666337 0.08666337 1.490349 1.490349 3.647616 3.647616 1.038106 1.038106 1.038106 1.709555 1.709555 3.763919 3.763919 3.763919 5.758625 5.758625 5.007743 5.007743 6.085319 6.085319 6.085319 7.389097 7.389097 7.938804 7.938804
8.480274e-006 8.480274e-006 8.480274e-006 6.605097e-005 6.605097e-005 0.001096696 0.001096696 0.001096696 6.853034e-005 6.853034e-005 0.006543136 0.006543136 0.006543136 0.9504988 0.9504988 2.113548 2.113548 1.893224 1.893224 1.893224 0.9216558 0.9216558 0.1792972 0.1792972 0.1792972 1.632978 1.632978 2.394057 2.394057 4.863446 4.863446 4.863446 3.442313 3.442313 0.3688748 0.3688748 0.3688748 1.176335 1.176335 2.143801 2.143801 1.054752 1.054752 1.054752 0.3591177 0.3591177 0.5758201 0.5758201 0.5758201 1.833582 1.833582 3.669872 3.669872 0.7680213 0.7680213 0.7680213 2.055734 2.055734 4.794423 4.794423 4.794423 6.633361 6.633361 4.142972 4.142972 6.536914 6.536914 6.536914 5.458452 5.458452 6.551276 6.551276
4.203978e-007 4.203978e-007 4.203978e-007 0.0007923856 0.0007923856 0.01258507 0.01258507 0.01258507 0.001058749 0.001058749 0.01139206 0.01139206 0.01139206 1.510196 1.510196 2.807409 2.807409 2.638413 2.638413 2.638413 1.475091 1.475091 0.1544931 0.1544931 0.1544931 1.448736 1.448736 2.805767 2.805767 2.38538 2.38538 2.38538 1.991131 1.991131 0.7833238 0.7833238 0.7833238 0.988653 0.988653 0.7860165 0.7860165 0.3257252 0.3257252 0.3257252 1.294448 1.294448 2.142673 2.142673 2.142673 3.032202 3.032202 3.851575 3.851575 1.36126 1.36126 1.36126 3.001895 3.001895 5.275652 5.275652 5.275652 6.387216 6.387216 2.808451 2.808451 6.810321 6.810321 6.810321 3.817466 3.817466 4.081769 4.081769
2.033158e-005 2.033158e-005 2.033158e-005 0.02601074 0.02601074 0.3304853 0.3304853 0.3304853 0.04918079 0.04918079 0.03647284 0.03647284 0.03647284 1.072065 1.072065 1.421667 1.421667 2.302211 2.302211 2.302211 0.8480538 0.8480538 0.1706596 0.1706596 0.1706596 1.865894 1.865894 2.184568 2.184568 0.3721229 0.3721229 0.3721229 0.8821626 0.8821626 2.366862 2.366862 2.366862 1.812766 1.812766 0.4584004 0.4584004 0.05767248 0.05767248 0.05767248 3.366634 3.366634 4.632656 4.632656 4.632656 3.854184 3.854184 2.831522 2.831522 3.017196 3.017196 3.017196 3.615397 3.615397 5.046385 5.046385 5.046385 4.546526 4.546526 2.775455 2.775455 6.211229 6.211229 6.211229 3.646472 3.646472 2.490006 2.490006
0.0001509342 0.0001509342 0.0001509342 -9999 0.1369338 1.389319 1.389319 1.389319 0.3399461 0.3399461 0.1412634 0.1412634 0.1412634 1.139082 1.139082 0.4453881 0.4453881 1.192285 1.192285 1.192285 0.2631872 0.2631872 0.2794452 0.2794452 0.2794452 2.868979 2.868979 1.138012 1.138012 0.08158308 0.08158308 0.08158308 0.9032906 0.9032906 3.024296 3.024296 3.024296 2.518519 2.518519 0.4688993 0.4688993 0.04382668 0.04382668 0.04382668 3.258153 3.258153 3.698689 3.698689 3.698689 3.023318 3.023318 1.885144 1.885144 3.244141 3.244141 3.244141 3.476728 3.476728 3.905763 3.905763 3.905763 3.242052 3.242052 3.017452 3.017452 4.00256 4.00256 4.00256 3.345512 3.345512 2.045932 2.045932
0.001745081 0.001745081 0.001745081 0.6192185 0.6192185 4.749992 4.749992 4.749992 2.429113 2.429113 0.7456868 0.7456868 0.7456868 1.920798 1.920798 0.1201275 0.1201275 0.1786671 0.1786671 0.1786671 0.01740173 0.01740173 0.352757 0.352757 0.352757 3.476736 3.476736 0.7791013 0.7791013 0.3336984 0.3336984 0.3336984 2.023546 2.023546 2.327234 2.327234 2.327234 2.880834 2.880834 0.4296702 0.4296702 0.01525961 0.01525961 0.01525961 1.126354 1.126354 1.087629 1.087629 1.087629 1.908094 1.908094 0.6807624 0.6807624 1.817079 1.817079 1.817079 3.77721 3.77721 2.230691 2.230691 2.230691 2.971307 2.971307 2.78909 2.78909 1.451075 1.451075 1.451075 2.146029 2.146029 0.7033486 0.7033486
0.0162272 0.0162272 0.0162272 0.9148611 0.9148611 6.565053 6.565053 6.565053 5.159252 5.159252 1.82577 1.82577 1.82577 2.497187 2.497187 0.3616579 0.3616579 0.2548004 0.2548004 0.2548004 0.01895588 0.01895588 0.2875446 0.2875446 0.2875446 2.86929 2.86929 1.875322 1.875322 1.27744 1.27744 1.27744 3.217152 3.217152 1.36772 1.36772 1.36772 1.639025 1.639025 0.2395889 0.2395889 0.003701105 0.003701105 0.003701105 0.2642027 0.2642027 0.3884581 0.3884581 0.3884581 1.697627 1.697627 0.280136 0.280136 1.643587 1.643587 1.643587 3.72013 3.72013 1.781231 1.781231 1.781231 3.025474 3.025474 3.239698 3.239698 1.403433 1.403433 1.403433 1.871273 1.871273 0.1816625 0.1816625
0.1272012 0.1272012 0.1272012 1.180923 1.180923 6.786854 6.786854 6.786854 7.712246 7.712246 3.582972 3.582972 3.582972 4.240297 4.240297 1.258913 1.258913 0.8767006 0.8767006 0.8767006 0.09250408 0.09250408 0.255354 0.255354 0.255354 1.724311 1.724311 2.947743 2.947743 3.069757 3.069757 3.069757 4.028633 4.028633 0.7145744 0.7145744 0.7145744 0.4806173 0.4806173 0.07001006 0.07001006 0.0004883382 0.0004883382 0.0004883382 0.03252056 0.03252056 0.1717898 0.1717898 0.1717898 1.19991 1.19991 0.2514867 0.2514867 1.950492 1.950492 1.950492 3.484964 3.484964 2.724276 2.724276 2.724276 3.117248 3.117248 4.192094 4.192094 1.668677 1.668677 1.668677 1.518269 1.518269 0.05360083 0.05360083
0.8635107 0.8635107 0.8635107 3.042148 3.042148 5.699724 5.699724 5.699724 9.12397 9.12397 6.75452 6.75452 6.75452 7.324573 7.324573 3.247178 3.247178 1.732444 1.732444 1.732444 0.4060642 0.4060642 0.7725467 0.7725467 0.7725467 0.3851116 0.3851116 2.2295 2.2295 5.375514 5.375514 5.375514 3.308957 3.308957 0.6603432 0.6603432 0.6603432 0.04143345 0.04143345 0.003048186 0.003048186 7.716444e-006 7.716444e-006 7.716444e-006 0.0004523471 0.0004523471 0.1499282 0.1499282 0.1499282 1.182694 1.182694 0.5973557 0.5973557 1.653473 1.653473 1.653473 3.924641 3.924641 5.313193 5.313193 5.313193 3.450039 3.450039 5.393767 5.393767 1.460853 1.460853 1.460853 1.378558 1.378558 0.1442488 0.1442488
1.380692 1.380692 1.380692 5.032969 5.032969 5.855382 5.855382 5.855382 9.14902 9.14902 8.511801 8.511801 8.511801 7.128814 7.128814 3.350317 3.350317 1.235829 1.235829 1.235829 0.5288109 0.5288109 1.118644 1.118644 1.118644 0.08891595 0.08891595 1.645067 1.645067 4.988458 4.988458 4.988458 1.974492 1.974492 1.603848 1.603848 1.603848 0.07014811 0.07014811 0.0001718336 0.0001718336 2.456911e-007 2.456911e-007 2.456911e-007 8.269491e-005 8.269491e-005 0.1921903 0.1921903 0.1921903 1.518584 1.518584 0.7870742 0.7870742 1.369851 1.369851 1.369851 4.036617 4.036617 4.986226 4.986226 4.986226 2.684822 2.684822 4.429086 4.429086 1.2147 1.2147 1.2147 1.556374 1.556374 0.2077217 0.2077217
1.276988 1.276988 1.276988 5.848425 5.848425 6.731703 6.731703 6.731703 9.079532 9.079532 9.310095 9.310095 9.310095 5.611864 5.611864 2.679377 2.679377 0.5776064 0.5776064 0.5776064 0.3695119 0.3695119 0.94188 0.94188 0.94188 0.04272842 0.04272842 1.433578 1.433578 3.28361 3.28361 3.28361 1.062225 1.062225 2.603477 2.603477 2.603477 0.1158252 0.1158252 2.751153e-005 2.751153e-005 3.829012e-008 3.829012e-008 3.829012e-008 5.514084e-005 5.514084e-005 0.1383393 0.1383393 0.1383393 1.093122 1.093122 0.5617051 0.5617051 0.8570009 0.8570009 0.8570009 2.628486 2.628486 3.215153 3.215153 3.215153 1.591609 1.591609 2.323896 2.323896 0.7411346 0.7411346 0.7411346 1.084663 1.084663 0.1510395 0.1510395
1.313153 1.313153 1.313153 4.572212 4.572212 6.692373 6.692373 6.692373 6.96818 6.96818 8.200141 8.200141 8.200141 4.060703 4.060703 2.745969 2.745969 0.3634334 0.3634334 0.3634334 0.09873057 0.09873057 1.161654 1.161654 1.161654 0.3916274 0.3916274 1.85826 1.85826 0.9874875 0.9874875 0.9874875 0.3638846 0.3638846 1.526438 1.526438 1.526438 0.06814896 0.06814896 1.379499e-005 1.379499e-005 1.033223e-005 1.033223e-005 1.033223e-005 0.0005907182 0.0005907182 0.02336222 0.02336222 0.02336222 0.1838183 0.1838183 0.09415034 0.09415034 0.1392585 0.1392585 0.1392585 0.4236705 0.4236705 0.8447187 0.8447187 0.8447187 0.4570939 0.4570939 0.3152764 0.3152764 0.1174989 0.1174989 0.1174989 0.1810717 0.1810717 0.02542023 0.02542023
