current/bias.asc
ncols         720
nrows         360
xllcorner     -180
yllcorner     -90
cellsize      0.5
NODATA_value  -9999
[rows 96 to 127 of 360, columns 432 to 503 of 720]
3.223522 -9999 -9999 -9999 -9999 -9999 -9999 -9999 -9999 -9999 -9999 5.536946 8.156669 8.156669 8.156669 9.566071 9.566071 8.665546 8.665546 8.665546 3.508047 3.508047 1.829997 1.829997 3.259753 3.259753 -9999 -9999 -9999 -9999 -9999 -9999 -9999 0.5727952 -9999 0.556271 0.03501325 0.03501325 0.03501325 0.0005234963 0.0005234963 0.01230827 0.01230827 0.01230827 0.001799673 0.001799673 0.4770012 0.4770012 2.038211 2.038211 2.038211 0.280872 0.280872 0.2630248 0.2630248 0.2630248 0.3054092 0.3054092 1.169836 1.169836 0.860725 0.860725 0.860725 0.4196453 0.4196453 3.841561 3.841561 3.841561 5.877684 5.877684 1.986141 1.986141
6.774517 6.774517 6.774517 4.15051 -9999 -9999 6.590208 -9999 -9999 7.426839 8.095632 8.095632 8.769479 8.769479 8.769479 9.973888 9.973888 8.684241 8.684241 8.684241 3.437994 3.437994 1.268367 1.268367 5.561285 5.561285 5.561285 -9999 -9999 -9999 -9999 -9999 -9999 0.02345539 -9999 -9999 0.001495096 0.001495096 0.001495096 0.01149921 0.01149921 0.2779471 0.2779471 0.2779471 0.02199606 0.02199606 0.7339948 0.7339948 1.703956 1.703956 1.703956 1.483256 1.483256 2.1688 2.1688 2.1688 2.351343 2.351343 3.891023 3.891023 0.642158 0.642158 0.642158 0.7269772 0.7269772 4.572182 4.572182 4.572182 5.364986 5.364986 2.597469 2.597469
8.303548 8.303548 8.303548 5.222984 5.222984 7.242145 7.242145 9.024258 9.024258 9.024258 9.005116 9.005116 8.872924 8.872924 8.872924 9.98882 9.98882 8.386126 8.386126 8.386126 2.344164 2.344164 0.9730396 0.9730396 5.863744 5.863744 5.863744 4.42131 4.42131 -9999 -9999 -9999 -9999 0.001307522 0.001223763 0.001223763 8.179107e-005 8.179107e-005 8.179107e-005 0.03846957 0.03846957 0.9298923 0.9298923 0.9298923 0.06917535 0.06917535 0.4417195 0.4417195 0.7924013 0.7924013 0.7924013 2.310486 2.310486 4.417516 4.417516 4.417516 4.876572 4.876572 5.007219 5.007219 1.384292 1.384292 1.384292 2.140037 2.140037 3.75416 3.75416 3.75416 3.157693 3.157693 2.77571 2.77571
8.38261 8.38261 8.38261 5.212877 5.212877 5.924207 5.924207 8.536292 8.536292 8.536292 9.194479 9.194479 9.249604 9.249604 9.249604 9.983952 9.983952 8.392338 8.392338 8.392338 2.370844 2.370844 1.529365 1.529365 5.866838 5.866838 5.866838 5.88824 5.88824 -9999 -9999 -9999 -9999 0.0002215459 3.144258e-005 3.144258e-005 1.14857e-005 1.14857e-005 1.14857e-005 0.06414668 0.06414668 1.550638 1.550638 1.550638 0.1142861 0.1142861 0.1359481 0.1359481 0.219415 0.219415 0.219415 2.001419 2.001419 5.436295 5.436295 5.436295 6.826396 6.826396 4.913695 4.913695 3.094242 3.094242 3.094242 4.35093 4.35093 2.494589 2.494589 2.494589 1.353008 1.353008 3.035641 3.035641
5.9143 5.9143 5.9143 4.275457 4.275457 3.939284 3.939284 5.044715 5.044715 5.044715 7.460703 7.460703 9.720329 9.720329 9.720329 9.78988 9.78988 9.262448 9.262448 9.262448 5.816292 5.816292 4.131429 4.131429 6.500491 6.500491 6.500491 -9999 -9999 -9999 -9999 -9999 -9999 -9999 1.374267e-005 1.374267e-005 0.0004647736 0.0004647736 0.0004647736 0.03829005 0.03829005 0.9182017 0.9182017 0.9182017 0.09663289 0.09663289 0.007176778 0.007176778 0.01210739 0.01210739 0.01210739 0.5949761 0.5949761 3.537095 3.537095 3.537095 6.831566 6.831566 5.2047 5.2047 6.03812 6.03812 6.03812 6.601424 6.601424 1.886266 1.886266 1.886266 0.4250763 0.4250763 1.680685 1.680685
4.428172 4.428172 4.428172 3.633561 3.633561 3.057214 3.057214 2.687981 2.687981 2.687981 5.628335 5.628335 9.702178 9.702178 9.702178 9.209126 9.209126 9.330687 9.330687 9.330687 8.23019 8.23019 6.009994 6.009994 6.316305 6.316305 6.316305 -9999 -9999 -9999 -9999 -9999 -9999 -9999 0.0005419715 0.0005419715 0.009219367 0.009219367 0.009219367 0.0273495 0.0273495 0.3788354 0.3788354 0.3788354 0.2820146 0.2820146 0.008499284 0.008499284 0.003099157 0.003099157 0.003099157 0.1927906 0.1927906 2.884725 2.884725 2.884725 5.216057 5.216057 5.535789 5.535789 6.324717 6.324717 6.324717 6.858246 6.858246 2.285443 2.285443 2.285443 0.4725756 0.4725756 0.732829 0.732829
4.819891 4.819891 4.819891 4.246511 4.246511 3.078944 3.078944 3.278566 3.278566 3.278566 6.136344 6.136344 9.30419 9.30419 9.30419 7.840698 7.840698 7.100796 7.100796 7.100796 9.258522 9.258522 8.671419 8.671419 6.393505 6.393505 6.393505 -9999 -9999 -9999 -9999 -9999 -9999 -9999 -9999 0.0414656 0.2562402 0.2562402 0.2562402 0.4045815 0.4045815 0.8329393 0.8329393 0.8329393 2.078439 2.078439 0.1132045 0.1132045 0.04885833 0.04885833 0.04885833 0.400964 0.400964 3.283225 3.283225 3.283225 1.919612 1.919612 4.416139 4.416139 4.470131 4.470131 4.470131 4.902703 4.902703 3.073672 3.073672 3.073672 0.9306997 0.9306997 1.207104 1.207104
5.629464 5.629464 5.629464 6.019892 6.019892 4.450405 4.450405 5.850186 5.850186 5.850186 7.404234 7.404234 8.138183 8.138183 8.138183 6.823849 6.823849 4.546672 4.546672 4.546672 8.33163 8.33163 9.533457 9.533457 6.572734 6.572734 -9999 -9999 -9999 -9999 -9999 -9999 -9999 -9999 -9999 0.337364 1.175107 1.175107 1.175107 1.601373 1.601373 1.554812 1.554812 1.554812 4.229219 4.229219 0.3698234 0.3698234 0.181984 0.181984 0.181984 1.133051 1.133051 2.772226 2.772226 2.772226 0.6478287 0.6478287 3.060107 3.060107 3.195432 3.195432 3.195432 2.75064 2.75064 2.403962 2.403962 2.403962 0.8471458 0.8471458 2.213156 2.213156
6.764442 6.764442 6.764442 7.750189 7.750189 6.86165 6.86165 7.528738 7.528738 7.528738 7.654734 7.654734 6.819547 6.819547 6.819547 5.510453 5.510453 2.877231 2.877231 2.877231 7.275227 7.275227 9.430749 9.430749 6.114799 6.114799 6.114799 -9999 -9999 -9999 -9999 -9999 -9999 -9999 -9999 1.503884 3.350981 3.350981 3.350981 3.691879 3.691879 2.196901 2.196901 2.196901 5.745657 5.745657 0.8705245 0.8705245 0.4655947 0.4655947 0.4655947 2.189678 2.189678 1.617338 1.617338 1.617338 0.1896292 0.1896292 1.567646 1.567646 2.379264 2.379264 2.379264 1.469975 1.469975 1.241622 1.241622 1.241622 0.4831044 0.4831044 2.648646 2.648646
7.503986 7.503986 7.503986 8.438414 8.438414 8.769794 8.769794 6.67412 6.67412 6.67412 5.993 5.993 6.844251 6.844251 6.844251 4.305446 4.305446 3.512537 3.512537 3.512537 7.462347 7.462347 8.173242 8.173242 4.548625 4.548625 4.548625 6.570525 6.570525 -9999 -9999 -9999 -9999 -9999 -9999 5.38267 7.442085 7.442085 7.442085 5.542253 5.542253 2.499624 2.499624 2.499624 4.986429 4.986429 2.568063 2.568063 1.578367 1.578367 1.578367 2.765195 2.765195 0.5061044 0.5061044 0.5061044 0.02016196 0.02016196 0.3048661 0.3048661 3.285765 3.285765 3.285765 2.608664 2.608664 0.8391411 0.8391411 0.8391411 0.120847 0.120847 2.10034 2.10034
7.023862 7.023862 7.023862 6.914457 6.914457 7.294565 7.294565 4.947131 4.947131 4.947131 3.559711 3.559711 6.564251 6.564251 6.564251 4.587195 4.587195 4.684775 4.684775 4.684775 7.467387 7.467387 6.8915 6.8915 3.848991 3.848991 3.848991 8.513741 8.513741 6.792936 6.792936 6.792936 6.633653 6.633653 7.65661 7.65661 8.264956 8.264956 8.264956 5.489297 5.489297 1.786448 1.786448 1.786448 3.355699 3.355699 4.270869 4.270869 2.385236 2.385236 2.385236 2.509317 2.509317 0.3339363 0.3339363 0.3339363 0.002550305 0.002550305 0.1614068 0.1614068 3.91681 3.91681 3.91681 4.457297 4.457297 1.187019 1.187019 1.187019 0.07106517 0.07106517 1.842195 1.842195
6.994523 6.994523 6.994523 2.943833 2.943833 3.165539 3.165539 2.567142 2.567142 2.567142 1.077393 1.077393 4.495275 4.495275 4.495275 5.197806 5.197806 5.893434 5.893434 5.893434 6.62088 6.62088 4.302744 4.302744 3.549102 3.549102 3.549102 8.00801 8.00801 9.335329 9.335329 9.335329 9.467025 9.467025 7.926158 7.926158 5.704144 5.704144 5.704144 6.362658 6.362658 1.475554 1.475554 1.475554 2.05201 2.05201 4.526127 4.526127 2.04475 2.04475 2.04475 2.164296 2.164296 0.2748672 0.2748672 0.2748672 0.001099705 0.001099705 0.06922409 0.06922409 2.172855 2.172855 2.172855 5.092323 5.092323 1.106598 1.106598 1.106598 0.04848777 0.04848777 0.8401433 0.8401433
6.291965 6.291965 6.291965 1.338909 1.338909 2.064381 2.064381 2.605676 2.605676 2.605676 0.470018 0.470018 2.707914 2.707914 2.707914 3.83294 3.83294 6.138557 6.138557 6.138557 5.735176 5.735176 2.720973 2.720973 3.876325 3.876325 3.876325 6.569077 6.569077 9.375095 9.375095 9.375095 9.402156 9.402156 6.154895 6.154895 2.939484 2.939484 2.939484 5.540247 5.540247 1.613291 1.613291 1.613291 1.481505 1.481505 3.008947 3.008947 1.498408 1.498408 1.498408 1.465813 1.465813 0.1605621 0.1605621 0.1605621 0.01604982 0.01604982 0.02013817 0.02013817 1.086817 1.086817 1.086817 3.74351 3.74351 1.479016 1.479016 1.479016 0.08281444 0.08281444 0.3283991 0.3283991
5.31406 5.31406 5.31406 1.4493 1.4493 2.255887 2.255887 2.964015 2.964015 2.964015 0.1851083 0.1851083 1.255711 1.255711 1.255711 2.455944 2.455944 5.078851 5.078851 5.078851 4.469754 4.469754 2.416942 2.416942 5.005739 5.005739 5.005739 5.849895 5.849895 9.063844 9.063844 9.063844 8.31326 8.31326 3.503245 3.503245 1.002119 1.002119 1.002119 3.044862 3.044862 1.136055 1.136055 1.136055 1.444806 1.444806 1.897205 1.897205 0.8556347 0.8556347 0.8556347 0.643436 0.643436 0.06578936 0.06578936 0.06578936 0.1396194 0.1396194 0.01007287 0.01007287 1.011904 1.011904 1.011904 2.595792 2.595792 2.458094 2.458094 2.458094 0.1877708 0.1877708 0.4255157 0.4255157
5.103822 5.103822 5.103822 3.656862 3.656862 2.344936 2.344936 1.444265 1.444265 1.444265 0.129981 0.129981 0.5062277 0.5062277 0.5062277 2.817691 2.817691 2.669274 2.669274 2.669274 2.744735 2.744735 4.434274 4.434274 6.845143 6.845143 6.845143 6.29964 6.29964 8.660889 8.660889 8.660889 6.149256 6.149256 0.7516097 0.7516097 0.1222619 0.1222619 0.1222619 0.7167785 0.7167785 0.5049012 0.5049012 0.5049012 1.747151 1.747151 0.7752576 0.7752576 0.1347833 0.1347833 0.1347833 0.07227289 0.07227289 0.1214493 0.1214493 0.1214493 0.9786276 0.9786276 0.03289609 0.03289609 1.423459 1.423459 1.423459 2.167914 2.167914 2.783175 2.783175 2.783175 0.4798775 0.4798775 2.002249 2.002249
5.352314 5.352314 5.352314 4.052656 4.052656 1.539291 1.539291 0.4065997 0.4065997 0.4065997 0.3276352 0.3276352 0.7201202 0.7201202 0.7201202 3.452797 3.452797 2.124214 2.124214 2.124214 2.869901 2.869901 5.105104 5.105104 7.19898 7.19898 7.19898 5.936848 5.936848 8.105712 8.105712 8.105712 5.48599 5.48599 0.2401998 0.2401998 0.1434987 0.1434987 0.1434987 1.10434 1.10434 0.7520497 0.7520497 0.7520497 1.07968 1.07968 0.2328953 0.2328953 0.01790541 0.01790541 0.01790541 0.00823098 0.00823098 0.1831627 0.1831627 0.1831627 1.503967 1.503967 0.05274239 0.05274239 0.9276314 0.9276314 0.9276314 1.417825 1.417825 2.431095 2.431095 2.431095 0.6733915 0.6733915 3.248662 3.248662
6.134739 6.134739 6.134739 1.798451 1.798451 0.3467177 0.3467177 0.01864185 0.01864185 0.01864185 0.5715845 0.5715845 1.029605 1.029605 1.029605 3.76073 3.76073 2.249533 2.249533 2.249533 4.075754 4.075754 3.4629 3.4629 7.909 7.909 7.909 3.610183 3.610183 5.110404 5.110404 5.110404 4.011429 4.011429 0.3507727 0.3507727 0.2492523 0.2492523 0.2492523 1.908405 1.908405 1.411595 1.411595 1.411595 0.1921255 0.1921255 0.01270038 0.01270038 0.0002778821 0.0002778821 0.0002778821 0.001395551 0.001395551 0.122044 0.122044 0.122044 0.8472856 0.8472856 0.2426847 0.2426847 0.1387772 0.1387772 0.1387772 0.6767444 0.6767444 3.383071 3.383071 3.383071 0.8065447 0.8065447 2.323213 2.323213
5.9489 5.9489 5.9489 0.6661518 0.6661518 0.06935544 0.06935544 0.001718996 0.001718996 0.001718996 0.35432 0.35432 0.644355 0.644355 0.644355 3.57595 3.57595 1.835029 1.835029 1.835029 3.39532 3.39532 2.265088 2.265088 7.982838 7.982838 7.982838 3.273791 3.273791 3.028677 3.028677 3.028677 2.636464 2.636464 1.084276 1.084276 0.1952688 0.1952688 0.1952688 1.214522 1.214522 1.740881 1.740881 1.740881 0.183649 0.183649 0.001155123 0.001155123 9.989199e-006 9.989199e-006 9.989199e-006 0.009621032 0.009621032 0.2383752 0.2383752 0.2383752 0.4755411 0.4755411 0.751639 0.751639 0.02539545 0.02539545 0.02539545 0.682049 0.682049 3.87879 3.87879 3.87879 0.8124567 0.8124567 1.017949 1.017949
5.250151 5.250151 5.250151 0.486549 0.486549 0.008609553 0.008609553 0.002209063 0.002209063 0.002209063 0.1182196 0.1182196 0.2261695 0.2261695 0.2261695 3.269933 3.269933 1.493823 1.493823 1.493823 2.033853 2.033853 2.024633 2.024633 7.439292 7.439292 7.439292 4.526118 4.526118 2.639169 2.639169 2.639169 2.229314 2.229314 2.434532 2.434532 0.2658848 0.2658848 0.2658848 0.4330433 0.4330433 2.192365 2.192365 2.192365 0.4641994 0.4641994 0.000922774 0.000922774 5.178023e-006 5.178023e-006 5.178023e-006 0.03627932 0.03627932 0.8170184 0.8170184 0.8170184 0.615369 0.615369 1.353052 1.353052 0.02875672 0.02875672 0.02875672 0.4956315 0.4956315 3.241199 3.241199 3.241199 0.5690262 0.5690262 0.3601713 0.3601713
5.339363 5.339363 5.339363 0.7291563 0.7291563 0.001708717 0.001708717 0.05176385 0.05176385 0.05176385 0.2361046 0.2361046 0.0402057 0.0402057 0.0402057 2.238255 2.238255 1.347956 1.347956 1.347956 1.024726 1.024726 2.427638 2.427638 6.095222 6.095222 6.095222 5.911319 5.911319 4.143585 4.143585 4.143585 2.270725 2.270725 4.43521 4.43521 1.384583 1.384583 1.384583 0.1564963 0.1564963 1.744124 1.744124 1.744124 0.7563591 0.7563591 0.001721696 0.001721696 9.971676e-006 9.971676e-006 9.971676e-006 0.07212878 0.07212878 1.702056 1.702056 1.702056 1.347592 1.347592 1.949967 1.949967 0.1356134 0.1356134 0.1356134 0.1105637 0.1105637 1.127514 1.127514 1.127514 0.1274504 0.1274504 0.08844791 0.08844791
5.291664 5.291664 5.291664 0.5467123 0.5467123 0.005218123 0.005218123 0.2121545 0.2121545 0.2121545 0.8983551 0.8983551 0.02696436 0.02696436 0.02696436 1.157498 1.157498 0.9237857 0.9237857 0.9237857 0.7357556 0.7357556 1.846076 1.846076 4.583514 4.583514 4.583514 4.648239 4.648239 4.989313 4.989313 4.989313 1.874661 1.874661 5.354036 5.354036 3.113112 3.113112 3.113112 0.3632428 0.3632428 0.8336329 0.8336329 0.8336329 0.4820673 0.4820673 0.001148278 0.001148278 6.600554e-006 6.600554e-006 6.600554e-006 0.04778197 0.04778197 1.229963 1.229963 1.229963 1.704423 1.704423 2.614582 2.614582 0.2486559 0.2486559 0.2486559 0.02107934 0.02107934 0.2844177 0.2844177 0.2844177 0.0245765 0.0245765 0.04249408 0.04249408
3.137676 3.137676 3.137676 0.3607586 0.3607586 0.1025719 0.1025719 0.8365457 0.8365457 0.8365457 2.291071 2.291071 0.03338646 0.03338646 0.03338646 0.4452376 0.4452376 1.020995 1.020995 1.020995 1.27772 1.27772 2.547264 2.547264 3.718092 3.718092 3.718092 1.563989 1.563989 4.957804 4.957804 4.957804 2.030641 2.030641 4.999341 4.999341 4.473655 4.473655 4.473655 0.726078 0.726078 0.4709027 0.4709027 0.4709027 0.1987588 0.1987588 0.000509691 0.000509691 9.678404e-007 9.678404e-007 9.678404e-007 0.006997501 0.006997501 0.2460777 0.2460777 0.2460777 0.8462641 0.8462641 2.325971 2.325971 0.2382582 0.2382582 0.2382582 0.0007078319 0.0007078319 0.01101228 0.01101228 0.01101228 0.0008248326 0.0008248326 0.1057709 0.1057709
1.513195 1.513195 1.513195 0.8069382 0.8069382 0.4002918 0.4002918 1.748207 1.748207 1.748207 2.209509 2.209509 0.03050776 0.03050776 0.03050776 0.4533613 0.4533613 1.309197 1.309197 1.309197 1.887596 1.887596 4.905939 4.905939 5.069613 5.069613 5.069613 0.5741948 0.5741948 4.46641 4.46641 4.46641 3.369484 3.369484 3.832057 3.832057 3.50863 3.50863 3.50863 0.7900844 0.7900844 1.336128 1.336128 1.336128 0.4573599 0.4573599 0.001536894 0.001536894 1.581628e-007 1.581628e-007 1.581628e-007 0.0008174196 0.0008174196 0.04267676 0.04267676 0.04267676 0.2396433 0.2396433 1.149046 1.149046 0.1184895 0.1184895 0.1184895 6.634554e-005 6.634554e-005 0.0005514548 0.0005514548 0.0005514548 0.001203839 0.001203839 0.1578841 0.1578841
0.6671149 0.6671149 0.6671149 1.278239 1.278239 0.9002979 0.9002979 3.01357 3.01357 3.01357 1.291573 1.291573 0.01829121 0.01829121 0.01829121 0.3200953 0.3200953 0.9191692 0.9191692 0.9191692 1.807124 1.807124 7.194126 7.194126 6.207288 6.207288 6.207288 0.3387785 0.3387785 3.683446 3.683446 3.683446 5.435247 5.435247 4.133759 4.133759 2.853542 2.853542 2.853542 0.9345268 0.9345268 2.55335 2.55335 2.55335 0.911032 0.911032 0.005860253 0.005860253 3.528416e-007 3.528416e-007 3.528416e-007 4.798065e-005 4.798065e-005 0.004350039 0.004350039 0.004350039 0.03658289 0.03658289 0.3154404 0.3154404 0.03261247 0.03261247 0.03261247 1.097098e-005 1.097098e-005 0.0001551853 0.0001551853 0.0001551853 0.01656035 0.01656035 0.2553029 0.2553029
0.8319826 0.8319826 0.8319826 0.7379217 0.7379217 1.125075 1.125075 3.273518 3.273518 3.273518 0.257133 0.257133 0.03568247 0.03568247 0.03568247 0.285202 0.285202 0.1610455 0.1610455 0.1610455 1.802283 1.802283 8.773304 8.773304 5.791314 5.791314 -9999 -9999 0.5674489 3.529628 3.529628 3.529628 6.946903 6.946903 5.470574 5.470574 2.073402 2.073402 2.073402 0.8338026 0.8338026 2.955282 2.955282 2.955282 1.966034 1.966034 0.02987978 0.02987978 2.307532e-006 2.307532e-006 2.307532e-006 1.924462e-007 1.924462e-007 4.771196e-005 4.771196e-005 4.771196e-005 0.0007578493 0.0007578493 0.01359997 0.01359997 0.001409829 0.001409829 0.001409829 9.446972e-006 9.446972e-006 0.005434655 0.005434655 0.005434655 0.335518 0.335518 1.293698 1.293698
2.103541 2.103541 2.103541 0.2774439 0.2774439 0.6447653 0.6447653 1.823029 1.823029 1.823029 0.06880997 0.06880997 0.1167501 0.1167501 0.1167501 0.8314846 0.8314846 0.07059412 0.07059412 0.07059412 2.155284 2.155284 8.706579 8.706579 4.998506 -9999 -9999 -9999 -9999 4.457234 4.457234 4.457234 5.874709 5.874709 4.971208 4.971208 1.215817 1.215817 1.215817 0.5031521 0.5031521 2.517708 2.517708 2.517708 2.71442 2.71442 0.0446678 0.0446678 3.493528e-006 3.493528e-006 3.493528e-006 2.191451e-009 2.191451e-009 1.064834e-006 1.064834e-006 1.064834e-006 2.949394e-005 2.949394e-005 0.0007207029 0.0007207029 0.0001441973 0.0001441973 0.0001441973 0.000342737 0.000342737 0.03193954 0.03193954 0.03193954 1.230778 1.230778 2.529354 2.529354
4.727574 4.727574 4.727574 0.1879172 0.1879172 0.1098136 0.1098136 0.5297096 0.5297096 0.5297096 0.01719061 0.01719061 0.2060716 0.2060716 0.2060716 1.54418 1.54418 0.5524123 0.5524123 0.5524123 2.002815 2.002815 6.073552 6.073552 4.105017 -9999 -9999 -9999 -9999 5.009244 5.009244 5.009244 3.531703 3.531703 4.105427 4.105427 1.108106 1.108106 1.108106 0.8535168 0.8535168 1.776288 1.776288 1.776288 1.811064 1.811064 0.0236725 0.0236725 1.867344e-006 1.867344e-006 1.867344e-006 7.957416e-008 7.957416e-008 2.037259e-009 2.037259e-009 2.037259e-009 7.901937e-008 7.901937e-008 5.860075e-006 5.860075e-006 0.005390813 0.005390813 0.005390813 0.02587593 0.02587593 0.1582343 0.1582343 0.1582343 3.104584 3.104584 3.209388 3.209388
4.36677 4.36677 4.36677 0.1700415 0.1700415 0.08877145 0.08877145 0.9827794 0.9827794 0.9827794 0.03579661 0.03579661 0.1264569 0.1264569 0.1264569 1.188961 1.188961 1.685334 1.685334 1.685334 1.675295 1.675295 3.240691 3.240691 3.731639 3.731639 -9999 -9999 -9999 -9999 3.985498 3.985498 2.8321 2.8321 3.371519 3.371519 1.486578 1.486578 1.486578 2.186665 2.186665 1.894882 1.894882 1.894882 0.7374856 0.7374856 0.00688634 0.00688634 8.924822e-006 8.924822e-006 8.924822e-006 7.295174e-006 7.295174e-006 1.022873e-007 1.022873e-007 1.022873e-007 1.828111e-008 1.828111e-008 2.945919e-005 2.945919e-005 0.04217843 0.04217843 0.04217843 0.2020801 0.2020801 0.2148052 0.2148052 0.2148052 3.161743 3.161743 2.845417 2.845417
2.377704 2.377704 2.377704 0.09386013 0.09386013 0.128655 0.128655 1.550403 1.550403 1.550403 0.05684124 0.05684124 0.03912754 0.03912754 0.03912754 0.7680379 0.7680379 2.703049 2.703049 2.703049 1.057745 1.057745 1.43003 1.43003 4.305986 4.305986 4.305986 -9999 -9999 -9999 2.524507 2.524507 3.03406 3.03406 3.364599 3.364599 1.870039 1.870039 1.870039 4.247354 4.247354 3.058244 3.058244 3.058244 0.238331 0.238331 0.001450789 0.001450789 0.0003864996 0.0003864996 0.0003864996 0.0003340681 0.0003340681 5.515861e-006 5.515861e-006 5.515861e-006 1.413123e-006 1.413123e-006 0.0002344426 0.0002344426 0.1731411 0.1731411 0.1731411 0.8286418 0.8286418 0.1653395 0.1653395 0.1653395 2.524543 2.524543 3.099129 3.099129
0.3199516 0.3199516 0.3199516 0.01372925 0.01372925 0.0717216 0.0717216 0.865203 0.865203 0.865203 0.03172107 0.03172107 0.005102404 0.005102404 0.005102404 0.5870871 0.5870871 1.740892 1.740892 1.740892 0.2368426 0.2368426 0.7613137 0.7613137 4.653413 4.653413 4.653413 5.290138 -9999 -9999 -9999 -9999 -9999 2.598504 4.581831 4.581831 3.769179 3.769179 3.769179 6.657706 6.657706 4.210776 4.210776 4.210776 0.1896487 0.1896487 0.02976991 0.02976991 0.03265155 0.03265155 0.03265155 0.02836949 0.02836949 0.0007736109 0.0007736109 0.0007736109 0.0003438047 0.0003438047 0.01072975 0.01072975 0.48458 0.48458 0.48458 2.264531 2.264531 0.1049745 0.1049745 0.1049745 2.764323 2.764323 5.64901 5.64901
0.04629344 0.04629344 0.04629344 0.01946379 0.01946379 0.02361228 0.02361228 0.2459387 0.2459387 0.2459387 0.009010354 0.009010354 0.01191015 0.01191015 0.01191015 1.220417 1.220417 1.289351 1.289351 1.289351 0.2089151 0.2089151 0.5299284 0.5299284 4.082188 4.082188 4.082188 7.292429 7.292429 -9999 -9999 -9999 -9999 -9999 4.937391 4.937391 5.237641 5.237641 5.237641 6.596353 6.596353 -9999 3.629195 3.629195 0.4514222 0.4514222 0.2473902 0.2473902 0.2668902 0.2668902 0.2668902 0.2339474 0.2339474 0.01076107 0.01076107 0.01076107 0.006048392 0.006048392 0.08376178 0.08376178 0.5668702 0.5668702 0.5668702 2.261904 2.261904 0.2469671 0.2469671 0.2469671 2.745185 2.745185 6.085997 6.085997
0.1985142 0.1985142 0.1985142 0.4322289 0.4322289 0.08854429 0.08854429 0.0257466 0.0257466 0.0257466 0.0004218271 0.0004218271 0.0291799 0.0291799 0.0291799 2.68072 2.68072 1.726885 1.726885 1.726885 1.478502 1.478502 1.233511 1.233511 4.486708 4.486708 4.486708 7.81391 7.81391 6.387319 6.387319 -9999 -9999 -9999 -9999 -9999 -9999 -9999 -9999 -9999 6.007031 -9999 3.278452 3.278452 2.042625 2.042625 1.777996 1.777996 1.790803 1.790803 1.790803 1.624228 1.624228 0.1896339 0.1896339 0.1896339 0.1262721 0.1262721 0.5141817 0.5141817 0.813659 0.813659 0.813659 0.9316745 0.9316745 1.161444 1.161444 1.161444 1.388781 1.388781 3.790804 3.790804
