current/PRECSD.asc
NCOLS 720 
NROWS 360 
XLLCORNER -180 
YLLCORNER -90 
CELLSIZE 0.5 
NODATA_value -9999 
[rows 196 to 223 of 360, columns 252 to 314 of 720]
0.685155343181434 0.686292948635717 0.68999015006468 0.688247125970357 0.677276565089976 0.676130846035047 0.671174985043033 0.680600323205788 0.687225144980019 0.685126026328088 0.679556142106526 0.699633340458268 0.735776777319654 0.747878115818832 0.745599697651446 0.763282734173638 0.796004979396382 0.796267652639227 0.798541860238157 0.811919737731288 0.827870485608266 0.830411328711765 0.870751457068477 0.94063267254926 0.97190116447396 0.962294541205479 0.910347637821224 0.891019544141563 0.903732718171604 0.949893246923537 0.891705864356109 0.866084039929205 0.826848961830715 0.787545471380546 0.714390599033825 0.655023461182028 0.610092655162035 0.58294924543813 0.605082611832079 -9999 -9999 -9999 -9999 -9999 -9999 -9999 -9999 -9999 -9999 -9999 -9999 -9999 -9999 -9999 -9999 -9999 -9999 -9999 -9999 -9999 -9999 -9999 -9999
0.695434126034296 0.697129861332837 0.699788201605218 0.699345397101435 0.693713202977586 0.689588753873482 0.688867714463171 0.690050382188154 0.696667740544769 0.719021610085555 0.734987868971763 0.747347609481247 0.758646029866541 0.767991883585608 0.77059845397857 0.790173167395612 0.814778077062281 0.800303989722555 0.795634243443087 0.818899898531753 0.837248525179078 0.836574324422592 0.847077584911771 0.892114211517218 0.914435768307383 0.906306272091779 0.906605665045345 0.872935577780731 0.91343849767456 0.950032428128072 0.907627982101584 0.81745397683553 0.677265869134056 0.593606326449293 0.558701782835995 0.581623096248079 0.587263582853856 0.578245669794448 -9999 -9999 -9999 -9999 -9999 -9999 -9999 -9999 -9999 -9999 -9999 -9999 -9999 -9999 -9999 -9999 -9999 -9999 -9999 -9999 -9999 -9999 -9999 -9999 -9999
0.70548073268849 0.709302101228024 0.710862837500141 0.71122623269509 0.709294976162822 0.706410268772164 0.70443045299866 0.698419929311632 0.707050394493296 0.750748091611813 0.768118760377151 0.769170199148799 0.776061537938364 0.785195048341934 0.784572504374778 0.80777738797293 0.827316676636429 0.812469556040365 0.80904075218275 0.814846363023976 0.842990566786709 0.860528471842091 0.871053763221988 0.886716823951048 0.902497505457981 0.930713043824394 0.926171677740061 0.882937632883147 0.840784458555262 0.831596308356026 0.756509427899629 0.532557103269189 0.48852915024396 0.548579282770693 0.59671823485122 0.615003660220939 0.61193649287325 0.57865060351953 -9999 -9999 -9999 -9999 -9999 -9999 -9999 -9999 -9999 -9999 -9999 -9999 -9999 -9999 -9999 -9999 -9999 -9999 -9999 -9999 -9999 -9999 -9999 -9999 -9999
0.719727562345802 0.723531812039274 0.724032959987229 0.725952953154968 0.726046598001225 0.726306839222641 0.726365589651026 0.720605225237681 0.729058956847026 0.757027605794169 0.769180335605195 0.772997231151386 0.777208844516421 0.790075044289713 0.796850909801284 0.819307578619415 0.839574593785286 0.851168779166251 0.835993916020757 0.840097333807105 0.877778406281992 0.890769947491754 0.872852249795856 0.904787167972343 0.918679967032083 0.938442704300874 0.919704122719302 0.841280089821826 0.714349207255249 0.650869144926977 0.534532897580811 0.434678618439539 0.468898471674103 0.573472152208889 0.665853592654506 0.645948940515632 0.633119574618178 -9999 -9999 -9999 -9999 -9999 -9999 -9999 -9999 -9999 -9999 -9999 -9999 -9999 -9999 -9999 -9999 -9999 -9999 -9999 -9999 -9999 -9999 -9999 -9999 -9999 -9999
0.739809485892654 0.740172218079544 0.736552621639465 0.74017034200594 0.746080447132763 0.753720620062424 0.756990088408157 0.754364440020608 0.75556872390384 0.763304791076745 0.772314881417231 0.775941783415804 0.776372969107432 0.78944301795857 0.803400051617838 0.815376374803466 0.830285744541605 0.847608051112618 0.854655338140693 0.862496995114361 0.876780575265197 0.881451319264081 0.897316265167713 0.911822215506482 0.874168665561193 0.84296676383263 0.810743069629423 0.524579181839058 0.48648499335843 0.432495730620279 0.3754231952373 0.41581722961387 0.471759819233175 0.58845920939705 0.645171404665622 0.650797570482992 -9999 -9999 -9999 -9999 -9999 -9999 -9999 -9999 -9999 -9999 -9999 -9999 -9999 -9999 -9999 -9999 -9999 -9999 -9999 -9999 -9999 -9999 -9999 -9999 -9999 -9999 -9999
0.754975654480018 0.751396362542368 0.746762443566435 0.756830584015816 0.769108237671552 0.786164021831614 0.793908907299201 0.786892268160588 0.779234540364751 0.77423380605769 0.774766748908865 0.775828025721954 0.781945615943595 0.795627144307283 0.80558521523437 0.811717707683202 0.821725130946176 0.850210297466926 0.8697954198044 0.871930911716581 0.853988278075197 0.871856619655278 0.906677125164663 0.895023588259534 0.880642527922245 0.840592337807645 0.717329723738118 0.41269412136269 0.445449569290041 0.378636351014402 0.369477108354405 0.420581702832821 0.507257074874726 0.599017504053148 0.641455363084911 -9999 -9999 -9999 -9999 -9999 -9999 -9999 -9999 -9999 -9999 -9999 -9999 -9999 -9999 -9999 -9999 -9999 -9999 -9999 -9999 -9999 -9999 -9999 -9999 -9999 -9999 -9999 -9999
0.762210599701519 0.761150855830092 0.763987815740124 0.778263641941912 0.791638682853643 0.819990294713222 0.828563487380996 0.813353838249898 0.800678778712814 0.7865138233979 0.78780642061658 0.797625623352983 0.802668758824928 0.812859797333717 0.812142134600604 0.811811818934363 0.822237734693577 0.831192274898747 0.834797672016167 0.878243689494521 0.880139053421416 0.875615217807379 0.883059733727717 0.887233581350038 0.899578384784878 0.782345343143106 0.537560951406103 0.424906548802235 0.427971072989812 0.375878788630308 0.348745762370384 0.391975793987906 0.476564305060473 0.578599858154871 -9999 -9999 -9999 -9999 -9999 -9999 -9999 -9999 -9999 -9999 -9999 -9999 -9999 -9999 -9999 -9999 -9999 -9999 -9999 -9999 -9999 -9999 -9999 -9999 -9999 -9999 -9999 -9999 -9999
0.769970662514583 0.769613133652316 0.773027108699325 0.777926666841527 0.780496374642411 0.811566300621638 0.822576977541629 0.823091027744837 0.826472347767311 0.801910243886442 0.801687760981709 0.821143764427827 0.834671119074359 0.84207099362745 0.833737876819583 0.828428059657158 0.842933814683973 0.840785121099098 0.852936148265067 0.877601500133955 0.891014748075321 0.892558880642058 0.871109485243074 0.882137954709729 0.823383371089223 0.596242118960673 0.336525975434986 0.363283514162325 0.382713357013468 0.303588942822084 0.286897727994216 0.360058552295657 0.460210341807081 0.50390538950893 -9999 -9999 -9999 -9999 -9999 -9999 -9999 -9999 -9999 -9999 -9999 -9999 -9999 -9999 -9999 -9999 -9999 -9999 -9999 -9999 -9999 -9999 -9999 -9999 -9999 -9999 -9999 -9999 -9999
0.779900145712851 0.777714769269123 0.777776635466311 0.770267447286811 0.756408289281165 0.783749523656921 0.802952508769295 0.819429566458865 0.83223807126663 0.80342309201103 0.819352290014614 0.852481858237305 0.85981059106462 0.862178097487605 0.853793741466907 0.847713763147524 0.847677426348282 0.84375659210433 0.836483349870491 0.838929879023064 0.866643373502917 0.879443023355936 0.886327498285585 0.841344303833953 0.717427272043103 0.532047694823421 0.41209693686578 0.473131326031451 0.344732869680993 0.26464693547022 0.33483634436075 0.449721795889219 0.480679218482919 -9999 -9999 -9999 -9999 -9999 -9999 -9999 -9999 -9999 -9999 -9999 -9999 -9999 -9999 -9999 -9999 -9999 -9999 -9999 -9999 -9999 -9999 -9999 -9999 -9999 -9999 -9999 -9999 -9999 -9999
0.78648660409403 0.78427190095445 0.788905754830163 0.788391650652753 0.786284440211118 0.791836641770149 0.804333923408232 0.81678369820773 0.824146056498793 0.813773973601901 0.844003040539902 0.873626660095245 0.862890953358506 0.855660004909251 0.84545755629224 0.846844319315275 0.848152835711513 0.843688740959472 0.836711906642894 0.849351788747788 0.88882368437191 0.892462364870968 0.876169200171655 0.851803494175559 0.72800505013754 0.601662474940385 0.534321289064686 0.570405613584311 0.428618699823467 0.264230648201146 0.426804825410605 0.455933138236946 -9999 -9999 -9999 -9999 -9999 -9999 -9999 -9999 -9999 -9999 -9999 -9999 -9999 -9999 -9999 -9999 -9999 -9999 -9999 -9999 -9999 -9999 -9999 -9999 -9999 -9999 -9999 -9999 -9999 -9999 -9999
0.774961695970178 0.778150938032738 0.794979069571736 0.799610344723528 0.800417024548462 0.808170981184768 0.819688548081289 0.836528887220747 0.838532378264353 0.835151323867608 0.84447936358873 0.846065037752816 0.84411416634772 0.847529348854617 0.834506308130576 0.828447691977352 0.855558949039339 0.877296432391037 0.889206861340689 0.897677624103693 0.924592268307493 0.926645329694914 0.892601592937821 0.85422474569636 0.619547693795466 0.585549624752324 0.630180833905573 0.439317577376649 0.248090854802623 0.224438709952028 0.326070427662922 -9999 -9999 -9999 -9999 -9999 -9999 -9999 -9999 -9999 -9999 -9999 -9999 -9999 -9999 -9999 -9999 -9999 -9999 -9999 -9999 -9999 -9999 -9999 -9999 -9999 -9999 -9999 -9999 -9999 -9999 -9999 -9999
0.746925304696544 0.765141540548861 0.779887777986648 0.782315762047237 0.796275301209257 0.815499232568182 0.837927473423591 0.855102005210968 0.851649691234031 0.832960379253791 0.824499008988977 0.825224770949244 0.833791708777827 0.830830423925727 0.839943795909041 0.831025832211798 0.879445811737321 0.927466530767119 0.92359683872373 0.909522366627063 0.93129424227246 0.928549622785774 0.926294775898577 0.891982282212892 0.793284485649901 0.691942492739921 0.752978233742837 0.45089389257842 0.168719582755046 0.169437160919548 -9999 -9999 -9999 -9999 -9999 -9999 -9999 -9999 -9999 -9999 -9999 -9999 -9999 -9999 -9999 -9999 -9999 -9999 -9999 -9999 -9999 -9999 -9999 -9999 -9999 -9999 -9999 -9999 -9999 -9999 -9999 -9999 -9999
0.759959367516326 0.779126601673069 0.781450295979978 0.786272367277842 0.801253808948338 0.817901951376522 0.843559851707292 0.868950718686001 0.867391019484934 0.845772021489545 0.825906540552864 0.827072199220635 0.818840028260118 0.83109611291084 0.835924842172877 0.81466941622091 0.861663304967831 0.924901867896575 0.959909942307581 0.948832021177366 0.951589529082201 0.949656884168761 0.956560409574156 0.900506040407868 0.878911599892166 0.791875762075174 0.77665169700642 0.480029497233721 0.238821881259413 0.178705917276933 0.190890225056977 -9999 -9999 -9999 -9999 -9999 -9999 -9999 -9999 -9999 -9999 -9999 -9999 -9999 -9999 -9999 -9999 -9999 -9999 -9999 -9999 -9999 -9999 -9999 -9999 -9999 -9999 -9999 -9999 -9999 -9999 -9999 -9999
0.78208934026005 0.786727433083081 0.793305190050754 0.806815004370669 0.81197131901642 0.81984226913926 0.836815888425629 0.850368157149952 0.854758221228284 0.844560439473269 0.814707355159409 0.805513046273493 0.803265974741248 0.842053483639217 0.83813748435978 0.824576346482746 0.859365212018333 0.912070899041391 0.93391356955802 0.944520917550817 0.975220417423574 0.948612126924282 0.949888062192841 0.922775042698037 0.915806439095494 0.857063674880463 0.674793435029909 0.416937822356196 0.305226474423547 0.179059076346294 -9999 -9999 -9999 -9999 -9999 -9999 -9999 -9999 -9999 -9999 -9999 -9999 -9999 -9999 -9999 -9999 -9999 -9999 -9999 -9999 -9999 -9999 -9999 -9999 -9999 -9999 -9999 -9999 -9999 -9999 -9999 -9999 -9999
0.785943796545703 0.793777990145465 0.792068889798431 0.803644171487287 0.817943804375626 0.833720704328105 0.849701099971433 0.844032252719284 0.810349652690494 0.800117729629838 0.793935271641035 0.799867171776357 0.795663994605978 0.840894468309894 0.843132905140852 0.859062032140596 0.882857322182794 0.921469878146043 0.946296601678257 0.964828932267594 0.957289279174204 0.935930068880173 0.921073409635778 0.879580384697451 0.8688841857665 0.812962067283419 0.59008183357444 0.459779148247281 0.356057873715572 0.163540617176005 -9999 -9999 -9999 -9999 -9999 -9999 -9999 -9999 -9999 -9999 -9999 -9999 -9999 -9999 -9999 -9999 -9999 -9999 -9999 -9999 -9999 -9999 -9999 -9999 -9999 -9999 -9999 -9999 -9999 -9999 -9999 -9999 -9999
0.785750609990565 0.814563245043683 0.815707932723079 0.811861908589979 0.825022274920431 0.847133033008879 0.856656531562223 0.848170352052026 0.807494675689647 0.787356535775987 0.768309450723013 0.768698635437121 0.779605937105805 0.821169728276143 0.85733364878798 0.887853150159426 0.900365085253416 0.925207183022087 0.94075231143886 0.920220113781811 0.943002989680669 0.956676102402535 0.935180522765026 0.878287868335296 0.829957279744078 0.721729046659089 0.542662041745435 0.542276470090132 0.36816516040639 0.180770506001617 0.142580579640337 -9999 -9999 -9999 -9999 -9999 -9999 -9999 -9999 -9999 -9999 -9999 -9999 -9999 -9999 -9999 -9999 -9999 -9999 -9999 -9999 -9999 -9999 -9999 -9999 -9999 -9999 -9999 -9999 -9999 -9999 -9999 -9999
0.776231099443589 0.79511330613525 0.809652309075104 0.821962078777673 0.843278764962734 0.849093541347514 0.853870006012933 0.831221701799151 0.797374447168996 0.772405138330362 0.759659572922017 0.770536276115491 0.78422852625805 0.78917849625167 0.835003603248676 0.852999916035118 0.882651392773257 0.913669911429475 0.873795962022229 0.892347272795894 0.961708710352947 0.93995872467977 0.913921116246775 0.884047749181425 0.857337044104975 0.726358402478126 0.589965238004537 0.480368870850889 0.331715845401955 0.208550584508742 0.227232376996885 -9999 -9999 -9999 -9999 -9999 -9999 -9999 -9999 -9999 -9999 -9999 -9999 -9999 -9999 -9999 -9999 -9999 -9999 -9999 -9999 -9999 -9999 -9999 -9999 -9999 -9999 -9999 -9999 -9999 -9999 -9999 -9999
0.737653065806669 0.762952769252698 0.782463186624963 0.79318779600154 0.804473010701212 0.809343694241819 0.804101815663497 0.795176617247782 0.778017779425457 0.766196268768841 0.752133644057309 0.743705393440026 0.729958521755615 0.703324031354247 0.76503225423476 0.842853722139773 0.879672629951413 0.909466549500427 0.86106332877665 0.87798766006053 0.945273530309258 0.924747004522208 0.91009923845368 0.903072257617157 0.833857821498658 0.698342090853281 0.526413981599367 0.340094268233472 0.273551648486446 0.174060117458769 -9999 -9999 -9999 -9999 -9999 -9999 -9999 -9999 -9999 -9999 -9999 -9999 -9999 -9999 -9999 -9999 -9999 -9999 -9999 -9999 -9999 -9999 -9999 -9999 -9999 -9999 -9999 -9999 -9999 -9999 -9999 -9999 -9999
0.702535212164675 0.71713895154977 0.738063253102932 0.74164753373195 0.739512556094588 0.748715257468475 0.764478783933983 0.779104832592719 0.778925507364235 0.778902789589608 0.776629200404818 0.772667294812792 0.729125383722072 0.669689779229827 0.704460428133711 0.853180213857564 0.893710290335159 0.885772822997441 0.88101501316474 0.885240819861644 0.910565916964354 0.916380875795409 0.906470150960339 0.85971432997008 0.760049747583777 0.659221770391414 0.540774795724562 0.391902635152488 0.283299912364403 0.245195922168563 -9999 -9999 -9999 -9999 -9999 -9999 -9999 -9999 -9999 -9999 -9999 -9999 -9999 -9999 -9999 -9999 -9999 -9999 -9999 -9999 -9999 -9999 -9999 -9999 -9999 -9999 -9999 -9999 -9999 -9999 -9999 -9999 -9999
0.681814773782927 0.680923387395095 0.693844629366083 0.701034163518667 0.706578810993436 0.715843089849256 0.750717325362815 0.775456937597682 0.782479237579795 0.790430390249575 0.810872980825757 0.818690005642846 0.781827273044859 0.75600619225439 0.817254020750665 0.872841955266467 0.875064931358247 0.879690050128394 0.898573567794454 0.910776159764911 0.893217946927055 0.893839086861094 0.866110229439141 0.815803604547911 0.748292821563064 0.65497264328861 0.554043104988171 0.441043863774634 0.281611375102432 0.247437994917175 -9999 -9999 -9999 -9999 -9999 -9999 -9999 -9999 -9999 -9999 -9999 -9999 -9999 -9999 -9999 -9999 -9999 -9999 -9999 -9999 -9999 -9999 -9999 -9999 -9999 -9999 -9999 -9999 -9999 -9999 -9999 -9999 -9999
0.660280225917907 0.657708443912263 0.665191295759093 0.681972827973154 0.694304776328147 0.71476931677456 0.736968577060148 0.767736753888797 0.786602332477744 0.815404489535382 0.829200483106985 0.838584646208065 0.829027140321644 0.820100002807333 0.837861732472347 0.858559603723682 0.870031015193303 0.876300664972489 0.890079013716804 0.917645956396775 0.868753761266754 0.855417603300983 0.825739315381985 0.805980844406458 0.759717644334333 0.669185186934101 0.577551751979615 0.463294388171807 0.325699570366987 -9999 -9999 -9999 -9999 -9999 -9999 -9999 -9999 -9999 -9999 -9999 -9999 -9999 -9999 -9999 -9999 -9999 -9999 -9999 -9999 -9999 -9999 -9999 -9999 -9999 -9999 -9999 -9999 -9999 -9999 -9999 -9999 -9999 -9999
0.631572917225108 0.637676900701106 0.644721541911394 0.664784081064155 0.688521287275415 0.714831957712404 0.735858477338153 0.761726319794942 0.782738211267657 0.802574102009094 0.798557759415218 0.825298810916466 0.826802942890271 0.822014465922903 0.813910039929838 0.829735666604063 0.856296769158612 0.8750865217163 0.879114161994053 0.878086652019585 0.854600600131361 0.855094115508764 0.81073441744504 0.784288662769594 0.757710131923457 0.684506535523509 0.608002871835684 0.504919705096233 0.405347848702458 -9999 -9999 -9999 -9999 -9999 -9999 -9999 -9999 -9999 -9999 -9999 -9999 -9999 -9999 -9999 -9999 -9999 -9999 -9999 -9999 -9999 -9999 -9999 -9999 -9999 -9999 -9999 -9999 -9999 -9999 -9999 -9999 -9999 -9999
0.604252803218813 0.615301966284074 0.634804771347954 0.65587029111565 0.675883716781504 0.709128020682975 0.732023139130676 0.752801303135226 0.769346496030532 0.777351475120861 0.777312567075232 0.783788283286681 0.795368806578275 0.797772510573319 0.795654212994658 0.814061837604241 0.844777632140195 0.856411129031195 0.856205195517827 0.8628304469206 0.858994167549828 0.847650397202693 0.806285619508413 0.775133308279173 0.745478907183255 0.709173475949118 0.628786297655113 0.539624876935316 0.446683847921849 -9999 -9999 -9999 -9999 -9999 -9999 -9999 -9999 -9999 -9999 -9999 -9999 -9999 -9999 -9999 -9999 -9999 -9999 -9999 -9999 -9999 -9999 -9999 -9999 -9999 -9999 -9999 -9999 -9999 -9999 -9999 -9999 -9999 -9999
0.578003601891284 0.594857645282555 0.613819924769922 0.639042971546723 0.661823403499304 0.694180316242627 0.711754247629687 0.741734283865238 0.768136391949909 0.770368460440215 0.761253250038871 0.756641871552327 0.764718374401886 0.759673770307677 0.75529108399723 0.806253897909536 0.833453474864155 0.857364945737605 0.871887756637932 0.875734659936373 0.870482150663266 0.836760109307689 0.801586336171894 0.764170255859217 0.730179416519295 0.684603610505954 0.598358081163459 0.520350370284711 -9999 -9999 -9999 -9999 -9999 -9999 -9999 -9999 -9999 -9999 -9999 -9999 -9999 -9999 -9999 -9999 -9999 -9999 -9999 -9999 -9999 -9999 -9999 -9999 -9999 -9999 -9999 -9999 -9999 -9999 -9999 -9999 -9999 -9999 -9999
0.550027449189392 0.566747751207275 0.585648282865883 0.609818796363049 0.635199325001559 0.667294649958688 0.681936952184611 0.712014293893644 0.758695870518661 0.777509806204267 0.762245669885049 0.77545073695197 0.790297920460976 0.773436042013593 0.770990196248504 0.793154615503198 0.797886061627723 0.820608641923039 0.877693264127849 0.866379210815312 0.847792601644563 0.819963862576132 0.792129030062184 0.735583909867947 0.687395553257403 0.612294667959292 0.520695523476142 0.465429725908549 -9999 -9999 -9999 -9999 -9999 -9999 -9999 -9999 -9999 -9999 -9999 -9999 -9999 -9999 -9999 -9999 -9999 -9999 -9999 -9999 -9999 -9999 -9999 -9999 -9999 -9999 -9999 -9999 -9999 -9999 -9999 -9999 -9999 -9999 -9999
0.515574235718355 0.532101286704044 0.553867909171423 0.580101389722725 0.59404066498815 0.621723883310169 0.659995301361799 0.681155789756539 0.720827632486456 0.752815590287804 0.775706626302957 0.789561263356582 0.762593757073586 0.759246416377879 0.765102130810102 0.763139056173229 0.764905487026304 0.792063622113857 0.823773977391325 0.821039348579315 0.801895341091086 0.783693646464039 0.751815566350348 0.708625575142153 0.659713659699069 0.581518885350028 0.488082479656597 0.453970629258514 -9999 -9999 -9999 -9999 -9999 -9999 -9999 -9999 -9999 -9999 -9999 -9999 -9999 -9999 -9999 -9999 -9999 -9999 -9999 -9999 -9999 -9999 -9999 -9999 -9999 -9999 -9999 -9999 -9999 -9999 -9999 -9999 -9999 -9999 -9999
0.480708538460162 0.494558757381905 0.51360204060556 0.551164732648727 0.58001940327912 0.609991014912137 0.652654890820261 0.666034410798655 0.678044899084192 0.717203085658557 0.75362567135509 0.756736445161712 0.720597983662596 0.740563082070363 0.739076158285689 0.726866204021645 0.72913453163223 0.762285685562826 0.800720185218776 0.78999933632887 0.765759529745156 0.77237848845476 0.768485656433587 0.730916226548261 0.665614092739533 0.558146543289968 0.501789279491719 -9999 -9999 -9999 -9999 -9999 -9999 -9999 -9999 -9999 -9999 -9999 -9999 -9999 -9999 -9999 -9999 -9999 -9999 -9999 -9999 -9999 -9999 -9999 -9999 -9999 -9999 -9999 -9999 -9999 -9999 -9999 -9999 -9999 -9999 -9999 -9999
0.457076604403487 0.458857853680439 0.465331083286647 0.481342810495924 0.520865726207066 0.562023501078375 0.592689875735099 0.624525906076158 0.628782424906508 0.669210685843754 0.71415121613018 0.721005035684713 0.716435075240202 0.732853294498068 0.72101520369179 0.711915461710214 0.719192806730764 0.759409869425065 0.768775193595363 0.765120534300601 0.757404697842898 0.757517383359954 0.749253495691716 0.688129294882488 0.58817519979778 0.496469826181996 -9999 -9999 -9999 -9999 -9999 -9999 -9999 -9999 -9999 -9999 -9999 -9999 -9999 -9999 -9999 -9999 -9999 -9999 -9999 -9999 -9999 -9999 -9999 -9999 -9999 -9999 -9999 -9999 -9999 -9999 -9999 -9999 -9999 -9999 -9999 -9999 -9999
