current/PRECSD.asc
NCOLS 720 
NROWS 360 
XLLCORNER -180 
YLLCORNER -90 
CELLSIZE 0.5 
NODATA_value -9999 
[rows 56 to 83 of 360, columns 63 to 125 of 720]
0.353359842171271 0.362769356436765 0.391983325234343 0.422168721427511 0.406356276480635 0.421256110541821 0.438492707178494 0.411672079777179 0.402914720313829 0.42590422402764 0.436224255926416 0.44622609769302 0.453342619271962 0.47012422466917 0.48557527177352 0.49892918633951 0.531051922440583 0.593779947139264 0.718376782887568 0.774074085374076 0.731264077512196 0.678470080610289 0.633339633779266 0.642924839072746 0.618746865870127 0.611746868689724 0.560380684505519 0.488625482333059 0.490500106469138 0.508930321432719 0.50668678821553 0.508212757746069 0.489441528570485 0.4288626624614 0.377246849187733 0.342072723896326 0.325529648524482 0.30871618048693 0.317647588446721 0.32718882869042 0.337955283215748 0.359565043821181 0.372266090753201 0.384159909163827 0.406340546505669 0.42876514288032 0.461025227101851 0.490391681004154 0.499403251873143 0.50497332260315 0.506208596797269 0.495435089076496 0.4778788079839 0.44454565962218 0.418600147511051 0.407414646918919 0.398296295492998 0.388071797192233 0.376104472263143 0.365141087904965 0.356128872962131 0.350655385919286 0.350293508549244
0.282984044110776 0.291855919351551 0.297667240527827 0.294544741799114 0.295272207090516 0.302320240011895 0.307981119605301 0.305409776398723 0.292524233597708 0.288516639158863 0.292124919201824 0.299246609067771 0.310667844710455 0.335787130960071 0.369048044577551 0.398983445756076 0.432725941055598 0.458400988876497 0.535796720274635 0.572857825019493 0.56354664298953 0.542259483629658 0.501655926375864 0.489685567646777 0.487942990819577 0.528330408319472 0.513103673604266 0.51881658734414 0.506902003012655 0.519175138927123 0.48756378795298 0.471766986597147 0.436702715062004 0.387979627836794 0.340867474287455 0.310504528170379 0.292283640438782 0.281912444315129 0.284638409393192 0.310646757719239 0.324835874473152 0.345037644013687 0.35933771712999 0.374965701960524 0.394159974151706 0.425230279221675 0.456072272152519 0.489742726949119 0.510258636520551 0.517567447557022 0.520208352848015 0.508208395794894 0.489480377545069 0.464627456244934 0.44078910676435 0.422363417687804 0.410090001269963 0.399415988742526 0.386448137838566 0.37294838264858 0.355931028170833 0.344679450736755 0.349092808577473
0.319388681750415 0.310231216495176 0.303758087630165 0.310535789571841 0.302926684612776 0.281526864119782 0.268096228760272 0.275213111498704 0.269245906961346 0.261963984750068 0.26073954251025 0.271342536290034 0.255850779707314 0.248993625437835 0.257711616766277 0.270320871054279 0.29708462560637 0.319856297701396 0.339900252877834 0.353247788439459 0.347104308543144 0.351596066186034 0.335037098872787 0.321376050453993 0.321720149918565 0.347744061367385 0.408008405423346 0.47582943737773 0.480275021160228 0.474985655747255 0.453015483798895 0.411845722826628 0.370206628424075 0.328127200421925 0.290076359882118 0.265300534399433 0.251709644876869 0.253903786786696 0.271003195195746 0.303570078161039 0.322578012240188 0.334074651848485 0.347525609553895 0.367345509311768 0.388032708758762 0.423479380729887 0.462328360888011 0.499819146533091 0.526663774725135 0.534494863836155 0.53782282269849 0.535130763987863 0.520074299678041 0.495837612134235 0.473718827269747 0.450775504217896 0.431487446544675 0.415832580500851 0.398858193756081 0.385802779985026 0.369737240805494 0.362299271148214 0.360264214611411
0.347341050373805 0.344535033358086 0.337283925129197 0.328457200710982 0.326245759276096 0.311070967738686 0.288786676804602 0.291129273437554 0.292944813131938 0.303910336977884 0.319377732088686 0.327986176490046 0.293585844326198 0.25834934207115 0.260691284402376 0.245388110991014 0.232855090978033 0.224112444474368 0.232933061566593 0.232084561835124 0.250037915772468 0.271407635270037 0.294603380298781 0.28119954146696 0.274472917851315 0.27585903448775 0.309878519348242 0.361290122806703 0.39964601747187 0.41032990046589 0.395025881136645 0.353408119504896 0.318753071146582 0.287288746670555 0.261026224830302 0.242872326986151 0.233403196863529 0.238829797833523 0.271888515041042 0.317851151956133 0.325231837005974 0.333321752378361 0.339353111369496 0.351101113780559 0.372792146808676 0.425409617551258 0.46009754839911 0.498121778227014 0.527526679419585 0.54622074948433 0.557883493089962 0.548901341939647 0.532407212931662 0.514544258019215 0.497367411922146 0.47277509406329 0.454122774804446 0.436149588486732 0.420909177069801 0.40397949168423 0.393349106274041 0.385298264121802 0.382922548998511
-9999 0.353779689462717 -9999 -9999 -9999 -9999 -9999 -9999 -9999 -9999 -9999 -9999 -9999 -9999 0.330331803091834 0.315776633056746 0.31441141601826 0.308835414335574 0.293447513417937 0.26699024048678 0.287650338879378 0.291279522261545 0.325851608897666 0.313798157290793 0.3324526772926 0.300073221115723 0.285090464105686 0.288673853495789 0.320429678436395 0.344127566785531 0.332126266687789 0.308765689466931 0.292593779014121 0.272574689519485 0.252699991175972 0.239587245448653 0.233724207291777 0.232984448647368 0.260066388265979 0.302458664985628 0.321482386746923 0.330643928405024 0.33792313736029 0.350637840409478 0.388388694187743 0.442892479050335 0.478304125152931 0.496914412577995 0.516455138235065 0.540256794986779 0.556235187633519 0.554572119898002 0.543279997698159 0.528171177305478 0.510519747163373 0.491324100592062 0.473484380728829 0.45486752348613 0.439051171494126 0.425499117879561 0.417854022885832 0.414161819579251 0.411902720439464
-9999 -9999 -9999 -9999 -9999 -9999 -9999 -9999 -9999 -9999 -9999 -9999 -9999 -9999 -9999 -9999 -9999 0.338473110273776 0.331784943529312 0.342471057556208 0.345587404693262 0.297793650448056 0.324621646060844 0.354696935345822 0.406351971252663 0.387204836583711 0.357301923250282 0.278815489275718 0.272923189781478 0.300557327474198 0.300234439826357 0.285957163018909 0.285513735469357 0.282312535860548 0.264478695363373 0.253715082224178 0.244624233839384 0.24256512351543 0.260958851432338 0.292399739406223 0.32076717301067 0.335145830363625 0.351972659517147 0.381617654822483 0.425303991865887 0.462364778903492 0.486118099479631 0.49516043123664 0.510582686273795 0.530767429870393 0.540980705919885 0.547502907399364 0.545869396879687 0.537823826276182 0.520750399598531 0.508371099801458 0.488888014648921 0.474008486827888 0.457309661784964 0.445695240731231 0.443298722409718 0.440472207456756 0.43962433941455
-9999 -9999 -9999 -9999 -9999 -9999 -9999 -9999 -9999 -9999 -9999 -9999 -9999 -9999 -9999 -9999 -9999 -9999 -9999 -9999 -9999 0.347921691763176 0.318645573550133 0.390093566506201 0.424897190886123 0.401627256258349 0.372855190069902 0.323850902938922 0.270781268855011 0.292617321651969 0.302023364918733 0.293526729255977 0.291514521020948 0.295571765602788 0.28551992289611 0.286089562778188 0.279584852037765 0.275953179565874 0.285769548506864 0.308492639626568 0.328241679729742 0.346785326138078 0.362189574518889 0.394301140627162 0.435862515560523 0.46606121025652 0.482170123046846 0.495727444610213 0.501114017067654 0.512702498671475 0.522575110715781 0.534200468663402 0.535172358198812 0.531894229677389 0.524184839180647 0.513006034266587 0.49831769664771 0.487141838447782 0.477961382277811 0.467451068114627 0.46226813764118 0.460524118325851 0.465362436860728
-9999 -9999 -9999 -9999 -9999 -9999 -9999 -9999 -9999 -9999 -9999 -9999 -9999 -9999 -9999 -9999 -9999 -9999 -9999 -9999 -9999 -9999 0.346010398309601 0.375870145895729 0.38190886915625 0.391613768979358 0.377611960800835 0.343811473211435 0.331605372256669 0.327170988907133 0.299252519430892 0.28261894115695 0.272807798614891 0.293720947116354 0.307507863815293 0.333178726288416 0.336729678716777 0.329324760647266 0.320805916218697 0.326649267909691 0.33632876874674 0.352104595184511 0.367407189088742 0.388206356225074 0.413165984105001 0.437164068741628 0.459386090446935 0.475325812150355 0.482598348864898 0.487364618353749 0.501646095616708 0.510344117649077 0.521379082616593 0.52222693166351 0.518704150145 0.514020521927826 0.508073651709412 0.502004141212523 0.489935983141064 0.482570555270704 0.476096344105819 0.475501411494034 0.479987259453976
-9999 -9999 -9999 -9999 -9999 -9999 -9999 -9999 -9999 -9999 -9999 -9999 -9999 -9999 -9999 -9999 -9999 -9999 -9999 -9999 -9999 -9999 -9999 -9999 0.369768280030874 0.371796916055057 0.372529067902881 0.371295668783394 0.363012430026107 0.356851026159972 0.324887585121553 0.276424280183663 0.273939343589438 0.313058999640707 0.314948896015234 0.324207410912178 0.344448338559081 0.345797501087313 0.335649341048849 0.328978128470788 0.334394566809518 0.344395302237215 0.35876097566764 0.373019577650612 0.383284820592082 0.394492719660515 0.414089683627416 0.436038590234046 0.449887044917946 0.45505940538101 0.466059350423833 0.485697158025469 0.504390209007512 0.516248476721898 0.518316131177944 0.516748441520689 0.515656077516996 0.508251853673816 0.500517550638387 0.492159615313299 0.484424796581215 0.48364616374785 0.488396018614804
-9999 -9999 -9999 -9999 -9999 -9999 -9999 -9999 -9999 -9999 -9999 -9999 -9999 -9999 -9999 -9999 -9999 -9999 -9999 -9999 -9999 -9999 -9999 -9999 -9999 0.372566307975344 0.362292481175913 0.371897977089667 0.371045177410917 0.370277642200332 0.354751679822007 0.31160004261615 0.273374067276959 0.331898491566494 0.279753430200839 0.299477362132325 0.326060732003092 0.308918953354398 0.311209747765478 0.313265552227502 0.320320992275017 0.328184918074779 0.3390208202274 0.346172605083686 0.35660735949603 0.364234838398398 0.370568610206402 0.389058936740527 0.405230387204184 0.414345035755232 0.429431149010387 0.453011448643481 0.481542415043483 0.503475983780136 0.509183102789915 0.509330636907023 0.510414695842466 0.508695565345987 0.503631261857283 0.499383922807809 0.493261244753793 0.494826953052903 0.497809253285025
-9999 -9999 -9999 -9999 -9999 -9999 -9999 -9999 -9999 -9999 -9999 -9999 -9999 -9999 -9999 -9999 -9999 -9999 -9999 -9999 -9999 -9999 -9999 -9999 -9999 -9999 0.376097331955905 0.370527211614063 0.378244708677078 0.374933466686228 0.362103111123756 0.351631009057064 0.324831218489482 0.337717495624907 0.313474513866089 0.330132053434907 0.322122496799408 0.327804147984012 0.311411960888704 0.314664413887114 0.311368955376357 0.311420484644639 0.315252584155038 0.319031888708301 0.325985027765896 0.330330440010614 0.336188603707559 0.343433602598926 0.347175860948912 0.360529908989834 0.374107080471102 0.402086895739787 0.458266598181892 0.490197217714611 0.493031449567942 0.486192331878059 0.49682557348021 0.507230272233588 0.505779298908406 0.502073792679489 0.499561418857333 0.505414178565364 0.5096263434695
-9999 -9999 -9999 -9999 -9999 -9999 -9999 -9999 -9999 -9999 -9999 -9999 -9999 -9999 -9999 -9999 -9999 -9999 -9999 -9999 -9999 -9999 -9999 -9999 -9999 -9999 -9999 0.379987022475885 0.377009735297983 0.371638207313169 0.359219848991677 0.350462202775501 0.344530976381596 0.344220890013625 0.346906119076269 0.355367707417505 0.330153920572407 0.342084419449085 0.376718073665599 0.339231943282608 0.304169988798443 0.30058195351403 0.289436713493519 0.285537669936118 0.290235909840942 0.29781078289346 0.296016045554577 0.295153816287535 0.280643145582917 0.29457153740742 0.302281995460965 0.332908233769223 0.420297023381457 0.479195198331344 0.476555801343693 0.459865027677572 0.483272897577613 0.502743715087058 0.504159787022038 0.496379682565332 0.493968600975541 0.503305432926957 0.510756276433623
-9999 -9999 -9999 -9999 -9999 -9999 -9999 -9999 -9999 -9999 -9999 -9999 -9999 -9999 -9999 -9999 -9999 -9999 -9999 -9999 -9999 -9999 -9999 -9999 -9999 -9999 -9999 -9999 0.372781326012611 0.364308064620652 0.353023520092253 0.340174304776152 0.341500373435209 0.352638462421456 0.372246048483042 0.388511208403005 0.395174954683604 0.369499404919799 0.401758033908297 0.391126053711972 0.323744271592547 0.29662454761358 0.270875423964196 0.254674766249282 0.248880421112662 0.25695925741787 0.259505573863343 0.256312760636565 0.249247993004639 0.239592795509774 0.244530726993751 0.259050847266222 0.312795367598913 0.399099963664061 0.428247691992024 0.431874802270124 0.470536762964949 0.486358067163285 0.491896650868572 0.489341091589684 0.482556900681755 0.48576429681676 0.487499004373987
-9999 -9999 -9999 -9999 -9999 -9999 -9999 -9999 -9999 -9999 -9999 -9999 -9999 -9999 -9999 -9999 -9999 -9999 -9999 -9999 -9999 -9999 -9999 -9999 -9999 -9999 -9999 -9999 -9999 0.350955207623628 0.3450161714425 0.335501281046263 0.331559638399538 0.344713914535629 0.376651527994039 0.391995107960565 0.405556586776747 0.418134249611621 0.412609551713766 0.37150160976323 0.333950742886247 0.299503994393942 0.264244834612636 0.244292453772212 0.235210519839395 0.239607808917303 0.239476938162392 0.237781910283225 0.23240529520003 0.224089777598043 0.226098555657144 0.219165154073861 0.231853009192344 0.275030648230304 0.316878879760822 0.353233369472578 0.398083446139458 0.433526672073115 0.458141238199663 0.47489626224433 0.470321079170454 0.482515938251882 0.502042723110287
-9999 -9999 -9999 -9999 -9999 -9999 -9999 -9999 -9999 -9999 -9999 -9999 -9999 -9999 -9999 -9999 -9999 -9999 -9999 -9999 -9999 -9999 -9999 -9999 -9999 -9999 -9999 -9999 -9999 -9999 0.337843847349755 0.336618553038222 0.335223853187414 -9999 0.36621689380784 0.380185127670955 0.395780680651559 0.395140576964493 0.390181794274141 0.427308471086629 0.35741291513866 0.296146686293072 0.277063987253132 0.258749367879643 0.248319254064287 0.240533475960553 0.236708685392426 0.231243075899039 0.226896768658843 0.222508592437047 0.2173567432023 0.211677849615817 0.204651248207164 0.209641003838682 0.232387228920852 0.264355625080838 0.307131237201005 0.35945797054668 0.405283168718047 0.442648096733407 0.462571153904731 0.494093303077405 0.535882835182442
-9999 -9999 -9999 -9999 -9999 -9999 -9999 -9999 -9999 -9999 -9999 -9999 -9999 -9999 -9999 -9999 -9999 -9999 -9999 -9999 -9999 -9999 -9999 -9999 -9999 -9999 -9999 -9999 -9999 -9999 0.351006030683557 0.357851006783865 0.376066172713221 0.369180147246887 -9999 0.36260487405893 0.373519014036058 0.402599945424391 0.417367328885046 0.46006624467619 0.402670316121101 0.333454087443676 0.304013617944557 0.276304368891283 0.263625399507109 0.256464106561803 0.248271454593514 0.24615825163759 0.240003780328256 0.230781380906442 0.22034513286614 0.208893036372094 0.209486525467307 0.204819608854596 0.192863853659551 0.201382077310178 0.230701503856169 0.284734959924093 0.365234121764381 0.420336784172513 0.464904288965508 0.521519997448656 0.581162599192306
-9999 -9999 -9999 -9999 -9999 -9999 -9999 -9999 -9999 -9999 -9999 -9999 -9999 -9999 -9999 -9999 -9999 -9999 -9999 -9999 -9999 -9999 -9999 -9999 -9999 -9999 -9999 -9999 -9999 -9999 0.363143628304404 0.373984715452779 0.393324574984492 0.383396480183345 -9999 0.35533301578829 0.365789877705177 0.395039757287828 0.433118987732916 0.471616585664565 0.4090767798247 0.356899272515251 0.329064166359548 0.301973614132157 0.272481151258992 0.270476411457407 0.260884804685756 0.261045846261727 0.261733896655605 0.253994648338963 0.242057600391895 0.222806596849562 0.193972018856895 0.183900669907277 0.180355901354511 0.18023307120946 0.175091535471269 0.204057492434546 0.267755747999321 0.335934228963358 0.4196780214107 0.521815006404511 0.593308734965907
-9999 -9999 -9999 -9999 -9999 -9999 -9999 -9999 -9999 -9999 -9999 -9999 -9999 -9999 -9999 -9999 -9999 -9999 -9999 -9999 -9999 -9999 -9999 -9999 -9999 -9999 -9999 -9999 -9999 -9999 -9999 0.390714080435827 0.415962398401918 0.419095502833292 -9999 -9999 0.366139702000057 0.383560426141157 0.411890378018948 0.427092651897302 0.414441618897166 0.413330234339628 0.373387318643813 0.332098461187086 0.304985548682928 0.288249152543369 0.266088174174103 0.265135332276463 0.275154282872696 0.281068056112937 0.274541508334641 0.249209603409707 0.19916937925608 0.156744169239533 0.155012258705219 0.15814904880478 0.157721476226688 0.161778205359829 0.179156598336096 0.230393626019427 0.330624325309802 0.464200164101726 0.552798626208727
-9999 -9999 -9999 -9999 -9999 -9999 -9999 -9999 -9999 -9999 -9999 -9999 -9999 -9999 -9999 -9999 -9999 -9999 -9999 -9999 -9999 -9999 -9999 -9999 -9999 -9999 -9999 -9999 -9999 -9999 -9999 -9999 0.434974910082578 0.427449398912319 0.393846441378903 -9999 -9999 -9999 0.385211073119923 0.395414508792466 0.409734336125177 0.40501045689758 0.404276555763043 0.392111962101314 0.361093068162108 0.306766922390861 0.278922197863908 0.259078943951867 0.279351194028885 0.304394799537309 0.313704267880601 0.295397366375386 0.246896075756372 0.181349791609998 0.162751151459421 0.165575558874014 0.162321934095828 0.159244470451531 0.173936680462795 0.180293286831033 0.244247834864888 0.336503016067575 0.410162958956383
-9999 -9999 -9999 -9999 -9999 -9999 -9999 -9999 -9999 -9999 -9999 -9999 -9999 -9999 -9999 -9999 -9999 -9999 -9999 -9999 -9999 -9999 -9999 -9999 -9999 -9999 -9999 -9999 -9999 -9999 -9999 -9999 -9999 0.416705415420143 0.374152768466723 -9999 -9999 -9999 -9999 0.380584353983204 0.391618987049241 0.405821203578419 0.417268720140138 0.414197271959635 0.361054353455311 0.341290588835229 0.327778878047856 0.293266919363488 0.283901738507015 0.313105123425595 0.362047268607628 0.352882373087505 0.311359111245774 0.245836519486563 0.194741106056389 0.186538153277 0.179856232829768 0.177524683109713 0.185996244649793 0.184943406282373 0.199072167301186 0.221767963701705 0.265447093849849
-9999 -9999 -9999 -9999 -9999 -9999 -9999 -9999 -9999 -9999 -9999 -9999 -9999 -9999 -9999 -9999 -9999 -9999 -9999 -9999 -9999 -9999 -9999 -9999 -9999 -9999 -9999 -9999 -9999 -9999 -9999 -9999 -9999 -9999 -9999 -9999 -9999 -9999 -9999 -9999 0.398100965291704 0.413426626084005 0.426083921546999 0.423382946216551 0.391454301849196 0.365163250292871 0.333220067542633 0.318651949975195 0.272123296266736 0.269858223477043 0.339444905761628 0.358973104324204 0.316422086248464 0.283408481764568 0.248302446654143 0.196685760648653 0.184414467729526 0.180895321134345 0.196027655249801 0.217626493135919 0.230560935384563 0.229023042035578 0.213537632685234
-9999 -9999 -9999 -9999 -9999 -9999 -9999 -9999 -9999 -9999 -9999 -9999 -9999 -9999 -9999 -9999 -9999 -9999 -9999 -9999 -9999 -9999 -9999 -9999 -9999 -9999 -9999 -9999 -9999 -9999 -9999 -9999 -9999 -9999 -9999 -9999 -9999 -9999 -9999 -9999 -9999 0.440818867631505 0.451067445274275 0.445559708872593 0.433013877637237 0.416759109697536 0.378714419909527 0.345006982441149 0.274090517385645 0.228471901456668 0.243347461724721 0.266672978186409 0.251989020538036 0.245256323679067 0.251317933799597 0.215551243259679 0.201435930314825 0.187576014179027 0.197171657213858 0.238239889146331 0.292303785409575 0.293298518671494 0.251115925545683
-9999 -9999 -9999 -9999 -9999 -9999 -9999 -9999 -9999 -9999 -9999 -9999 -9999 -9999 -9999 -9999 -9999 -9999 -9999 -9999 -9999 -9999 -9999 -9999 -9999 -9999 -9999 -9999 -9999 -9999 -9999 -9999 -9999 -9999 -9999 -9999 -9999 -9999 -9999 -9999 0.46393639794208 0.490438958205268 0.48368818592915 0.47510345129231 0.468495156290003 0.461434370071439 0.436495897785589 0.417209889999869 0.357303926970438 0.297397848267871 0.269837609555755 0.276125054643315 0.261709016226303 0.244207720188393 0.229089770062652 0.230659724294062 0.231832632310139 0.200792611479213 0.204703995619171 0.237044457140075 0.291338674279389 0.33287578595393 0.280221042885397
-9999 -9999 -9999 -9999 -9999 -9999 -9999 -9999 -9999 -9999 -9999 -9999 -9999 -9999 -9999 -9999 -9999 -9999 -9999 -9999 -9999 -9999 -9999 -9999 -9999 -9999 -9999 -9999 -9999 -9999 -9999 -9999 -9999 -9999 -9999 -9999 -9999 -9999 -9999 -9999 -9999 0.518269146013575 0.501284460566047 0.48381680201755 0.480055580808463 0.486764416614448 0.485197544855339 0.461427120781966 0.44406912132792 0.424576179806352 0.410519386982305 0.406533792425335 0.345588176521802 0.312518942579925 0.274623580944707 0.228061734090976 0.232727261417302 0.213910482778798 0.194495717186989 0.207555562481966 0.23653020823671 0.293972363328861 0.274392845070095
-9999 -9999 -9999 -9999 -9999 -9999 -9999 -9999 -9999 -9999 -9999 -9999 -9999 -9999 -9999 -9999 -9999 -9999 -9999 -9999 -9999 -9999 -9999 -9999 -9999 -9999 -9999 -9999 -9999 -9999 -9999 -9999 -9999 -9999 -9999 -9999 -9999 -9999 -9999 -9999 -9999 -9999 0.502349873892467 0.496510505033618 0.496389907702111 0.505857171590565 0.542281690677068 0.560902100862039 0.487697706168513 0.49345217452363 0.501929049806848 0.470711325425236 0.460673460322416 0.446233762723814 0.376657482113466 0.280728481347399 0.231333885433685 0.222084984996476 0.196222428848166 0.187952153448215 0.215259364904482 0.242431493784647 0.268914670840288
-9999 -9999 -9999 -9999 -9999 -9999 -9999 -9999 -9999 -9999 -9999 -9999 -9999 -9999 -9999 -9999 -9999 -9999 -9999 -9999 -9999 -9999 -9999 -9999 -9999 -9999 -9999 -9999 -9999 -9999 -9999 -9999 -9999 -9999 -9999 -9999 -9999 -9999 -9999 -9999 -9999 -9999 -9999 0.497747504209716 0.504317862520046 0.520971654465779 0.553923921409381 0.587423595938391 0.5770010747722 0.570920992133818 0.52041588461499 0.499330750999205 0.467605914816984 0.486489533944554 0.476400169272712 0.368884776376423 0.259848330326264 0.22427425955006 0.208450193516818 0.207173839896582 0.225383641761516 0.275963372814382 0.300755540269768
-9999 -9999 -9999 -9999 -9999 -9999 -9999 -9999 -9999 -9999 -9999 -9999 -9999 -9999 -9999 -9999 -9999 -9999 -9999 -9999 -9999 -9999 -9999 -9999 -9999 -9999 -9999 -9999 -9999 -9999 -9999 -9999 -9999 -9999 -9999 -9999 -9999 -9999 -9999 -9999 -9999 -9999 -9999 -9999 -9999 -9999 0.55245522495797 0.588430321849356 0.624722242131103 0.646832465455722 0.586921334672555 0.456121437042623 0.446527778836738 0.523197095686617 0.5554405105918 0.485325041564461 0.378207034569173 0.270391616890071 0.229748056839286 0.231398441972667 0.257338417189578 0.298209586126563 0.339441957080296
-9999 -9999 -9999 -9999 -9999 -9999 -9999 -9999 -9999 -9999 -9999 -9999 -9999 -9999 -9999 -9999 -9999 -9999 -9999 -9999 -9999 -9999 -9999 -9999 -9999 -9999 -9999 -9999 -9999 -9999 -9999 -9999 -9999 -9999 -9999 -9999 -9999 -9999 -9999 -9999 -9999 -9999 -9999 -9999 -9999 -9999 -9999 0.581117452035518 0.6000604855477 0.633039508604317 0.569891144111259 0.414476059845751 0.417543639735716 0.522877942823667 0.586285268909126 0.567690058024223 0.507519460331473 0.369718239067222 0.300235951117255 0.293292087191538 0.316022625023777 0.352280865177276 0.385591210099527
