current/TMAX.asc
NCOLS 720 
NROWS 360 
XLLCORNER -180 
YLLCORNER -90 
CELLSIZE 0.5 
NODATA_value -9999 
[rows 112 to 139 of 360, columns 567 to 629 of 720]
18.875000002971 21.1000000557076 23.7625001066282 26.0968748341593 27.9296874393741 27.778125107969 25.4062501801756 24.5171874423221 22.8718749211914 24.3906249075601 25.2296872993125 26.0671873354879 27.5812496231704 28.0390627974765 28.0109376870315 27.5000000850329 27.6734374446744 28.287500020706 31.2500003282795 32.1156245178007 32.2374995352488 32.1718745233073 32.1343743802561 32.23281258356 32.2703121900455 32.2515624761066 32.1906252798736 32.0687497851757 31.7125002144529 31.2796873745929 30.8062501248396 30.5156248505964 30.464062332684 30.3812497254473 30.3156248330451 -9999 -9999 -9999 -9999 -9999 -9999 -9999 -9999 -9999 -9999 28.7374997138975 28.3624997138978 -9999 -9999 -9999 -9999 -9999 30.0625005361943 29.850000113304 30.7437501262151 30.6828126024729 30.931250333786 30.418749809265 28.9937500083125 27.6796875076337 27.1499999511732 26.9906253786847 -9999
17.1265625813413 21.1703126408381 24.1000001429689 25.7781248685199 27.8500000846407 28.490625140807 27.7921871178923 28.8062499409618 29.0875000293805 28.2578124945337 27.4796873917543 28.17187499895 28.6031252136503 29.1265624743155 29.576562315483 30.8234372109639 30.7718747802969 30.7296877183035 31.5828124868953 31.6281248931851 31.9328120355882 32.1296867727719 32.0921860932789 32.1624995470459 32.2843744754585 32.2937493323868 32.3593751191064 32.2750001249638 31.8343749640931 31.4812500176755 31.1906248921969 30.9890627258491 30.8812499935454 30.6765626368127 30.4281247257569 -9999 -9999 -9999 -9999 -9999 -9999 -9999 -9999 -9999 -9999 29.1875003566395 28.8687494982093 -9999 -9999 -9999 -9999 29.5562502145355 30.1093751789581 30.9640625392219 29.9406250722461 28.189062659306 30.3171876384392 29.439062416653 28.7234374863256 29.3249997880794 29.4749998251597 -9999 -9999
16.185937327836 20.7640625185725 25.1000000234722 28.0703124679277 30.0859375576427 28.1093751802313 27.1015625893145 27.1640624415356 27.48281258471 29.3421877043097 30.4625000065357 30.3265623752719 30.1578124477837 30.6015624435901 31.1968747994603 31.3562496895217 31.914062082634 32.1171872613041 31.9999998509884 31.5249999768155 31.421875029905 31.9624992314288 32.074998766266 32.1765625475913 32.2843746542314 32.3015621303588 32.3859379888505 32.3374999465612 31.8687494992799 31.5593751667903 31.4937498267357 31.5718748861965 31.375000118593 30.9296874699614 30.3718750774655 -9999 -9999 -9999 -9999 -9999 -9999 -9999 -9999 -9999 -9999 -9999 -9999 -9999 -9999 -9999 30.0343751311919 30.1000003814697 30.6500000953674 31.0406250057209 30.4625002186307 27.1593748042704 29.4749998727759 -9999 29.4687497615814 -9999 -9999 -9999 -9999
18.7218748447487 23.8671876474845 26.6140624851373 29.4578123979035 31.0234376489194 29.4828124598194 28.8687503002116 28.1156252590419 28.1531251343641 27.6546877046955 26.8906250668412 27.1999999348706 29.3796873393443 30.3343750808429 29.7343752097028 30.3437496749216 31.9421875477555 32.3234376905606 32.051562458164 31.0890624228112 31.0984373694746 31.7140625717409 32.0374990701675 32.2093756199088 32.2749997974262 32.3531254529748 32.2828124166867 32.1124998035917 31.9812498388625 31.854687451773 31.8874997194072 32.0218744571672 31.8249999579077 31.1265625951726 30.4421874879458 30.1609375772708 -9999 -9999 -9999 -9999 -9999 -9999 -9999 -9999 -9999 -9999 -9999 -9999 -9999 -9999 -9999 -9999 -9999 30.6953125605989 29.1749996232607 28.2046871450835 30.5343755778986 -9999 -9999 -9999 -9999 -9999 -9999
20.5531251156832 26.2453124491968 29.4374999688885 30.5093749763423 30.9500000474383 31.1468748738279 31.1281249811162 31.0390622898596 29.8578122528695 28.5640623838359 25.5406252418628 24.1968750596124 26.2359374774776 25.9765626248859 26.7921874255519 28.3281250014524 30.4749997864462 32.2687499525208 31.7953121668174 31.7937493628849 31.3484373078025 31.3546873320944 31.8000001016961 31.498437138263 31.376562120443 32.1921877871354 32.1968744098117 32.2671876546141 32.3515627976039 32.4937501543175 32.2781243318347 32.1546874045201 31.9109376371009 31.2984374760047 30.8812500830783 30.8046874097032 30.5421873917399 -9999 -9999 -9999 -9999 -9999 -9999 -9999 -9999 -9999 -9999 -9999 -9999 -9999 -9999 -9999 -9999 30.3984375592057 29.8640622189069 30.4437500235146 30.7718746661935 -9999 -9999 -9999 -9999 -9999 -9999
24.3593750488879 28.9921876461436 29.8359375600435 30.354687690888 31.1187501548496 31.8593748206349 32.0937495518629 32.4734373970697 31.8124997004662 31.4187501337838 30.3499996284506 29.1609373640014 29.2874997178575 27.3078126821716 27.6312499891813 28.1031247665827 30.7562498731973 31.9406251316406 31.6921873982944 31.5921873448137 32.3140621476896 32.240624903714 32.5031244735807 31.1796877968698 29.5109375140744 29.6421877190983 31.0812499846499 32.3515627981968 32.6890628334696 32.8359372614896 32.6484376189949 32.2484371363198 31.6812497084271 31.4906249937741 31.2140626009707 31.3343749639719 31.1656252141889 -9999 -9999 -9999 -9999 -9999 -9999 -9999 -9999 -9999 -9999 -9999 -9999 -9999 -9999 -9999 -9999 30.5578126311813 30.0093752748141 30.017187328402 -9999 -9999 -9999 -9999 -9999 -9999 -9999
29.3312502492396 29.2718749644205 29.5156246420666 30.4203124340581 31.2078124877023 32.0406248863642 32.5796871190293 32.2687501612584 32.0812498031417 31.8843749467428 31.1999998452596 29.0765626189012 28.2750002730814 27.2000001354612 28.5499997453703 31.1281248616668 32.0609375231188 32.064062058834 32.1062499880791 32.2265625593908 32.6343747375563 33.2156249282911 33.4218748208805 32.3953123674745 31.2093750823262 29.9671873109991 32.0296868665308 32.5203123092142 32.2953126151533 32.1437496859286 32.0218751155098 31.7921872450953 31.9515627629836 32.2234373975416 31.8999997367618 31.5901041524839 31.1541667779287 -9999 -9999 -9999 -9999 -9999 -9999 -9999 -9999 -9999 -9999 -9999 -9999 -9999 -9999 -9999 -9999 -9999 29.325000524521 30.5 -9999 -9999 -9999 -9999 -9999 -9999 -9999
29.8562500178407 29.4874996238404 30.0265623919088 30.8187498445402 31.8171868612852 32.5609371356698 32.2421873512221 32.301562696299 32.3109375533088 29.6296872541623 27.356249751815 27.8531250923798 27.7125000976844 26.412499639745 26.8906249423263 30.6406247936807 32.276563525454 32.1062496304512 32.0921862721748 32.3625006674907 32.8265625236081 33.3515624998882 33.4874998928742 33.3140632802212 32.4234374746439 33.046875027343 33.0703120821679 31.892187507373 30.6687499897051 30.2171871685616 29.8703122759109 30.8359370834485 32.3734372241825 33.0859373800488 32.9031255233217 32.025520443337 31.0833330154419 30.4666665395101 -9999 -9999 -9999 -9999 -9999 -9999 -9999 -9999 -9999 -9999 -9999 -9999 -9999 -9999 -9999 26.7937501669337 29.3062504530361 -9999 -9999 -9999 -9999 -9999 -9999 -9999 -9999
30.1531250176177 30.1125002795334 30.9046875823209 31.4453124692546 32.0265621841258 32.7968751783475 32.9140621419969 32.2328129146692 30.0953122721559 27.9312501524572 28.6906251004558 29.1265622962389 28.2031249367649 28.868749823009 29.9890623078354 31.5843752313427 32.5968750710185 32.3781244747693 32.260937153857 32.4796878099949 32.7890621137766 32.9203127634266 32.66249990589 33.240624726853 33.4843747628592 33.7078131440851 32.9812497487681 31.9546873851793 31.2843750123874 31.1828122451096 30.9624998852097 31.8359376478049 32.2343748807704 32.8734376731475 32.4890625480386 30.9312501851801 30.9640626316879 30.5312501192093 -9999 -9999 -9999 -9999 -9999 -9999 -9999 -9999 -9999 -9999 -9999 -9999 -9999 -9999 -9999 -9999 -9999 -9999 -9999 -9999 -9999 -9999 -9999 -9999 -9999
29.7031250012346 31.0875002428815 31.6968748861643 32.0265617367469 32.2421869332601 33.0921872852513 32.2109375018922 29.4906250561738 28.3515624991601 29.5109377792412 28.9343749586208 30.476562617398 30.6218747778641 31.020312398156 30.9874997727738 32.5781254460028 33.1125006073602 33.02499997547 32.8796875467831 32.6531252558749 32.0765627029897 32.1046870654832 32.6625001715987 32.2328119587413 33.3484376361092 33.7640626425756 33.7406253211163 33.3328124568702 32.4796879559099 31.0984378146802 31.2859376379306 33.2281250935663 33.1765627542863 32.742187619199 31.4859373885625 30.5749998990364 30.7437500058795 -9999 -9999 -9999 -9999 -9999 -9999 -9999 -9999 -9999 -9999 -9999 -9999 -9999 -9999 -9999 -9999 -9999 -9999 -9999 -9999 -9999 -9999 -9999 -9999 -9999 -9999
27.9250001332709 29.856249900409 31.6656246490394 31.9093748638584 31.9234377770994 30.5890624258965 30.9031251396554 28.5046873081041 29.189062683795 29.6796876484563 29.8343752901443 31.3125000301254 31.387499958721 30.8890623125499 31.6624999050769 32.7656251508089 33.2906250069096 33.5125002861023 33.6343755715382 33.2343749996163 32.3859372140289 32.0374999954532 31.3906249371441 32.7687498605265 33.5515621295526 33.8671879170003 33.9328131677639 33.5968748929338 32.1015624978896 32.292187569799 32.0578120381431 31.3000000435407 32.4953124523466 31.7500001216728 30.5500001923504 31.0078127088081 30.8624997436192 -9999 -9999 -9999 -9999 -9999 -9999 -9999 -9999 -9999 -9999 -9999 -9999 -9999 -9999 -9999 -9999 -9999 -9999 -9999 -9999 -9999 -9999 -9999 -9999 -9999 -9999
25.8015626693212 28.9703125061319 30.2453123652568 29.9687500628287 29.2656248835916 29.7968750281298 29.6468748153666 29.5078123797933 29.8546875412699 30.5093750047313 29.9890627578818 30.8671877986579 31.6031247964375 32.093749582848 31.4890625476132 31.4250000428114 31.654687615818 33.2734378581418 34.1125004287907 33.8203124991234 33.0281254634049 32.5953119371069 33.6781242771113 34.2078126661777 34.160937487666 33.9796876311201 33.8484376668829 33.4328124822495 32.5984374295122 31.3312500753139 29.7187496443468 30.7609377198824 31.4218749724747 31.1171874392971 30.6906250100066 30.9984374044612 30.7078124584682 -9999 -9999 -9999 -9999 -9999 -9999 -9999 -9999 -9999 -9999 -9999 -9999 -9999 -9999 30.7187500597255 30.5312497020977 -9999 -9999 -9999 -9999 -9999 -9999 -9999 -9999 -9999 -9999
24.681250217633 26.1281248952653 27.0937500933479 27.1609373115272 28.2156252581699 29.4421878766051 29.7515623566573 30.1890623570192 30.6437498038275 30.9468746192339 30.1265625640672 31.2999999828022 32.0359376975901 31.9593748170955 30.0656248350975 31.5921878225185 32.220311999311 33.474999904512 34.1031246189525 33.9171870948191 33.2609377212711 33.0953125988158 34.0562497382624 34.2796872855137 33.6796871424626 33.8359367265169 33.2874999049542 31.0374998739052 29.612499978057 31.0218750222535 31.2328127026055 28.4281250534633 29.5906246601932 30.7437500360846 31.7796870172527 31 -9999 -9999 -9999 -9999 -9999 -9999 -9999 -9999 -9999 -9999 -9999 -9999 -9999 -9999 30.5749998092651 -9999 -9999 -9999 -9999 -9999 -9999 -9999 -9999 -9999 -9999 -9999 -9999
23.7531248916483 23.7046873595871 24.8109372863763 26.0078125598154 26.7812497031806 28.603125125872 29.3624999832421 29.7531248935743 30.2640622857142 30.4171872441314 30.9609375295114 30.7562504117536 31.6328128575978 30.6281250129039 31.0124995966364 32.3093751051015 32.6140618912 33.3484379057028 33.7656251195103 33.6546871666453 32.4781249174964 32.6171871101523 34.1265622370675 34.2328122854333 33.3093742139208 32.6546870481584 33.2171868680202 31.4265623391578 31.604687392501 31.9546873267352 30.5624997928683 28.3671874109042 29.6703122853129 30.7531247135567 31.1515620353145 -9999 -9999 -9999 -9999 -9999 -9999 -9999 -9999 -9999 -9999 -9999 -9999 -9999 -9999 -9999 -9999 -9999 -9999 -9999 -9999 -9999 -9999 -9999 -9999 -9999 -9999 -9999 -9999
23.2859373687997 22.5687499023504 23.464062332056 25.5749999877589 27.3750000606056 28.3437499706381 28.4093750417433 28.4578126379215 29.6109373869214 30.0156250629078 29.6359376321812 30.6515627507299 31.2328125547552 30.1859373457186 31.4843751511137 32.0656252217184 33.317187665822 33.9109383816383 34.2765629885479 33.7140617372507 32.4437502041372 32.1593752239205 34.0484374174444 33.6640624721895 32.5437498984719 33.1640623519793 31.9687504771975 31.8125002389791 32.2953124341847 31.6265625651546 29.460937616937 29.367187588216 31.0749999291951 30.9520837470326 -9999 -9999 -9999 -9999 -9999 -9999 -9999 -9999 -9999 -9999 -9999 -9999 -9999 -9999 -9999 30.3875002853816 -9999 -9999 -9999 -9999 -9999 -9999 -9999 -9999 -9999 -9999 -9999 -9999 -9999
23.2390625478536 23.4500000480833 24.8796873669023 27.0515623064386 27.5437499867208 28.1281250417433 28.1656252746807 28.2562497254192 29.2687497442594 28.8578121653851 29.4062497908244 30.0749998399065 30.3328125186904 28.0765625276472 29.2765624549231 32.4921879151452 32.4781242935612 32.415624830842 33.6390622571891 33.4421872202475 29.5140624391989 30.6218750773864 33.256249667013 33.2796874332663 33.1296881128791 32.7984374759483 32.1656250647861 31.9437500230029 31.2874999368319 31.335937530831 30.8578123145165 30.9750001408139 30.901562481769 -9999 -9999 -9999 -9999 -9999 -9999 -9999 -9999 -9999 -9999 -9999 -9999 -9999 -9999 -9999 31.1375005242812 -9999 -9999 -9999 -9999 -9999 -9999 -9999 -9999 -9999 -9999 -9999 -9999 -9999 -9999
23.7593748257713 23.3000001903762 24.8609377439904 27.4890622812468 29.3828127072909 28.6984375406968 29.1109375027814 28.9187499870425 29.1484375596147 29.7156249890956 30.1046874552761 30.9843750004186 30.7124998582643 29.8265626685383 31.1390624960626 31.5499998644241 31.9015623611055 32.8765625965135 33.1203122771598 31.8968748463234 29.853125182841 31.7812499405948 33.5953127450866 33.039062292171 32.9828119881874 31.9062502687789 31.0156250015746 30.9265624293414 30.3640626974427 29.6703124645462 30.335937678226 31.307291606298 30.9697910348109 -9999 -9999 -9999 -9999 -9999 -9999 -9999 -9999 -9999 -9999 -9999 -9999 -9999 -9999 -9999 -9999 -9999 -9999 -9999 -9999 -9999 -9999 -9999 -9999 -9999 -9999 -9999 -9999 -9999 -9999
24.2890622022254 24.0359374570736 26.1171873487113 26.9921871714486 30.010937869539 30.1281250397147 31.046874790449 29.9640629875747 29.4765627377126 30.4984377893878 29.8468747710959 31.7484374621988 31.2093751406845 32.6906257254065 30.6843752254435 31.5171876833326 30.7156248135807 30.7531246874565 32.1499997361486 31.5640624159668 32.1921877532671 32.0906249574217 33.0890626016958 32.1062498104583 31.7406246680636 31.6624999641975 30.307812303235 30.3453124467238 29.6843748397635 30.9453124075801 31.5265623013656 31.8541663384433 30.9916659990946 -9999 -9999 31.3062502145766 30.3312500715256 -9999 -9999 -9999 -9999 -9999 -9999 -9999 -9999 -9999 -9999 -9999 -9999 -9999 -9999 -9999 -9999 -9999 -9999 -9999 -9999 -9999 -9999 -9999 -9999 -9999 -9999
24.6593751893259 25.9499998952988 27.9281249320735 29.2906250967367 30.3546876312195 30.3968752937097 30.1437501323606 30.5640624461078 31.0234373206404 31.9296873502045 31.8500000822162 32.721874832849 32.3421872245188 31.7109377388652 31.992187649339 30.9265625449751 30.9453121707754 31.3000003408578 30.2921876576085 31.4953127199322 32.6906253113927 31.7656255072149 31.6999993635797 32.0562497667878 31.7890627674966 32.1984374811363 31.3828125897939 30.2171873451173 30.6437501292252 31.5833334417619 32.1333327095772 -9999 -9999 -9999 31.1109372695362 27.459375156049 28.4906247895708 -9999 -9999 -9999 -9999 -9999 -9999 31.5 -9999 -9999 -9999 -9999 -9999 -9999 -9999 -9999 -9999 -9999 -9999 -9999 -9999 -9999 -9999 -9999 -9999 -9999 -9999
25.7093750826346 26.6953124719897 27.4500001702591 28.8640628452417 30.6875000588127 31.414062108778 30.795312700052 31.3750002667557 30.8078124831185 31.7562495481531 31.7890624417517 32.4499996014805 32.8578131200962 30.2484374370784 31.626562506406 31.9109371012726 31.5921870470344 31.3937501596257 32.0453126426651 32.7468748072257 32.5921878802322 31.179687470861 31.8453119678654 32.2578119638849 32.4124999636432 31.9734377875576 30.9328123038689 30.0953125955358 30.9578123999096 31.4208332709431 -9999 -9999 -9999 31.4812502861155 29.3890625254885 20.498437376563 26.0203128765886 -9999 -9999 -9999 30.8031255005008 -9999 -9999 -9999 -9999 -9999 -9999 -9999 -9999 -9999 -9999 -9999 -9999 -9999 -9999 -9999 -9999 -9999 -9999 -9999 -9999 -9999 -9999
26.0093747404066 25.6312502917862 26.039062648172 27.0140625843851 29.0999999958967 31.2359373017796 32.6234377662217 32.3765620880858 31.9968745702341 31.9890623983461 32.0921872552357 32.6218755844219 31.7359380119776 31.4765622586477 32.5171872962477 32.5046873667855 32.9687498521343 32.7374995955181 32.3296875043898 32.6500000054468 31.6187497367517 31.6640624098324 31.9687496426487 30.9890624293338 30.9093750732444 31.0687500824192 30.9828126121721 30.4578126071468 30.5250000953147 -9999 -9999 -9999 -9999 31.5937504473114 27.4125002406766 22.4828126437927 28.759374856534 -9999 -9999 -9999 -9999 -9999 -9999 -9999 -9999 -9999 -9999 -9999 -9999 -9999 -9999 -9999 -9999 -9999 -9999 -9999 -9999 -9999 -9999 -9999 -9999 -9999 -9999
25.5124998970556 25.2984376857503 27.2812501472375 27.8390625092499 28.8703124211439 28.8640627270596 30.5890626016532 31.8093752879356 32.526562392209 32.443749844397 32.1109379533403 32.1531247801528 32.4484376898576 32.592187584028 32.8593751195838 32.9593749057562 32.7062495642947 32.6437495940576 33.0093747378776 32.926562666824 32.5140626123519 32.1515621242246 31.2749996793177 30.3046875899885 30.042187571634 30.5906246920863 31.0249998281322 30.5250000953674 -9999 -9999 -9999 -9999 -9999 31.4718745350639 23.6906248029298 25.0328124402551 29.1531247497985 -9999 -9999 -9999 -9999 -9999 -9999 -9999 -9999 -9999 -9999 -9999 -9999 -9999 -9999 -9999 -9999 -9999 -9999 -9999 -9999 -9999 -9999 -9999 -9999 -9999 -9999
28.3984373830429 27.7171875786964 29.057812597699 30.8406251060492 29.6359374804368 30.8046871708468 31.5312500280321 32.0500000705028 32.3359374104849 32.4015628106817 32.1812500064325 32.0890624529359 31.8125000611388 31.4812499575687 31.7765625123045 31.5890623652205 32.1000001142323 32.1546876746729 32.4968752271074 32.6531252568704 32.2921879003051 31.5453118694791 30.921875029822 30.5874998569489 30.4374997615814 30.1624999046325 -9999 -9999 -9999 -9999 -9999 -9999 -9999 31.5567708613029 25.9786459466381 29.0333334604899 -9999 -9999 -9999 -9999 -9999 -9999 -9999 -9999 -9999 -9999 -9999 -9999 -9999 -9999 -9999 -9999 -9999 -9999 -9999 -9999 -9999 -9999 -9999 -9999 -9999 -9999 -9999
26.710937739704 29.7656249408468 31.682811973605 31.7828122668059 30.789062678078 31.4328125119308 32.0468749410823 32.1624996968013 31.6609377876232 31.6468748458719 31.9609369337461 31.8031244873804 31.5406249155919 31.7906247974031 32.1703126716465 30.4593750239008 31.4484371844781 31.2406249047308 31.7093749056727 32.0609372562915 31.0531245784489 30.6921875481842 30.9124999046326 -9999 -9999 -9999 -9999 -9999 -9999 -9999 -9999 -9999 -9999 31.4833335876464 29.5192707443968 -9999 -9999 -9999 -9999 -9999 -9999 -9999 -9999 -9999 -9999 -9999 -9999 -9999 -9999 -9999 -9999 -9999 -9999 -9999 -9999 -9999 -9999 -9999 -9999 -9999 -9999 -9999 -9999
28.3546875396966 25.1953126776296 30.8390627529146 32.070312142284 31.9765622308686 31.5750002839483 31.1203123027074 30.4640623922318 30.5624998191496 31.5890620638973 31.9874996542147 31.9640621442317 31.957812209366 32.184375017666 32.3625007869771 31.5281247787383 31.410937547811 31.1749994754791 30.9999998807907 -9999 -9999 -9999 -9999 -9999 -9999 -9999 -9999 -9999 -9999 -9999 -9999 -9999 -9999 -9999 30.7000007629395 -9999 -9999 -9999 -9999 -9999 -9999 -9999 -9999 -9999 -9999 -9999 -9999 -9999 -9999 -9999 -9999 -9999 -9999 -9999 -9999 -9999 -9999 -9999 -9999 -9999 -9999 -9999 -9999
28.4484375435501 28.1015624057184 29.5265624822847 32.0562498570661 32.7781248383055 32.7656252678887 31.5515623387646 31.3546873913343 31.8890623740976 32.0624990463257 32.0249996185303 32.0249995787939 32.2578125197998 32.3531246779981 32.278124749641 31.8749990463257 31.3499999046326 -9999 -9999 -9999 -9999 -9999 -9999 -9999 -9999 -9999 -9999 -9999 -9999 -9999 -9999 -9999 -9999 -9999 -9999 -9999 -9999 -9999 -9999 -9999 -9999 -9999 -9999 -9999 -9999 -9999 -9999 -9999 -9999 -9999 -9999 -9999 -9999 -9999 -9999 -9999 -9999 -9999 -9999 -9999 -9999 -9999 -9999
27.8265625847624 28.2031249715817 28.7656249687747 30.9765623214494 32.8515625000293 33.0187502499106 32.4281247852868 32.0499992370605 -9999 -9999 -9999 -9999 32.3812499045156 32.3187497560498 32.3281248808102 -9999 -9999 -9999 -9999 -9999 -9999 -9999 -9999 -9999 -9999 -9999 -9999 -9999 -9999 -9999 -9999 -9999 -9999 -9999 -9999 -9999 -9999 -9999 -9999 -9999 -9999 -9999 -9999 -9999 -9999 -9999 -9999 -9999 -9999 -9999 -9999 -9999 -9999 -9999 -9999 -9999 -9999 -9999 -9999 -9999 -9999 -9999 -9999
26.8140626557598 26.974999935602 29.0140624353394 31.4312497663361 33.151562660281 33.4218746419637 33.1687495707299 -9999 -9999 -9999 -9999 -9999 -9999 32.4406250410425 32.3374993800339 -9999 -9999 -9999 -9999 -9999 -9999 -9999 -9999 -9999 -9999 -9999 -9999 -9999 -9999 -9999 -9999 -9999 -9999 -9999 -9999 -9999 -9999 -9999 -9999 -9999 -9999 -9999 -9999 -9999 -9999 -9999 -9999 -9999 -9999 -9999 -9999 -9999 -9999 -9999 -9999 -9999 -9999 -9999 -9999 -9999 -9999 -9999 -9999
