current/TMAX.asc
NCOLS 720 
NROWS 360 
XLLCORNER -180 
YLLCORNER -90 
CELLSIZE 0.5 
NODATA_value -9999 
[rows 56 to 83 of 360, columns 63 to 125 of 720]
14.7187500171632 14.4062499333883 14.8609375594929 15.8578124999832 17.198437337458 18.1781248943709 19.4953125019017 18.8859375464435 16.6921874400632 13.9968751742924 13.2281250588944 12.8703125495036 13.2687499664326 13.9468750668165 14.9500001609016 16.1578122729777 16.6593750320156 17.6781247431434 17.6875001352184 17.2625000190817 16.9437500570603 17.1015624127512 17.7531253402774 17.9312499479716 19.6281248051282 20.2468751381294 20.2187501196248 20.2031250601817 18.5624999705669 16.889062358071 16.5140624924584 17.2171874956668 18.5015628381139 19.0593751415455 18.6843750515846 18.0874999788818 17.1828124226409 17.9781250347241 16.3890624613634 15.7437502579414 15.71562492582 15.0250000648265 16.0468750301024 17.6234376575484 18.0031251295837 18.7984371168799 18.1749998302448 17.7640625236918 19.7656247042158 21.4468750661422 22.0890624233334 22.4718750415617 22.3125000578504 23.1812501246619 23.200000196603 23.0453127021364 22.557812540096 22.3125002367105 22.303125111887 22.5312499990306 22.751562356014 22.7484374935433 22.4062501187476
14.0531248891094 14.3921875875229 13.9046874726761 15.0328126063636 15.4171874225485 15.5531249809584 16.3781249551039 16.7578125154195 16.1250001090079 15.4312499801207 15.4078123880529 15.8374998418634 14.3375000190185 12.5078125172027 10.7828124700553 10.4859374995719 10.593750032074 13.3609375439529 14.8750000058057 16.0484376269552 16.1656252130792 16.215624883794 17.3453126256421 17.6500000348413 18.7140623931379 18.9765626212942 19.8203127091808 19.21406218595 18.4312501847283 16.9593750851283 17.9343748669576 17.8265622226969 17.7046875632037 17.3062500654269 17.1421872078336 16.7656251644426 16.7749998429232 17.7015624659536 18.6718752654794 16.4468750353711 16.8968751875012 16.3093750005612 16.7687502333649 17.7687501311763 18.823437362437 18.8640623703558 19.3515625297678 18.931249824428 19.8921873246008 21.610937385772 22.3656249031351 23.0671873079635 23.0203124880906 22.9468750368456 22.86718750091 22.9984377926963 23.1859375239225 23.1890625055112 23.1796873799959 23.1031250353251 23.056250214761 23.0062500833083 22.7343749400498
16.5921873908926 16.4874997146335 16.7125005722046 16.1437495801092 15.4546874466432 15.2281251383923 15.0124999861935 16.3281248801699 15.4890625772445 13.7687500856449 12.9765624257126 13.6624999810239 12.4249999980775 11.6234374353662 10.5406250754301 10.2078125295975 9.78593754746527 9.96250000347707 10.9562499543858 12.9624999805272 15.9156250683475 17.6562502392004 18.2093752938794 18.1234375541616 18.3859373052017 18.4187497245031 18.9203125729489 18.2921872721342 18.5171875051442 18.2624998681339 18.1734374755258 18.7546878765325 18.49687519796 17.5593749590816 17.12812479045 17.1703124665252 17.9859377151401 18.717187431733 19.7531249517874 18.4703122958151 18.2968750273418 18.4203129114905 18.3218750339462 18.1031248861303 18.876562563944 19.0218749335381 19.0500000400676 18.4437500819288 19.3765625649098 21.4937500361767 22.9984374650305 22.1671877204107 21.7031251487127 21.8312501909648 22.0890628696753 22.178125054357 22.210937591396 22.4625000368205 22.6593753400454 22.679688006605 22.6140629350104 22.7203124466203 22.4718748930106
15.528124900118 15.3687500960559 14.7249999046326 14.7750002147603 15.2624999286581 15.9124998450279 15.7812498807907 16.5484379083721 16.1312497989933 15.4281250652634 14.7624999834889 14.117187601313 12.7109375131454 11.9515623432952 12.2187498966244 11.5390624999342 11.9609375246958 11.6406248791612 12.0999999295693 12.3578125358627 15.2687499660241 16.8359378290534 17.4031251670537 16.7640624670487 16.6187499040852 15.9718748195599 16.2906250080031 18.0062496682796 18.3578126144538 18.6890624758483 18.2343750302843 18.9656251057507 18.3703124811661 17.2828124760319 16.4296873059521 16.5984374275908 17.6671875717437 19.439062596297 20.5171875046179 20.2421874375839 20.0124999565325 19.36718731865 19.6343753025837 19.4156250629717 19.9218750288613 19.3406248987869 20.2828125045949 20.0234376168568 20.6890623841922 22.1874999084816 22.581250161162 22.4859375053064 22.204687326217 22.0000001185667 21.7374999232484 21.6296874291056 21.5640626247681 22.0500001608866 21.7968748229992 21.7234377586754 21.6578126872187 20.9578127007461 20.8499998785024
-9999 14.7124998569489 -9999 -9999 -9999 -9999 -9999 -9999 -9999 -9999 -9999 -9999 -9999 -9999 15.3000001907349 14.9687501192093 15.456250011921 15.4156250503662 15.115625022582 14.5249998845063 15.7062500568535 15.5921874780503 16.2343749286325 15.4593747126813 15.9703125481327 15.526562434105 16.0750001071051 16.2609373355466 17.4374998530501 18.1874997923 17.0859372924031 17.6546873773615 18.6531250184541 17.8906253580173 16.6765624285546 16.3281250145117 16.3375000525424 17.6781252355506 19.5718748578423 20.0578126346465 20.3671873828638 20.4109375777266 20.4390625955392 20.2078123090246 19.6734378630042 18.9312501223751 19.5593753738829 21.1296874582882 22.1984374221131 22.5624998509884 22.2578126191062 22.2968750896589 22.26874980445 22.2984374475126 22.2515624464818 22.1874997316417 22.1874999103181 21.7843748036483 21.5312501788139 21.3156249827371 20.9875000705635 21.143749652094 22.1937499930774
-9999 -9999 -9999 -9999 -9999 -9999 -9999 -9999 -9999 -9999 -9999 -9999 -9999 -9999 -9999 -9999 -9999 15.5375000238419 15.6312500238419 16.0265624955984 16.0406250049164 13.5953124672129 14.1812500972423 14.8218750951617 16.2187500615252 16.2109372334139 16.5484375347911 15.0515625929016 15.2156251404517 17.1421878652231 17.1515621382144 16.8484376961352 17.8609376265302 18.0406250350083 16.4609374557423 16.5484375952188 16.2203125490749 16.6468750977761 18.3578124663064 17.9343749897481 18.4546875085555 19.824999989268 19.7687499537795 18.9890624018844 18.0890623673562 19.0578125740063 19.8124997327851 20.9328122441687 21.6921873705045 21.9015624241258 22.5671873682182 22.7421874092555 22.4328123911684 21.9890626962952 21.8015629658879 21.7562500548331 22.3749999104101 22.0656249810897 22.0375001418165 21.9812501050477 22.3281248188769 22.587500243053 22.5125000478666
-9999 -9999 -9999 -9999 -9999 -9999 -9999 -9999 -9999 -9999 -9999 -9999 -9999 -9999 -9999 -9999 -9999 -9999 -9999 -9999 -9999 14.4937496610886 12.5484376079525 15.2624998850945 16.6562498530878 16.2343751037376 16.4718751617769 16.1968750944318 14.0124999403177 15.6078123733128 16.8031248337094 17.0562499341474 17.3890625846674 18.0312499728447 17.2156247216152 17.6187496466896 17.9328121830343 17.3937499810689 16.8078124819246 16.7218751603164 17.2703122510639 17.9328126641615 18.7156252879963 18.0546877669544 16.7328123737691 17.5765626450022 18.1203125756673 18.2687499719639 19.946875114262 21.1859373763934 22.1140625197868 22.6953126197912 22.8734375839599 22.471875071092 22.3124999096803 22.5265623621677 22.9203127028726 22.8906248815894 22.8765625966796 22.9546878050448 22.9265622499686 22.7359372974925 22.642187564755
-9999 -9999 -9999 -9999 -9999 -9999 -9999 -9999 -9999 -9999 -9999 -9999 -9999 -9999 -9999 -9999 -9999 -9999 -9999 -9999 -9999 -9999 13.4999999403953 14.8921874906379 15.1046876030019 15.8171874151562 16.3359374696852 16.6140624432958 16.0328124146973 15.9453123665842 15.4531249550004 15.3734373613298 15.4531252568045 16.9390624165649 17.7125000924066 19.3765623245159 18.2843748631143 17.1875000462522 16.8546874374949 17.0734376606934 17.2703122482598 16.8171875173689 17.3187501445544 17.421874779284 17.3515627677768 17.0656250708195 16.0203124741459 15.6015623527308 17.6593751028995 19.7328123768004 20.5343750734615 21.9078124774905 21.9453127103586 22.4484378402362 22.5843752327086 22.5875000065526 22.2921876324398 21.9249997750511 21.8265621674553 22.0593750189974 22.4812498398418 22.9749999039037 23.2890623502254
-9999 -9999 -9999 -9999 -9999 -9999 -9999 -9999 -9999 -9999 -9999 -9999 -9999 -9999 -9999 -9999 -9999 -9999 -9999 -9999 -9999 -9999 -9999 -9999 14.8515626178795 15.0828124280994 15.6078124648169 16.0406252298643 16.087500006006 16.3567706491848 15.6817709346052 14.1812499904683 14.8328124742577 17.4437501145673 17.6593751807665 17.6781251159085 17.2843746844364 17.0500000600797 17.0781252109122 16.8874999906705 17.4359373918796 16.9125002030195 16.8375001847289 16.7125001693732 17.6265627138379 18.2546878445817 17.4156247360347 16.071875033285 15.9453124112182 18.1843750805094 19.9562500453604 20.5421874847669 20.856250109016 21.2843751628193 21.54218757331 21.5843754130679 21.1906248046913 20.6140624883405 20.9562499521344 21.639062435742 22.0421873648302 22.6718749725846 23.5625000602866
-9999 -9999 -9999 -9999 -9999 -9999 -9999 -9999 -9999 -9999 -9999 -9999 -9999 -9999 -9999 -9999 -9999 -9999 -9999 -9999 -9999 -9999 -9999 -9999 -9999 15.4671873742744 14.8531249923071 15.2906250520933 15.6562500606029 16.3802081349613 16.5630209733124 15.1749999803035 14.0125000187889 17.7062503079929 15.2921874978251 16.1640624265038 16.9375001942143 15.728125110019 15.9671874944366 16.1890626838782 16.6109376399234 16.4671874351496 16.8703126310962 17.2093751423478 16.8296877172426 17.7156251693207 18.7750000937793 17.4828125079991 16.3718750162252 16.8718748988309 17.8140624181076 19.2906251255555 19.8296875365228 20.4312500359443 20.9140624997391 20.9703124460495 20.8437498206415 20.8062500052344 20.5437498104449 20.6687500785297 21.3953126665413 22.2921876296668 23.6187500051437
-9999 -9999 -9999 -9999 -9999 -9999 -9999 -9999 -9999 -9999 -9999 -9999 -9999 -9999 -9999 -9999 -9999 -9999 -9999 -9999 -9999 -9999 -9999 -9999 -9999 -9999 15.3734375380976 14.6984375117511 15.673437476396 16.4130208201011 16.5817707776986 16.8921875956958 16.0531251559369 17.1937498615595 15.9515626727515 16.7453125581982 16.4828124519968 16.9515625828011 16.6234373135612 17.5593749269572 17.6812500343135 17.4374998792961 17.0906248968379 17.2968749400104 16.7015626731139 17.4656251383814 18.6703127644683 18.509375125283 17.7687499801259 16.9312498695855 17.3812500232078 19.1750000130079 20.1874997609021 20.5343750404778 21.0406251848876 21.4859372374791 21.2000002562094 20.3500001714042 20.139062581216 20.7265626178393 21.6359376016562 22.6437500724314 23.8296873571413
-9999 -9999 -9999 -9999 -9999 -9999 -9999 -9999 -9999 -9999 -9999 -9999 -9999 -9999 -9999 -9999 -9999 -9999 -9999 -9999 -9999 -9999 -9999 -9999 -9999 -9999 -9999 14.9140625443306 15.5249999419312 15.7942706950732 16.2161458143503 16.568749756073 16.9062502383734 16.9312499304602 16.5890624210788 16.482812716619 15.4468749759999 16.3703126033733 18.7000001784493 18.5250000349491 17.8031251442038 18.5015626837008 17.8171874881582 17.9765621709201 17.142187564243 16.9124999046778 18.0468750291017 18.3406249287683 20.0468749964969 18.1687497191349 18.2109372900164 18.832812189796 20.0843748161522 21.3593749694519 21.5984373972144 21.8609372370954 21.8421874329771 21.6484374387116 21.4937500645255 21.9312500640283 21.996874778265 22.6250000885482 23.6984374822429
-9999 -9999 -9999 -9999 -9999 -9999 -9999 -9999 -9999 -9999 -9999 -9999 -9999 -9999 -9999 -9999 -9999 -9999 -9999 -9999 -9999 -9999 -9999 -9999 -9999 -9999 -9999 -9999 15.1999998092651 15.5895834368436 15.8895835087751 16.0187500870283 16.9703125362177 17.481250226227 17.2062499816675 17.0750002262721 16.7843747436775 16.3937499936362 18.7468750340684 19.9781246188686 18.9609375286858 19.2015627899311 18.0718750045394 18.5765626124255 18.7968751480868 18.2656248503793 18.3640624587166 18.6453123994278 19.4234373274285 20.3500000247441 18.8500002895815 18.0093747968705 19.2609376921898 20.4812499891167 21.231250168472 21.2234375492289 21.6406251204499 21.3953126079538 21.264062285818 22.1187498882851 22.6249999412525 22.9718749830886 23.0890628401412
-9999 -9999 -9999 -9999 -9999 -9999 -9999 -9999 -9999 -9999 -9999 -9999 -9999 -9999 -9999 -9999 -9999 -9999 -9999 -9999 -9999 -9999 -9999 -9999 -9999 -9999 -9999 -9999 -9999 15.4020834963578 15.4411458328165 15.8812500384729 16.612500176239 17.589062958967 17.4546874462095 17.1640624404066 17.0421876007313 17.7015626134852 18.3671876486402 18.2203126588556 19.1156248159686 20.1015627383848 18.8031248446902 18.9140625596159 19.5421875408565 18.9218752076482 19.0062499920584 19.1515625397533 19.746874808207 20.0031249522487 20.6125002187812 19.1203125991328 18.3046873518326 19.3281248825242 19.6140624009797 20.2812497623019 20.7124998877418 21.3062501247195 21.5124997486699 21.9453126180949 22.2968748509208 22.0859375011594 22.5406250366858
-9999 -9999 -9999 -9999 -9999 -9999 -9999 -9999 -9999 -9999 -9999 -9999 -9999 -9999 -9999 -9999 -9999 -9999 -9999 -9999 -9999 -9999 -9999 -9999 -9999 -9999 -9999 -9999 -9999 -9999 15.1999998092651 15.8500002026558 16.693749666214 -9999 17.7000007629394 17.1499995893571 17.0843749655629 16.4171871100502 16.5203123238854 19.0093750353359 18.2453126597978 18.0500000880445 19.2781254388214 18.9562501284339 19.7671876858192 19.278124928407 19.6625000544531 20.6125002806811 21.039062707167 20.8640626651292 21.0609375225499 20.9609378270279 19.8453125036124 18.7109374685911 18.7718750246283 18.7843748358258 19.4734375504362 20.528124931328 20.6500001282256 21.4109373109841 21.6546875251563 21.904687792838 22.4671878818405
-9999 -9999 -9999 -9999 -9999 -9999 -9999 -9999 -9999 -9999 -9999 -9999 -9999 -9999 -9999 -9999 -9999 -9999 -9999 -9999 -9999 -9999 -9999 -9999 -9999 -9999 -9999 -9999 -9999 -9999 15.3000001907349 15.8500001430512 17.2374997138977 17 -9999 16.7374997142565 16.479687482242 16.6328123947164 16.581250056759 18.4468752163484 17.8796875198884 17.3937499969749 18.5515625755238 19.3781250434052 19.0781248813962 19.489062696258 19.5359373385629 20.5421876009579 21.7421875295669 21.9281252912779 21.8859375410393 22.0765628795972 22.0015627713669 21.214062537339 19.2359373252515 17.7859371897307 17.2656251217434 17.8984372352215 18.723437430033 19.9484374540991 20.0796875084161 20.8453126865348 21.7031250610623
-9999 -9999 -9999 -9999 -9999 -9999 -9999 -9999 -9999 -9999 -9999 -9999 -9999 -9999 -9999 -9999 -9999 -9999 -9999 -9999 -9999 -9999 -9999 -9999 -9999 -9999 -9999 -9999 -9999 -9999 15.3000001907349 15.870312541533 17.3468746545393 17.3791667812756 -9999 15.9187498688847 16.1265626848229 16.4484373470345 17.0484374899514 18.239062311134 16.6921875770048 16.2656253125439 17.2406249653339 18.4359376145582 18.5906247227454 19.3421875248379 19.6421875054793 20.6624999349721 20.9203126139539 21.5531250243119 22.1812498272808 22.4343752867514 21.5765625554683 20.8046874725366 19.9796874559981 19.4406249228944 17.4999996708763 16.5124997792838 17.2250000864905 17.4609373560579 18.8156252831634 20.6234376138867 21.6734377744164
-9999 -9999 -9999 -9999 -9999 -9999 -9999 -9999 -9999 -9999 -9999 -9999 -9999 -9999 -9999 -9999 -9999 -9999 -9999 -9999 -9999 -9999 -9999 -9999 -9999 -9999 -9999 -9999 -9999 -9999 -9999 15.9312498569935 16.8453124175029 17.3104169575021 -9999 -9999 16.3453126544025 16.8890627025776 17.306249648824 17.1562502391334 16.3968750250258 17.0718751236284 16.7671873569824 17.0437498112756 17.971874950909 19.1078124339993 19.2390625789268 19.9078125072226 20.5874999166429 21.3328125775419 21.6093748820193 22.2281248567925 21.4687499984363 19.5765624350268 19.032812415135 17.7578125334322 17.7296876020762 17.8296874731983 16.0531249043868 15.478125154637 17.4234375211632 19.4281250260533 20.4500000801666
-9999 -9999 -9999 -9999 -9999 -9999 -9999 -9999 -9999 -9999 -9999 -9999 -9999 -9999 -9999 -9999 -9999 -9999 -9999 -9999 -9999 -9999 -9999 -9999 -9999 -9999 -9999 -9999 -9999 -9999 -9999 -9999 16.7000001271566 16.7776042127463 16.9979166587342 -9999 -9999 -9999 17.0916670165256 17.0203122793625 17.2890624401167 16.5890625401961 16.6312498434673 17.0921877325138 17.8093751988579 17.7640624052903 18.3593748491379 18.3703123623631 19.7203127722975 20.5390626186185 20.4171875119321 21.5031248928232 22.4265623390117 20.8374999729031 19.3187499001737 18.5656247117351 16.6578123971823 16.4218749978375 18.5921875987601 17.0484374743857 16.9171872459406 16.6437501318436 15.7906250531832
-9999 -9999 -9999 -9999 -9999 -9999 -9999 -9999 -9999 -9999 -9999 -9999 -9999 -9999 -9999 -9999 -9999 -9999 -9999 -9999 -9999 -9999 -9999 -9999 -9999 -9999 -9999 -9999 -9999 -9999 -9999 -9999 -9999 16.6041665872235 16.904166658927 -9999 -9999 -9999 -9999 17.071874797322 17.2890626194874 17.1328122916174 16.5421873646782 16.6515624384053 15.7234372971564 17.009374887886 18.7437498876857 19.4390624145621 21.1687498971146 21.7812500274438 21.2796873131674 21.2687499825637 23.0781250879162 22.3468751904011 20.8562502272987 18.9875002514965 19.4421874263273 18.4656247916716 19.0187501595085 17.5359373247782 17.9390625162001 15.6125000881623 14.7453124522829
-9999 -9999 -9999 -9999 -9999 -9999 -9999 -9999 -9999 -9999 -9999 -9999 -9999 -9999 -9999 -9999 -9999 -9999 -9999 -9999 -9999 -9999 -9999 -9999 -9999 -9999 -9999 -9999 -9999 -9999 -9999 -9999 -9999 -9999 -9999 -9999 -9999 -9999 -9999 -9999 16.4041664610144 16.3906250751942 16.0765623601845 15.9531249263159 15.3765623730381 15.9375000291806 16.7484375407528 18.7593747720055 19.8421874232312 20.6437499569798 21.2015625282722 21.8312498376373 22.8390626020274 22.6171871135136 22.3687498275907 21.4937500961669 21.5078124691651 19.6671875989851 20.4031251363134 19.0906250759538 18.2515625934021 18.1046877233908 17.8421873853899
-9999 -9999 -9999 -9999 -9999 -9999 -9999 -9999 -9999 -9999 -9999 -9999 -9999 -9999 -9999 -9999 -9999 -9999 -9999 -9999 -9999 -9999 -9999 -9999 -9999 -9999 -9999 -9999 -9999 -9999 -9999 -9999 -9999 -9999 -9999 -9999 -9999 -9999 -9999 -9999 -9999 16.1375000475951 16.456249966065 16.2671875938049 16.3656250650214 16.8234372422262 16.6921874117005 17.5312498196346 17.067187744269 16.917187277658 16.9124999848565 18.4328125154338 20.8328124623216 21.1687498117475 22.129687309387 21.2593750057166 22.4265627551586 21.9500002234391 21.0687499932416 20.6000001112098 19.6062503444658 17.5843748881135 17.5890625466546
-9999 -9999 -9999 -9999 -9999 -9999 -9999 -9999 -9999 -9999 -9999 -9999 -9999 -9999 -9999 -9999 -9999 -9999 -9999 -9999 -9999 -9999 -9999 -9999 -9999 -9999 -9999 -9999 -9999 -9999 -9999 -9999 -9999 -9999 -9999 -9999 -9999 -9999 -9999 -9999 16.190625130533 16.6968748561599 17.2640624212332 17.6203122159659 17.8078126607445 18.4687497896584 18.3000001274141 19.2125000051199 17.6843749841197 16.1906248604541 17.2968748778046 19.1249997303192 19.6125000756398 21.200000170034 22.1281250441343 22.8874999331637 23.6750002518436 23.2281250955665 24.5968751326565 21.6859373121841 20.1578122094745 19.9406250394449 18.1171873784129
-9999 -9999 -9999 -9999 -9999 -9999 -9999 -9999 -9999 -9999 -9999 -9999 -9999 -9999 -9999 -9999 -9999 -9999 -9999 -9999 -9999 -9999 -9999 -9999 -9999 -9999 -9999 -9999 -9999 -9999 -9999 -9999 -9999 -9999 -9999 -9999 -9999 -9999 -9999 -9999 -9999 16.7421876794946 16.3250001078035 16.125000001457 16.6359375744727 18.7874997565923 20.9203124319735 21.4531251445744 19.812499969138 18.9609373320143 18.9421873530746 19.5093753045356 18.3093751062508 19.2312499001733 21.3687498265284 22.1843754618919 23.0421874821076 22.2437501868937 23.6546870775024 22.0890628716349 20.4203124918872 21.5249999150965 18.9421873096956
-9999 -9999 -9999 -9999 -9999 -9999 -9999 -9999 -9999 -9999 -9999 -9999 -9999 -9999 -9999 -9999 -9999 -9999 -9999 -9999 -9999 -9999 -9999 -9999 -9999 -9999 -9999 -9999 -9999 -9999 -9999 -9999 -9999 -9999 -9999 -9999 -9999 -9999 -9999 -9999 -9999 -9999 16.2999992370605 16.3531248715636 16.5734376750516 16.7718752178875 20.2546873266449 22.4656252568948 21.8046873798323 20.3062503019567 20.4687500590759 19.1812501813374 20.3062502729916 20.9156249431612 20.6624996955316 21.6296871906838 21.3906250286787 23.6656252454146 22.9249996540727 20.9703121745988 22.4375001778886 20.3140623235664 19.8499998407537
-9999 -9999 -9999 -9999 -9999 -9999 -9999 -9999 -9999 -9999 -9999 -9999 -9999 -9999 -9999 -9999 -9999 -9999 -9999 -9999 -9999 -9999 -9999 -9999 -9999 -9999 -9999 -9999 -9999 -9999 -9999 -9999 -9999 -9999 -9999 -9999 -9999 -9999 -9999 -9999 -9999 -9999 -9999 16.474999666214 17.3140629520388 17.8125005634736 18.9328125572511 21.1859377050635 21.4953128116263 22.134375033498 21.7906252716088 22.1999998950221 22.1999999848248 21.7359375370271 20.2453123941739 20.1578125683906 20.7203127470726 23.4640626901742 23.609375028417 24.1765625138905 23.632812587527 23.4921874663168 22.6343750931026
-9999 -9999 -9999 -9999 -9999 -9999 -9999 -9999 -9999 -9999 -9999 -9999 -9999 -9999 -9999 -9999 -9999 -9999 -9999 -9999 -9999 -9999 -9999 -9999 -9999 -9999 -9999 -9999 -9999 -9999 -9999 -9999 -9999 -9999 -9999 -9999 -9999 -9999 -9999 -9999 -9999 -9999 -9999 -9999 -9999 -9999 18.4750003814697 19.160937280571 20.4281250839512 21.1546877344441 21.3281251805036 21.4953126025897 21.6562501786823 19.3046875556656 20.096875042228 19.5468749987492 20.7703122411351 23.6984376573448 25.6625001418661 25.1109375940178 26.5500002192205 27.0499999509996 24.5515623948867
-9999 -9999 -9999 -9999 -9999 -9999 -9999 -9999 -9999 -9999 -9999 -9999 -9999 -9999 -9999 -9999 -9999 -9999 -9999 -9999 -9999 -9999 -9999 -9999 -9999 -9999 -9999 -9999 -9999 -9999 -9999 -9999 -9999 -9999 -9999 -9999 -9999 -9999 -9999 -9999 -9999 -9999 -9999 -9999 -9999 -9999 -9999 18.7343747614719 20.8218749747346 20.4515625533047 21.0328129818012 21.5421875999591 22.2703125165783 21.1328125592652 19.4781250963091 19.5140626443762 24.1828123932482 27.8187499581927 28.2640625487494 27.618749822635 28.0031252184566 28.0437500764786 27.4718748598651
