current/TMAX.asc
NCOLS 720 
NROWS 360 
XLLCORNER -180 
YLLCORNER -90 
CELLSIZE 0.5 
NODATA_value -9999 
[rows 84 to 111 of 360, columns 189 to 251 of 720]
22.0500003096382 21.949999898541 22.4609376495034 23.1609373989453 23.6250005068143 23.5687502623479 23.5734377799342 23.7515623567631 23.8640619813849 23.7390625179142 23.8656248747647 24.206250220406 23.9953121836036 23.6531250473996 23.2921875116696 22.942187725984 22.6562500290592 22.6687499874671 22.6968749162694 22.7828125353584 22.6890624454269 22.2359373563478 21.9640621238241 22.5312497610569 23.6703124042719 24.2437499759833 23.3859373327682 22.1218751969794 20.7624999284307 21.1609376069059 22.3796876049387 23.0281253450148 22.8546878690206 23.0046878744711 22.5546874090303 22.7484373439897 23.292187720417 23.3734375840257 23.1343751548628 23.9125001424392 23.6687498383243 23.1406252376973 -9999 -9999 -9999 -9999 -9999 -9999 -9999 -9999 -9999 -9999 17.6109376546114 17.5875001243829 17.8687502145767 17.8953128158063 18.3499999043703 18.9406251609981 19.6156250537098 19.9380211638852 19.5098958125894 19.0140627629052 18.7624997799437
22.4343749874901 22.2593748265576 22.2921876310321 22.9500000777042 23.5265628099987 23.5687502621732 23.6437502801855 23.7703124286162 23.8828120529761 23.9359373743394 24.0625002678283 24.1265625956837 24.2249999343913 23.9437501724608 23.6953125291152 23.4578124575896 23.2843746535732 23.2031250589721 23.1609374872829 23.3640623381186 23.3406250172924 22.8359376780177 22.4656251067867 22.9859374756237 23.6890625658814 24.4031251368944 23.728125154514 22.4125001420914 21.7703124261731 22.4453126762073 23.4390623568289 23.0625000602154 23.3812500827485 23.7453127496524 23.8296874449489 23.5499998620804 23.5031248625385 22.989062637407 23.3968752617587 24.6343750346939 24.657812891831 24.5249996765644 -9999 -9999 -9999 -9999 -9999 20.8437499993456 -9999 -9999 -9999 -9999 -9999 -9999 -9999 -9999 18.462500333786 18.9125001430512 19.5875005722046 19.1833337356892 18.8395834370989 18.7375005483627 18.0312504780587
23.2203124150188 23.0390626770615 23.0015622655282 23.5468749983238 24.0109372127766 23.5937501785962 23.4203121958313 23.6968753633924 24.1187500051768 24.6265622370756 24.4812498979755 24.2421877977293 24.3265627624237 24.5015624160637 24.3000000412008 24.1781252612373 24.0843750820315 23.942187546432 24.1250001182514 24.1296875471721 23.6328124403409 23.0343748022815 22.9593747849226 23.4578127859173 24.0343753386798 24.8234374509339 24.9968750759404 24.8359374097331 24.9625000362417 24.3421874659025 23.0437497493993 23.4187502561694 23.714062720178 24.1531251961076 24.6312497849008 24.4328127193507 23.8421876126502 23.6375000761799 24.4953126305098 25.2437498572101 25.4499998390675 25.2578127682535 24.0500000713514 23.4666666984558 23.3291661739349 23.3999996185303 23.2500004768372 -9999 -9999 20.8062498463181 20.8765625553807 -9999 -9999 -9999 -9999 -9999 -9999 -9999 19 18.849999666214 18.5499999523163 -9999 17.6000003814697
24.4109374868516 24.4593749626947 24.4781247661297 24.760937480978 24.7328124636832 23.9687501781622 23.8374998561667 23.9171874520013 24.367187738625 24.8703122736001 24.87968721963 24.6687498681746 24.4859376544398 24.717187523831 24.8531253628279 25.1812498854476 25.2281252431407 25.0625002072693 24.8937500110954 24.5937498504235 23.9281251722234 23.7796874635311 23.4374999993917 24.4187497476183 25.6140625152852 25.9953125403871 25.620312452414 24.7281251262777 23.7718748771114 23.8968750530141 23.3156248923423 23.5406250058084 24.1453123086242 24.6406249100499 25.0343747134849 25.2296871834327 24.5968749511648 24.5421874515233 24.7109372915032 24.9999998214902 25.2906248573182 25.098437786439 24.054687231942 23.5854170319666 23.4385414717047 23.6578124457584 23.3250006435564 -9999 22.5531249939744 21.9125001312486 22.1187497571733 21.6000003814697 -9999 -9999 -9999 -9999 -9999 -9999 -9999 -9999 -9999 -9999 -9999
25.1093749991544 25.4343749274987 25.7531247121415 25.4390628329079 24.8624999221237 24.2718748745917 23.7562502325448 23.5875000066543 24.0984373993334 24.7281251254083 24.9062496421553 24.6421875056677 24.3093749873636 24.2000002266711 24.3453125662915 25.1874999115037 26.2515624469087 26.2671878034308 25.54999962345 25.1265628917754 25.0046877837715 24.9874999496711 25.0015624136806 26.1328123201345 26.6296877858963 26.2640622556535 25.453125149597 24.3249999576696 23.5281247803518 23.1968746789805 23.2859373389048 23.9984376130428 24.3078123626383 25.1328124092379 25.6484376785646 25.3421874344457 24.601562560331 24.2593748592688 24.1093752714515 24.0312501812423 24.387500108676 24.4031245703045 23.864062606974 23.8734372558486 24.004687846455 23.706250072176 23.420312822418 23.3187504121827 22.5359376967929 22.2125000952807 21.6734376846551 21.2999992370605 -9999 -9999 -9999 -9999 -9999 -9999 -9999 -9999 -9999 -9999 -9999
26.3046874086781 26.4515626416771 26.7281247670442 26.1234376721502 25.1953125294236 24.4312502144469 23.6906252504044 23.1140626672933 23.6671877208726 24.6109374463883 25.1406249996754 24.9750001127728 24.8249997193821 24.4999999395298 24.1531250474024 24.7000000180978 25.5390627693136 25.9484374834061 25.9343748392189 26.0453127319496 26.2609373027313 26.4171873622494 26.6703124334504 26.7187498208831 26.7937497494874 26.0250001852937 25.3265627023637 24.3390625124943 22.6984376023557 22.4140625009629 23.5156249996322 24.5187501301349 25.3624997713385 25.8968749638261 25.6812501253429 25.4078124163912 24.06249988131 22.6562500013848 21.9718755202698 22.4890625190174 24.2375004281148 24.7968747314112 24.5437501954403 24.1124998621303 23.7515624163912 22.8484375192121 22.2531254312956 22.3062503054118 22.254687965468 22.2500002384186 -9999 -9999 -9999 -9999 -9999 -9999 -9999 -9999 -9999 -9999 -9999 -9999 -9999
26.9531248810714 26.8218743204855 26.957812339143 26.5859375294244 25.5640624755859 24.7640626721948 24.0046876363673 23.4796874812656 23.7703126068889 24.7234372797328 25.3937499225572 25.545312523356 25.4093751304176 25.2187499098156 25.0171877133782 25.1234376121367 25.4562497726818 25.5390625595938 25.8015622199769 26.1437500711369 26.3546874826045 26.1281250442498 25.2140622753487 25.4546873271142 26.7203124161972 25.2578125900008 24.8687501253425 24.0078126171686 23.7078126351796 23.8031250211426 25.0359373068574 26.4140624989959 26.2875003217355 26.0390630366038 25.4578126967277 24.7812502090913 23.4312503936066 21.9499998092651 -9999 21.8890622578848 23.1265623300582 23.5234375027749 23.3796874603606 23.0453125849041 22.8109375838028 22.1187499761581 21.5750000476837 -9999 -9999 -9999 -9999 -9999 -9999 -9999 -9999 -9999 -9999 -9999 -9999 -9999 -9999 -9999 -9999
26.8874998091358 27.0656250709868 27.2437499456231 27.0500000112313 26.3375000643583 25.4953124214903 24.7359376540131 24.3468749809764 24.3562501063401 24.6156250834249 24.8921872984541 25.9531250591521 25.7609377204402 25.5937503575417 25.4484375717303 25.7984374161117 26.2296874513573 25.7171874340362 25.8812500235401 26.3171872496497 25.5999998760802 24.5484376858843 23.9015626323047 24.4093751335655 26.870312720548 24.7140628404038 25.2812502671003 24.5281249591172 23.7921874242273 26.0109374499349 26.371874898004 26.5687499648837 26.2453128399728 25.8671873512218 25.5109376011734 24.5750000476837 -9999 -9999 19.6249998813079 19.9265624009242 20.404687527193 20.7890628611442 21.5312496743439 22.4124999046326 -9999 -9999 -9999 -9999 -9999 -9999 -9999 -9999 -9999 -9999 -9999 -9999 -9999 -9999 -9999 -9999 -9999 -9999 -9999
27.61250004082 27.8812500829303 27.965624957567 27.8124999987526 27.5218749630543 26.4265623973709 25.6578125047883 25.2734373499668 25.0390621712174 24.9609375284797 25.1812501534236 26.2656251478287 26.5796875049389 26.5953125642209 26.0890625995966 26.5890623915825 26.8703124811185 26.3984374693051 26.2531252199995 25.1593751008763 24.7796876724341 23.7015624941578 23.7625000472536 25.8624999211376 27.3718747790542 25.139062910143 25.9265626066754 25.5843751113347 26.2640623437268 26.7875001120444 26.4593749336821 26.0625002384186 26.1000003814697 -9999 -9999 -9999 -9999 -9999 19.5500001907349 18.4593748771745 18.3749999110662 18.7999998728434 -9999 -9999 -9999 -9999 -9999 -9999 -9999 -9999 -9999 -9999 -9999 -9999 -9999 -9999 -9999 -9999 -9999 -9999 -9999 -9999 -9999
28.301562397996 28.2421874400841 28.2562500834894 28.3140625358594 28.2343749995493 27.410937487124 26.5296874336086 26.0656250111268 25.8734374930844 26.0343750107834 26.3953129040775 26.7953127026236 26.9125003817273 27.3124999400949 27.0171874757611 27.3812504105852 27.5781254464124 27.13906243363 26.9937501836154 26.6828125088839 26.3312501876013 25.1593750978723 25.3328125445179 27.2171876711257 26.9265623702971 25.6500002145338 26.1281250716758 26.9812498973843 27.2953123439655 27.4953124518978 26.8156253098798 -9999 -9999 -9999 -9999 -9999 -9999 -9999 -9999 17.4375 -9999 -9999 -9999 -9999 -9999 -9999 -9999 -9999 -9999 -9999 -9999 -9999 -9999 -9999 -9999 -9999 -9999 -9999 -9999 -9999 -9999 -9999 -9999
28.3328120707502 28.1390627623782 27.801562458266 27.8437500595618 28.3218752736887 28.0953124457454 27.5187498015055 26.6921875167783 25.9515627320619 26.4109376964918 26.4484373029727 26.1484377379581 26.2937497198153 26.4265624293205 26.164062679403 27.0250000370051 26.9828127334755 27.2125001258552 26.2187497318219 25.5812501604613 25.6468752323082 25.8281248826114 26.6859375264657 28.0968748930757 26.1374999289028 25.9609373494141 26.7156247788845 26.9515625833501 27.9781253337218 27.6656249065551 -9999 -9999 -9999 -9999 -9999 -9999 -9999 -9999 -9999 -9999 -9999 -9999 -9999 -9999 -9999 -9999 -9999 -9999 -9999 -9999 -9999 -9999 -9999 -9999 -9999 -9999 -9999 -9999 -9999 -9999 -9999 -9999 -9999
28.3890623747982 28.0125000478547 27.8999997971305 28.1015623802456 28.1999999888486 27.9968749293081 28.432812660644 27.6250001777879 26.6593750703072 26.7812499099518 26.8890625529708 26.2843749524659 26.1484374705718 25.7046873577504 25.7234376077052 26.0359375188967 26.4718751610822 27.0109374818941 26.5515625170798 26.1015625886909 25.5906251075662 24.6281248638285 24.8812498465242 28.1578125352604 26.184375017347 27.5406247953135 27.3390623322626 27.2421876186429 28.0015626549828 27.6484373411505 -9999 -9999 -9999 -9999 -9999 -9999 -9999 -9999 -9999 -9999 -9999 -9999 -9999 -9999 -9999 -9999 -9999 -9999 -9999 -9999 -9999 -9999 -9999 -9999 -9999 -9999 -9999 -9999 -9999 -9999 -9999 -9999 -9999
28.2593750653731 28.0437499870125 28.4281249334323 28.875000089023 28.6078122846873 27.8734375528016 28.393749892285 28.1281250116436 27.3031249942742 27.226562648233 26.8656252015252 26.6156251120329 26.4562497732464 25.6187497667739 25.8812496057134 25.7578125882017 26.1421874461105 26.5218751734294 26.587500066845 26.2140623614907 25.9421875771554 25.9843750868685 27.5265623012462 27.9984374935809 26.9109376354801 28.2031252388665 27.43437507755 27.2625001679169 27.5999998461798 26.9937503844378 25.1437496743746 24 -9999 -9999 -9999 -9999 -9999 -9999 -9999 -9999 -9999 -9999 -9999 -9999 -9999 -9999 -9999 -9999 -9999 -9999 -9999 -9999 -9999 -9999 -9999 -9999 -9999 -9999 -9999 -9999 -9999 -9999 -9999
28.7796874930496 28.9625003625665 29.0234376486604 28.8937498036453 28.9359373748196 28.2578124105611 28.285937518552 28.0531247262657 27.7906252430379 28.1499996470127 27.6906251303851 27.5250003627368 26.8593749695377 26.2703126065752 26.4203122850933 26.9109375164658 27.5484375328144 27.8250001335569 27.0046876348661 26.382812828858 26.40624979066 27.526562570557 28.2390623395039 28.5890622428166 27.7828123863786 27.8234371845105 27.2796873453153 26.8124998807907 27.0937498807907 26.5625003178914 24.3499997456868 -9999 -9999 -9999 -9999 -9999 -9999 -9999 -9999 -9999 -9999 -9999 -9999 -9999 -9999 -9999 -9999 -9999 -9999 -9999 -9999 -9999 -9999 -9999 -9999 -9999 -9999 -9999 -9999 -9999 -9999 -9999 -9999
29.1578124766999 29.3093745414479 29.1125001314701 28.882812053082 29.0375000536017 28.1374998686148 27.9218745823214 28.1234375532724 28.2781252858261 28.2031250595834 28.2781248088615 28.0984375765194 27.4890627555245 26.7687498923717 26.9703125337977 27.9187499867619 28.5937500586699 28.6375001664256 27.4281251106782 27.8687500336809 28.8156248023062 28.5031250394076 29.2203125950594 28.6453126375899 27.9328125119103 27.2875002622604 26.650000333786 -9999 -9999 -9999 -9999 -9999 -9999 -9999 -9999 -9999 -9999 -9999 -9999 -9999 -9999 -9999 -9999 -9999 -9999 -9999 -9999 -9999 -9999 -9999 -9999 -9999 -9999 -9999 -9999 -9999 -9999 -9999 -9999 -9999 -9999 -9999 -9999
28.7968750300779 28.8874998992233 28.9859375059075 28.8406250178602 29.0656249820974 28.6484374394943 28.5593748678734 28.6062501959745 28.395312607299 28.2359375953144 28.3531252744146 28.5999999342653 27.0484375077307 26.834375143242 27.950000017627 28.5796875057803 29.1984376306956 29.5421872719229 28.9796875407798 28.862499892542 29.471874981631 29.6234377918401 29.0468749708973 28.4250001907349 -9999 -9999 -9999 -9999 -9999 -9999 -9999 -9999 -9999 -9999 -9999 -9999 -9999 -9999 -9999 -9999 -9999 -9999 -9999 -9999 -9999 -9999 -9999 -9999 -9999 -9999 -9999 -9999 -9999 -9999 -9999 -9999 -9999 -9999 -9999 -9999 -9999 -9999 -9999
29.1109378027672 29.328124998921 29.5765625536759 28.8843750955155 29.1140623987885 29.2234376371859 28.9562498328531 28.9234374160563 28.6281248618726 28.5921875230062 28.4890623980268 27.7593748583663 26.001562893507 27.7609375983766 28.8578124929288 29.4171875405067 29.5531247555152 29.5109375408452 29.3984372894902 29.5718750939923 30.1062500774437 29.6843748392155 28.9671874647132 -9999 -9999 -9999 -9999 -9999 -9999 -9999 -9999 -9999 -9999 -9999 -9999 -9999 -9999 -9999 -9999 -9999 -9999 -9999 -9999 -9999 -9999 -9999 -9999 -9999 -9999 -9999 -9999 -9999 -9999 -9999 -9999 -9999 -9999 -9999 -9999 -9999 -9999 -9999 -9999
29.9031251067183 30.0640627139961 29.6656249461236 28.9875000413432 29.1609376666713 29.4015626008317 29.3734376721673 29.4437502019802 29.2468749877201 29.0703128275827 28.6718751492439 26.7609377511734 26.38125014208 28.6093749414299 29.5093748863923 30.054687559383 29.9796875408682 30.5374999329992 30.6921873976481 30.2234373985771 29.9703123274949 29.2437497683864 28.7328129113248 -9999 -9999 -9999 -9999 -9999 -9999 -9999 -9999 -9999 -9999 -9999 -9999 -9999 -9999 -9999 -9999 -9999 -9999 -9999 -9999 -9999 -9999 -9999 -9999 -9999 -9999 -9999 -9999 -9999 -9999 -9999 -9999 -9999 -9999 -9999 -9999 -9999 -9999 -9999 -9999
30.3875001666823 30.1640627681682 29.821874856675 29.5500001305403 29.5687502024451 29.8484374278529 29.9703124464296 29.8499997557052 29.3578123452702 28.7453126329738 26.4953123657642 25.2875000842471 27.0734376911247 28.6718749092235 29.332812427579 30.3546877495494 30.5750001071619 30.366666873268 30.5588543911178 30.4249999519792 29.5906248092019 28.7000007629395 -9999 -9999 -9999 -9999 -9999 -9999 -9999 -9999 -9999 -9999 -9999 -9999 -9999 -9999 -9999 -9999 -9999 -9999 -9999 -9999 -9999 -9999 -9999 -9999 -9999 -9999 -9999 -9999 -9999 -9999 -9999 -9999 -9999 -9999 -9999 -9999 -9999 -9999 -9999 -9999 -9999
30.6640624697877 30.3234375712207 30.0375001428409 30.0187501306677 29.7984373268417 30.0265624823394 29.8390626611533 29.3953123102008 28.6500000073061 26.7953127051893 25.5578125409768 26.5906249545553 28.0671871874382 29.5859372310958 30.3734377310179 30.6781252325212 30.8703124815825 30.8916665502816 30.6338544983572 30.3312500422699 29.6328125595731 -9999 -9999 -9999 -9999 -9999 -9999 -9999 -9999 -9999 -9999 -9999 -9999 -9999 -9999 -9999 -9999 -9999 -9999 -9999 -9999 -9999 -9999 -9999 -9999 -9999 -9999 -9999 -9999 -9999 -9999 -9999 -9999 -9999 -9999 -9999 -9999 -9999 -9999 -9999 -9999 -9999 -9999
30.8093750778847 30.3656249351273 30.2249995775624 30.1359376611109 30.2390624280863 30.1828126011495 29.9062496722164 28.5234377975301 27.1265624761057 26.9421870985612 27.8140627437391 29.1578124150323 28.937500146326 30.3796873980112 30.839062184001 30.7968750590381 31.087500005331 30.9937502743072 30.5671875779581 29.7921871838401 29.5687502621625 -9999 -9999 -9999 -9999 -9999 -9999 -9999 -9999 -9999 -9999 -9999 -9999 -9999 -9999 -9999 -9999 -9999 -9999 -9999 -9999 -9999 -9999 -9999 -9999 -9999 -9999 -9999 -9999 -9999 -9999 -9999 -9999 -9999 -9999 -9999 -9999 -9999 -9999 -9999 -9999 -9999 -9999
30.6874998806651 30.0562501847744 29.8453125954616 29.7984377151525 29.9156250368725 29.3812500854147 29.0765623170367 27.9046876747274 27.1265625656175 27.9968746003767 28.5734376896775 30.3296874154542 30.4890624872939 30.820312738094 30.9281247555163 31.2187501486347 31.4953125414406 30.7593752745792 30.304686933871 29.9765628872731 -9999 -9999 -9999 -9999 -9999 -9999 -9999 -9999 -9999 -9999 -9999 -9999 -9999 -9999 -9999 -9999 -9999 -9999 -9999 -9999 -9999 -9999 -9999 -9999 -9999 -9999 -9999 -9999 -9999 -9999 -9999 -9999 -9999 -9999 -9999 -9999 -9999 -9999 -9999 -9999 -9999 -9999 -9999
30.5015626850565 29.8359372031155 29.8640624890298 29.6828126013592 29.0078126174855 28.6531247469233 28.5828126061496 27.2984376271442 27.106249929352 28.1656247949414 29.1171876168378 30.5937497904644 31.1281248618019 31.3624999222632 31.287500172352 31.4171875115135 31.5531249939769 30.8703126606296 30.5187499819097 30.1468752620724 -9999 -9999 -9999 -9999 -9999 -9999 -9999 -9999 -9999 -9999 -9999 -9999 -9999 -9999 -9999 -9999 -9999 -9999 -9999 -9999 -9999 -9999 -9999 -9999 -9999 -9999 -9999 -9999 -9999 -9999 -9999 -9999 -9999 -9999 -9999 -9999 -9999 -9999 -9999 -9999 -9999 -9999 -9999
29.765624882146 29.2171874346747 29.6671877200264 30.1703124035171 30.3250001358814 29.6046873933267 27.3828128614331 26.4359375535921 28.8171875132005 30.392187384197 30.9078123851353 31.1281251308592 31.4656247202126 31.587499886501 31.6953127976166 31.7265624401139 31.5249997080623 31.1000004110635 30.7718748744758 30.4218749996872 -9999 -9999 -9999 -9999 -9999 -9999 -9999 -9999 -9999 -9999 -9999 -9999 -9999 -9999 -9999 -9999 -9999 -9999 -9999 -9999 -9999 -9999 -9999 -9999 -9999 -9999 -9999 -9999 -9999 -9999 -9999 -9999 -9999 -9999 -9999 -9999 -9999 -9999 -9999 -9999 -9999 -9999 -9999
29.675000041099 30.2203121164392 30.6984371551357 29.5812502548337 28.076562289699 27.6234373162763 27.389062221314 30.2046876534428 30.996875315218 31.4265623981207 31.8156247732319 31.4953121836688 31.4906250235714 31.6281251015152 31.8812496365365 31.8906244935062 31.6609376370179 31.4265622496501 31.0984374285264 30.5781252980856 -9999 -9999 -9999 -9999 -9999 -9999 -9999 -9999 -9999 -9999 -9999 -9999 -9999 -9999 -9999 -9999 -9999 -9999 -9999 -9999 -9999 -9999 -9999 -9999 -9999 -9999 -9999 -9999 -9999 -9999 -9999 -9999 -9999 -9999 -9999 -9999 -9999 -9999 -9999 -9999 -9999 -9999 -9999
30.8093749861896 31.1296871007215 29.5406247990675 27.5046876074025 26.6046875705186 27.876562563956 30.4828125810899 31.4328128683549 31.5781249397932 31.815624594377 32.1343750055244 31.9968750768009 31.7249999341857 31.5953128336718 31.6234375838929 31.6937503519581 31.6750004589973 31.4171872139288 31.0749998390675 -9999 -9999 -9999 -9999 -9999 -9999 -9999 -9999 -9999 -9999 -9999 -9999 -9999 -9999 -9999 -9999 -9999 -9999 -9999 -9999 -9999 -9999 -9999 -9999 -9999 -9999 -9999 -9999 -9999 -9999 -9999 -9999 -9999 -9999 -9999 -9999 -9999 -9999 -9999 -9999 -9999 -9999 -9999 -9999
31.3499997851747 30.8984376484004 29.1453125760668 28.7078125146388 30.0390625864131 31.6359376300632 32.0203123085089 32.2468752255653 32.1999995996544 31.9593745465281 32.146874904529 32.5937499997928 32.1062495703907 31.6578126549203 31.6062503158217 31.7677080630911 31.6598960459819 31.1229164203008 -9999 -9999 -9999 -9999 -9999 -9999 -9999 -9999 -9999 -9999 -9999 -9999 -9999 -9999 -9999 -9999 -9999 -9999 -9999 -9999 -9999 -9999 -9999 -9999 -9999 -9999 -9999 -9999 -9999 -9999 -9999 -9999 -9999 -9999 -9999 -9999 -9999 -9999 -9999 -9999 -9999 -9999 -9999 -9999 -9999
31.6499997671284 31.2781250772586 30.5515623969871 31.0421874802061 31.8812495161273 32.3390620047956 32.6531244509963 33.0484378329487 32.9593750827642 32.3531249757653 32.4000000651102 32.776563107771 32.5140624637927 31.8265622254982 31.6062503159873 31.7645831108507 31.6333336830139 -9999 -9999 -9999 -9999 -9999 -9999 -9999 -9999 -9999 -9999 -9999 -9999 -9999 -9999 -9999 -9999 -9999 -9999 -9999 -9999 -9999 -9999 -9999 -9999 -9999 -9999 -9999 -9999 -9999 -9999 -9999 -9999 -9999 -9999 -9999 -9999 -9999 -9999 -9999 -9999 -9999 -9999 -9999 -9999 -9999 -9999
