current/TMAX.asc
NCOLS 720 
NROWS 360 
XLLCORNER -180 
YLLCORNER -90 
CELLSIZE 0.5 
NODATA_value -9999 
[rows 196 to 223 of 360, columns 189 to 251 of 720]
-9999 -9999 -9999 -9999 -9999 -9999 -9999 -9999 -9999 -9999 -9999 -9999 26.2999992370605 24.4468750332701 19.3062500752437 16.985937342158 20.0093749778707 26.8140628084518 29.9265624285677 31.482812822094 33.3390629292806 33.4593748452144 33.1828128098 32.6406246421517 32.2374997137281 31.9906245765188 31.8171871302901 31.7624998985704 31.8890620767307 32.024999320507 31.9453121423976 31.8265620470301 31.718750298125 31.6875004173003 31.8140619695102 31.9703121482563 32.2328119873238 32.3546873925845 32.518749713796 32.6281245349651 32.7453125714832 32.8203122020022 32.9093756677246 33.0406247378583 33.2281245592478 33.3593755962669 33.4484381676144 33.4546880125067 33.4968748688528 33.5843744277106 33.7953130006705 33.9640625713814 33.9312503933228 34.2171867488543 34.6624996069146 35.0421878100205 34.8453122375615 34.3234372729343 34.4125002028254 34.9531248815537 35.3281252381642 35.2421873207198 34.8812503214242
-9999 -9999 -9999 -9999 -9999 -9999 -9999 -9999 -9999 -9999 -9999 -9999 -9999 26.2234373383487 22.7984376240789 16.7375000569627 19.1843751368708 22.0843752365342 29.4156251259985 30.9390624471085 33.1046873930076 33.2953127027657 33.257812738427 32.8984373209408 32.4390627143822 32.2296870051377 31.971874773384 31.8984371124261 31.9687498807231 31.9968748391182 31.8890620172785 31.7656249404799 31.7140628694558 31.6781255602329 31.7765622735785 32.0781251488932 32.3687506316401 32.5234373210085 32.6874996421692 32.8062503931877 32.8390631078405 32.8109369873916 32.829687416545 32.9140632749703 32.975000381605 33.1624996663493 33.3921883106824 33.4828127623027 33.5390619038944 33.6499993204732 33.7624997497281 33.9828126431611 34.0906249282546 34.2359375358558 34.4421877861953 34.8171873095949 35.1546871658335 35.1999999870643 35.1343745574543 34.9625002734034 34.929687918205 35.2046869998537 35.3078123923818
-9999 -9999 -9999 -9999 -9999 -9999 -9999 -9999 -9999 -9999 -9999 -9999 -9999 27.0562501548259 25.6765621589181 16.8921878030812 15.6031249478571 19.9734372258719 27.4921873438215 29.9093751631424 32.5156253583195 32.489062370312 33.0093752449357 32.9531248213379 32.582812249787 32.3750010132115 32.1171869038608 32.0015622674322 32.0343748925261 32.0171870291655 31.9093746543099 31.8468745052983 31.7437500953337 31.7640626131054 31.9468744694006 32.249999880622 32.4890626667496 32.7390625474054 32.8515627977449 32.9593755599969 32.9593757387096 32.9359375831176 32.8937503694476 32.9234384893781 33.0453119872904 33.1421867608434 33.2875002622267 33.4468758106063 33.5124998092989 33.6234368682329 33.7687492967327 33.9015624524428 34.154687345205 34.1062496306874 34.3687502742151 34.4937497377058 34.9953131676648 35.3953118923616 35.6296874287528 35.5874996183616 35.3671869032535 35.1921874873453 35.6187499162499
-9999 -9999 -9999 -9999 -9999 -9999 -9999 -9999 -9999 -9999 -9999 -9999 -9999 -9999 26.68593749356 19.249999862558 12.5328126291825 16.035937533851 21.642187598152 26.1265624509408 31.6718745537896 32.0531250827903 32.5171872082653 32.826562285499 32.4984376430764 32.4781249760404 32.2343747614636 32.1750000713237 32.1093742847947 32.0218745469542 31.9140621721492 31.8187493086198 31.856249630283 31.9374996124016 32.134374290486 32.5125003454041 32.7374997731995 33.0343750116686 33.2734379763576 33.4187499875407 33.4328124518536 33.2312493322261 33.0203120111157 33.0031247734182 33.167187273393 33.2312500475828 33.320312797998 33.4843752383681 33.4656255245713 33.5812494755128 33.6562494040882 33.7374999524845 34.0328122377816 33.9890626668678 34.2515622379162 34.512500166893 34.8453124167302 35.1937497854569 35.4843749999832 35.8171880838816 35.97656244 35.8343744869794 35.6984379889179
-9999 -9999 -9999 -9999 -9999 -9999 -9999 -9999 -9999 -9999 -9999 -9999 -9999 -9999 26.6500005722046 23.5234373776106 15.5781249202752 12.7031249875322 17.2593751151184 21.7796875891271 29.6593748373527 31.3546873048569 30.7406250548692 32.6703122856163 32.5578122136879 32.567186951545 32.3468749524002 32.2093754410912 32.1203116178429 31.9718746245746 31.8734370173115 31.8562494814732 31.9499997496941 32.173437416327 32.4640629884812 32.7750002144089 33.0328127143334 33.3281251785958 33.6187500354943 33.8171877260362 33.8125002975869 33.4890627263214 33.1796872617576 33.1109372377144 33.2421877384941 33.3359381556931 33.4578125476753 33.4046880006203 33.2875001430176 33.4609372022537 33.3625004892615 33.3296872978225 33.5218750843023 33.7921875127013 34.0687499049346 34.064062298242 34.4156244401359 34.9031248098189 35.165624559278 35.6515626313568 35.9656246309043 35.9390617612296 35.601562261808
-9999 -9999 -9999 -9999 -9999 -9999 -9999 -9999 -9999 -9999 -9999 -9999 -9999 -9999 -9999 26.0828126654954 18.5453123896393 12.4312499742166 13.1343751574994 17.7437499776981 26.7765623340192 29.4421875197476 29.489062608301 32.0890623935569 32.721874713814 32.6093747019935 32.3609375952586 32.2328126727949 31.9328121546362 31.8078124823278 31.7374999822525 31.7812498212865 31.9874997137973 32.4265623090392 32.7593752739303 32.9953123924857 33.253124892561 33.6140624281815 33.9890620704532 34.2671872970011 34.2343752977052 33.8078130479694 33.1328122614894 32.6140623101773 33.0406245592102 33.2890624404372 33.4812504052781 33.4890622495684 33.2453122140065 33.1703118088288 32.9312495591934 32.8140617613459 32.9078130128426 33.2531253697329 33.7828126551813 33.8859371537156 34.0687497260195 34.4718747737199 34.9312497378065 35.2625001673617 35.2953127034006 35.4984374050929 35.5687500832791
-9999 -9999 -9999 -9999 -9999 -9999 -9999 -9999 -9999 -9999 -9999 -9999 -9999 -9999 -9999 26.8171873389589 25.518749890074 14.826562532825 11.2359375228065 14.6062500499542 21.8296873484998 26.8656249583006 30.0296872258938 30.7250001472246 32.5249999470236 32.7109376191843 32.3828122615063 32.0499992667627 31.7312501968957 31.557812720629 31.6375005246878 31.8593747316289 32.1734376249444 32.5515620111668 32.921875297873 33.2375000713586 33.5562502144098 33.8671876786887 34.1624999641371 34.4187499880123 34.4750003814029 34.1640623806154 33.7374994156742 33.2875002022885 33.1984379884659 33.3078125713837 33.467187106818 33.2843751908517 32.932812154485 32.4859378642644 32.312499881592 32.2374991480542 32.5328123274721 32.9515624644292 33.5187493564368 33.8328121306766 34.1703127026808 34.5343750117039 34.79687458225 35.1109375954092 35.0874999166203 35.2499995829678 35.5312501195098
-9999 -9999 -9999 -9999 -9999 -9999 -9999 -9999 -9999 -9999 -9999 -9999 -9999 -9999 -9999 -9999 27.2250003214655 21.15468757811 10.5750000916213 12.5625000311677 15.4124999095942 20.4249998803081 29.1156248167741 29.440625337865 31.5921879122627 32.5890626909763 32.3031252624769 32.0781243742012 31.6468751430012 31.4171871842536 31.5671877562583 31.9484371244824 32.332812786044 32.6828123329488 33.0531250833633 33.3781252502563 33.668750286069 34.0124999283412 34.293750464783 34.4984375237669 34.6249998805909 34.3468747733525 33.9765620229381 33.7046879526207 33.6015623803661 33.4812495706801 32.9656252867849 32.8718754059276 32.6609373691612 32.1250004171992 31.5718748276627 31.7031247025262 32.0828121309257 32.7031253578776 33.3125001790137 33.6453115941176 34.1374999881124 34.7359374760166 35.19531226139 35.2046868799036 35.0406247377562 34.9640626910429 35.1890619400244
-9999 -9999 -9999 -9999 -9999 -9999 -9999 -9999 -9999 -9999 -9999 -9999 -9999 -9999 -9999 -9999 27.3999996185303 26.3781247114232 15.3156250214582 11.1453125316783 15.0265624994028 20.8515626238508 26.7203123040781 28.6812500365266 29.9609375904449 31.6421875368006 28.59999987948 30.3453124199993 31.4000000961977 31.2437498572478 31.4218749107425 31.9156247676914 32.4593747852738 32.8265626429432 33.1687501073548 33.4250000119209 33.7250000833469 34.0999994277954 34.3578131794182 34.6343746184805 34.7890626190349 34.6281249521004 34.3234378096535 34.0859371420815 33.8937502502731 33.4999998212525 32.6796869629022 32.1687500772535 32.0750000781503 31.5406250064752 30.7812499712605 31.04999998265 31.8843750359455 32.6687501671255 33.1281253102265 33.6593747735522 34.4281252025063 34.7937502862019 35.1781249648849 35.0062498455261 34.7578127389417 34.6515620950454 34.7734375601111
-9999 -9999 -9999 -9999 -9999 -9999 -9999 -9999 -9999 -9999 -9999 -9999 -9999 -9999 -9999 -9999 -9999 28.1781247847111 22.937499768367 14.5531251977367 11.5296876170499 17.0453123173208 20.8750000334129 26.0796873607831 28.9765626795178 28.0515623443757 24.6718750023021 26.4125001167601 30.3781251321074 30.704687625824 31.107812464643 31.7328123750042 32.3468754295013 32.7374998929766 33.0374999644028 33.3968752623101 33.767187297369 34.0765621066508 34.3625004292197 34.6765618324031 34.9578125475595 34.9046878811964 34.5718745587766 34.2031253577107 33.8281250001822 33.471875071509 33.0734372138563 32.567187487607 31.8546878096709 31.0859375598945 30.0031251314449 30.590625018163 31.5234374110485 32.3781249525979 32.8515629174395 33.3734375242973 34.1843748098448 34.3249993927614 34.2875001439786 34.2984374173071 34.0921866304264 34.1828129892301 34.1781257396442
-9999 -9999 -9999 -9999 -9999 -9999 -9999 -9999 -9999 -9999 -9999 -9999 -9999 -9999 -9999 -9999 -9999 -9999 27.831249891225 19.4265626126666 12.5499999930223 13.8078124956571 20.0421874549675 23.1437500435403 22.9843746098773 20.4593749926025 18.9171876009066 19.2968748824592 23.5531249913124 27.3812501521033 29.4203124681603 30.7562498469441 31.5531248464981 32.1921874887811 32.6656252747595 33.2156249287883 33.6421871782753 33.9328131081573 34.1906250718394 34.4984375241805 34.854687452754 34.8374999765876 34.4718750123008 34.035937071053 33.6468747855059 33.2296879888985 32.9015628104314 32.6171872021502 32.1671875416985 31.473437338415 30.9296874994466 30.2796877623018 31.1796875302401 31.8140625958878 32.4468748276916 32.8703128103984 33.5265624529688 33.6031251555502 33.4343748694479 33.3718751677685 33.2781251675703 33.3937503705069 33.4687494049116
-9999 -9999 -9999 -9999 -9999 -9999 -9999 -9999 -9999 -9999 -9999 -9999 -9999 -9999 -9999 -9999 -9999 -9999 28.6796874604366 26.9687502346622 17.4906249744429 14.4359376135042 17.0843752052094 21.2593749180527 20.4671875309508 19.8359375323312 19.1656249761417 18.5187500414267 14.8578124822768 15.9343751183761 20.0968752628111 25.8484373159787 28.13593790389 29.857812437837 31.3859374539885 32.8781252506196 33.501562178242 33.6984372141201 33.8015624288451 34.0296873455139 34.3015624886145 34.3640630845291 34.1671871544496 33.8812506795588 33.5906243920491 33.2109379171254 32.7562500236112 32.5656249522339 32.1578121483738 31.2343745540361 31.6328120522815 30.6031249755486 30.7437497976737 31.3265625241796 31.874999970659 32.3593747024216 32.762499988771 33.15312469027 33.0124995114067 32.3500001141714 32.4390627749804 32.3999999769489 32.4890623696359
-9999 -9999 -9999 -9999 -9999 -9999 -9999 -9999 -9999 -9999 -9999 -9999 -9999 -9999 -9999 -9999 -9999 -9999 28.322916428281 29.0281248392482 26.0656248864843 17.6015626119385 15.525000064875 17.1093749590921 18.2390625230325 16.0453124066947 17.6578124337139 17.5765628377439 16.4843750595225 14.0703125564746 14.6703124775856 16.6500000097726 22.7249997643623 26.054687799806 28.454687569221 32.0593753464464 33.3484376674599 33.3578129413948 33.2406252628027 33.34531199997 33.6875001793397 33.9656246307634 33.9046880605219 33.7343748213339 33.4390628934153 33.2640620470293 32.9921872614582 32.6374996897601 32.595312475887 31.1890625053936 31.9531247022233 31.765624969984 30.6312498449622 30.8312498037319 31.426562160311 32.160937338057 32.821875035122 33.1890621479958 32.65937566864 31.6781248452744 31.6125002206358 31.9374997023054 31.881249755851
-9999 -9999 -9999 -9999 -9999 -9999 -9999 -9999 -9999 -9999 -9999 -9999 -9999 -9999 -9999 -9999 -9999 -9999 -9999 28.6343747680499 29.8062500354351 24.8765626495068 18.3984374360609 15.3234374367515 14.8640626080503 13.3359375324816 14.343750033342 15.9828124362457 17.210937692527 17.2578124677478 17.0421874944224 14.9249999962332 14.0953124676234 23.0781249438204 26.1390623156271 30.8359373821918 32.4765630075981 32.9546874765432 32.7531250122323 32.6796867852605 33.1343748573913 33.6234375241286 33.6187495591878 33.5328125359676 33.2937502863317 33.1890624762647 33.0296875835039 32.8671876191028 32.9093746540145 32.3375006303671 31.8078124523245 32.1312499340088 31.165624915685 31.0046872489313 31.5859373208501 32.9296873208501 33.1406251788959 32.6218748105925 31.4734373102729 31.3734372559077 31.5468749702141 31.3281249709351 31.0187501324084
-9999 -9999 -9999 -9999 -9999 -9999 -9999 -9999 -9999 -9999 -9999 -9999 -9999 -9999 -9999 -9999 -9999 -9999 -9999 -9999 28.5687498163043 28.0218748150785 23.6515626900075 19.2312500480106 18.162499899468 15.3828125601848 14.2437500474933 14.3015624875806 14.414062560381 14.0578125429899 17.7187500148685 16.4281250985601 14.3796873817525 20.6546874641475 27.3578126438929 29.6968750351581 31.0140625545839 32.2859375488686 32.5718739033562 32.6765623687636 32.8171873689106 33.1843754056875 33.2828128341374 33.3046876790509 33.2671873568917 32.9343751073374 32.8781256083106 32.8812503222246 33.0265625715174 33.0812498329436 32.7953122253855 32.8375000355993 32.5093743204907 32.2828124450402 32.6390619263817 33.3093754046742 32.6203126908574 31.4031249284254 31.0890621223579 31.3906250881485 30.9593752325725 30.64062514808 31.0249999164554
-9999 -9999 -9999 -9999 -9999 -9999 -9999 -9999 -9999 -9999 -9999 -9999 -9999 -9999 -9999 -9999 -9999 -9999 -9999 -9999 -9999 28.1390625833894 26.2671875617428 22.4281247199344 23.6796870783258 19.7468750246164 19.1984376256779 14.1187500514789 13.6125000423426 13.7437500499468 16.4343750797517 16.0671875630005 16.1703126419509 17.2515627652866 21.9578123029133 28.9375002701443 29.7062498046413 30.8093751384762 32.4453126193478 32.8218753336393 32.8640632628172 32.870312690906 32.8843747976865 33.0093750360399 33.1828122141015 32.7609379294061 32.3390620356787 32.6234372855129 33.0640628933336 33.2687501905719 33.1656249759462 32.8515618742898 32.3687502148375 33.2999995346274 33.7546868915029 34.1203123323327 32.8124999399389 32.4156250340513 33.2546878738711 33.1671878379127 31.3015626065793 31.9296878265134 31.4562495046295
-9999 -9999 -9999 -9999 -9999 -9999 -9999 -9999 -9999 -9999 -9999 -9999 -9999 -9999 -9999 -9999 -9999 -9999 -9999 -9999 -9999 -9999 -9999 25.5749994516373 25.4296874689053 25.4343748969978 25.7234376650804 21.8515626728235 15.1812500328692 13.8125000129504 13.2031249717095 15.1500000080738 16.5187501322682 16.6187499900189 15.6484375865865 24.2203123945135 27.1687498715358 28.4328127250158 31.0062502060371 32.8687507514087 32.9109388589615 32.7859376074265 32.6124997141578 32.5968744758205 32.6671875123842 32.1640620526319 31.7421871422827 32.3718743325743 33.0046870115101 33.2062495952411 33.0562500956275 32.8718753453981 33.0828128450811 33.8562502858097 34.2546877858828 34.5109379291615 34.1734373564693 34.0140628809089 34.1734372375201 33.996874421461 32.3984370810525 32.9562501310002 32.7828122374388
-9999 -9999 -9999 -9999 -9999 -9999 -9999 -9999 -9999 -9999 -9999 -9999 -9999 -9999 -9999 -9999 -9999 -9999 -9999 -9999 -9999 -9999 -9999 -9999 -9999 26.456249952219 26.6281249525595 25.9624999452209 22.0625000356895 17.6093749208736 12.0359376227002 13.9218748808069 16.2609377198482 17.2562500982828 17.7906250348711 21.1968751077557 23.1046876504006 23.2390624031872 25.2640624409928 31.2843751632834 32.8593751789274 32.6968748569651 32.3265622856584 32.1843750480566 32.1843745116148 32.2296875717444 32.2718753210383 32.5265616174378 32.8500002622604 32.8406251669741 32.6906256679449 32.8765622380395 33.4249999523487 33.9921873212428 34.3906253576117 34.5671868919272 34.5249996780052 34.3984384535689 34.3328124880223 34.2171872258105 33.8562500468731 32.8015623096623 32.4453120240464
-9999 -9999 -9999 -9999 -9999 -9999 -9999 -9999 -9999 -9999 -9999 -9999 -9999 -9999 -9999 -9999 -9999 -9999 -9999 -9999 -9999 -9999 -9999 -9999 -9999 -9999 -9999 26.7453125417152 25.7187497904783 22.1296875113572 16.3734375441127 13.5328125202715 17.1937499929401 18.6031254229181 18.6734374740643 19.3187498150316 18.2218751908804 21.5343751941464 20.503124913411 25.6015626529164 29.571874745064 31.1406254230694 31.6562504198195 31.7265624409047 32.0499991178513 32.410937427286 32.8421876426388 33.2218749519444 33.3812502022354 33.2218755478938 32.3640621002527 32.5156244635744 33.2749996782966 33.9125003218974 34.2500001790403 34.4343755247311 34.4250004889198 34.3625011446032 34.310937285496 34.2453123331312 34.0531247259641 32.6343752743269 31.7671875059362
-9999 -9999 -9999 -9999 -9999 -9999 -9999 -9999 -9999 -9999 -9999 -9999 -9999 -9999 -9999 -9999 -9999 -9999 -9999 -9999 -9999 -9999 -9999 -9999 -9999 -9999 -9999 -9999 26.2859374880065 26.6390625523945 24.8343748697831 16.2328125346876 16.0968747466831 17.3750000768923 18.7671874780851 19.5015622078163 19.6140623663301 18.9515624056727 24.7546877282634 25.067187574511 26.5484375932632 26.0546876519383 27.1609377614519 29.6593749255616 31.6562498516656 33.1703124641163 33.3203126784028 33.5968747732282 33.770312845457 33.5453124045439 32.8984377974992 32.9374999992583 32.6562494644612 33.5703121429284 33.8937507871683 34.0125005250369 34.1437499526388 34.1281245352934 34.160937071032 34.1421867610556 33.992187619169 32.9812497191164 32.5078121113201
-9999 -9999 -9999 -9999 -9999 -9999 -9999 -9999 -9999 -9999 -9999 -9999 -9999 -9999 -9999 -9999 -9999 -9999 -9999 -9999 -9999 -9999 -9999 -9999 -9999 -9999 -9999 -9999 -9999 26.8249994516373 26.8437503285009 20.437500474039 13.6875001172796 16.5578126736708 18.2171874774097 19.2578124693535 20.4015625414579 18.6296873384645 21.9249998930976 26.7750000668516 28.2750000658867 27.2093749939591 26.0093751555671 27.4187501976603 31.6984372131017 33.3421869870543 33.7499997015587 33.973437368524 34.057812332906 33.6468753214309 32.9437497844584 33.6250002972835 33.770312725975 33.1750001301975 33.2968747019607 33.3718748688859 33.7609376910645 33.7875002626142 33.8906256558601 33.9859375358352 33.9250004291534 33.3609368801519 33.0703125597896
-9999 -9999 -9999 -9999 -9999 -9999 -9999 -9999 -9999 -9999 -9999 -9999 -9999 -9999 -9999 -9999 -9999 -9999 -9999 -9999 -9999 -9999 -9999 -9999 -9999 -9999 -9999 -9999 -9999 -9999 25.8531247979697 22.8984377966038 15.5859374390722 16.1359374998986 18.9765626494366 19.7500002384186 20.429687917449 19.6140623379849 20.8421872868907 22.6453123746513 26.2828122110245 25.7187500324325 26.3890625822036 29.2234373350181 33.1515623910197 33.9187505238794 34.2984375948462 34.2921878693483 34.0953122974805 33.7593752148173 33.7593752141437 33.9156249763987 34.1171870826953 34.1218748085755 33.9624993789891 33.7468748682122 33.4328126909674 33.4171876910155 33.6046873333877 33.8593748213304 33.882813036514 32.7750002751436 32.6390621667673
-9999 -9999 -9999 -9999 -9999 -9999 -9999 -9999 -9999 -9999 -9999 -9999 -9999 -9999 -9999 -9999 -9999 -9999 -9999 -9999 -9999 -9999 -9999 -9999 -9999 -9999 -9999 -9999 -9999 -9999 25.268749743796 24.140624879975 17.3578127443125 15.6906251157973 18.8687499465478 19.7343749407632 20.22656288787 19.674999774238 18.6109373287219 21.3093749590605 23.676562906743 23.5093751842786 26.7062500418512 30.9749998456357 32.5593752574355 34.1953124407392 34.6124998332349 34.4296873211301 34.2750002144488 34.1078130003511 34.0937496422122 34.0312497612615 33.5953128335861 34.0546870233628 34.2749999164895 33.6562501783341 33.342188179277 33.3109371066493 33.3156248929196 33.4984377626203 33.2687501915985 31.826562076735 32.1265629538829
-9999 -9999 -9999 -9999 -9999 -9999 -9999 -9999 -9999 -9999 -9999 -9999 -9999 -9999 -9999 -9999 -9999 -9999 -9999 -9999 -9999 -9999 -9999 -9999 -9999 -9999 -9999 -9999 -9999 -9999 25.0281248095044 24.8812497551743 20.2078124862687 15.1187500818699 18.3671876794759 19.4859378338418 20.2593749756637 19.2765625416674 18.7609372716761 20.5312499409377 22.4484377808038 23.9453124699505 27.0859376482381 30.5624998808864 31.9640626310106 33.8625000121442 34.3078125123117 34.2843752506426 34.3687502145448 34.4453126785667 34.3750001784949 34.3031252621169 34.1062504046417 34.3078117364305 34.5281246300844 34.1203123924006 33.5390626786943 33.2359368205948 33.0718750359701 32.9640623336573 32.312499762347 31.9578125773345 31.2031248814765
-9999 -9999 -9999 -9999 -9999 -9999 -9999 -9999 -9999 -9999 -9999 -9999 -9999 -9999 -9999 -9999 -9999 -9999 -9999 -9999 -9999 -9999 -9999 -9999 -9999 -9999 -9999 -9999 -9999 -9999 25.2031251193524 25.4421874281643 21.6500001229747 15.7140623767846 18.1234370027546 19.9531252089185 21.0031249221481 20.2250001706584 21.1531251368521 23.0906250457909 23.1515625109586 23.5859377050931 28.3812498124898 31.1593748933002 32.4249995351474 33.8843755721569 34.1890627146006 34.3734375237862 34.6406248806157 34.7875001427648 34.7359366412875 34.7000001664794 34.6765626665987 34.7843748925367 34.8593757152716 34.4265629052718 33.5499996540386 32.6546875240725 32.7765626314086 32.4281243684612 31.9874993861994 31.5249999769534 30.8265624941906
-9999 -9999 -9999 -9999 -9999 -9999 -9999 -9999 -9999 -9999 -9999 -9999 -9999 -9999 -9999 -9999 -9999 -9999 -9999 -9999 -9999 -9999 -9999 -9999 -9999 -9999 -9999 -9999 -9999 -9999 25.340624987746 25.6625001429877 23.7968749091495 15.8406250037892 16.9421872363059 19.4703124766737 21.1812500656286 21.8656251722666 21.387500405153 24.5624996715717 25.1578125631302 26.1218750469065 30.6781248140677 31.764062909662 32.9593753208975 34.109374642039 34.2875001428608 34.4859377740465 34.8656250236356 35.1531251069553 35.2140631075629 35.1171873804973 34.981249987857 34.9015634655714 34.7656251789567 34.3562496902145 33.5500000121747 31.9140624712208 32.4296877387279 32.1421874763723 31.6593745653144 30.9015626015896 30.7374997437
-9999 -9999 -9999 -9999 -9999 -9999 -9999 -9999 -9999 -9999 -9999 -9999 -9999 -9999 -9999 -9999 -9999 -9999 -9999 -9999 -9999 -9999 -9999 -9999 -9999 -9999 -9999 -9999 -9999 -9999 25.962499856759 25.8921876848772 24.97343739868 16.4609376625919 16.7609370654635 17.7468751097719 20.2921874822531 21.0671876084985 20.9921874104744 24.2500000584025 26.0406252753045 26.4437502321734 29.8703124834711 32.8031251749574 34.0734371542377 34.4531251189404 34.5562499759367 34.709374785186 35.1218749282371 35.5046875473436 35.6031246182614 35.3812503217069 35.1046866774638 34.8421879411455 34.5749996901508 34.1937503815963 33.1859369879774 31.7249995466883 32.2265620828545 31.704687178649 30.8046873206561 31.0328124456835 30.9718748026561
-9999 -9999 -9999 -9999 -9999 -9999 -9999 -9999 -9999 -9999 -9999 -9999 -9999 -9999 -9999 -9999 -9999 -9999 -9999 -9999 -9999 -9999 -9999 -9999 -9999 -9999 -9999 -9999 -9999 -9999 25.171875120487 24.9218748823209 24.1156252934982 17.9187502253619 15.9968751378005 15.4546874030327 18.5484374938593 18.8218749042236 21.6156247844926 25.0046874880081 24.6156249357126 27.4328124807383 29.7062501598599 31.4859373868695 33.9375006559351 34.5703119040245 34.6453121901268 34.9015627502528 35.3703125713442 35.8703123328309 35.8984379766084 35.5406250356524 35.1093746423564 34.8000001907349 34.4906256199356 34.1000000238734 33.0781254168381 32.1421878333995 32.0531249942446 30.8609375366698 31.240625232253 31.7031250889495 31.7687498920175
