current/TMEAN.asc
NCOLS 720 
NROWS 360 
XLLCORNER -180 
YLLCORNER -90 
CELLSIZE 0.5 
NODATA_value -9999 
[rows 196 to 223 of 360, columns 189 to 251 of 720]
-9999 -9999 -9999 -9999 -9999 -9999 -9999 -9999 -9999 -9999 -9999 -9999 19.2208331425985 16.7166666372931 11.2471354067659 8.81490885628358 11.7924479160342 19.3600911553745 22.6784506129775 24.057096389749 26.1500651030927 26.4460938413051 26.3007812523253 25.88574219102 25.6619139983491 25.614518136877 25.5313150485099 25.5459634923229 25.7070963942076 25.8087238695608 25.5942708168675 25.3565104307553 25.1354167166198 25.0292969013278 25.1699218043643 25.4060546904785 25.7374999337124 25.8670573035699 26.0274088705604 26.1393879664254 26.1993488384037 26.1851561430123 26.1582031238635 26.1628906379956 26.1783203174239 26.1009766200592 26.001171827471 25.8980468202377 25.7910156128162 25.7512369083261 25.8168620097133 25.846940077937 25.6285807045056 25.734505154309 25.9671223615419 26.130143234109 25.7018229247296 24.9028645688183 24.7946615273739 25.1561848675781 25.4317707433904 25.3134113786241 25.0495443784925
-9999 -9999 -9999 -9999 -9999 -9999 -9999 -9999 -9999 -9999 -9999 -9999 -9999 18.293619800501 14.8977213332821 8.55944011661204 10.7395182385343 13.7669271421196 22.2614583978139 23.4303385933943 25.9117838643633 26.2908202398535 26.4103515954911 26.1468749751467 25.7964843584417 25.7338540640322 25.5311198060972 25.5293619557732 25.6424479447911 25.6331380520568 25.4069661934332 25.1387370230892 24.952799480456 24.8330078684833 24.985937494972 25.4205078221615 25.7718749492515 25.9000651339271 26.0580729195891 26.1653645646787 26.1954427336477 26.1478516260934 26.0722656424347 26.0433593157783 25.9837890330923 25.8874999398462 25.7982421184214 25.66289057116 25.5499999438255 25.5344400780446 25.4998697530002 25.6229166764127 25.5651041976516 25.5483723471274 25.5407552014236 25.7197917121358 25.8486979837137 25.6233724582214 25.2602864353927 24.7827473457891 24.4970051934198 24.7311848760101 25.0098958233483
-9999 -9999 -9999 -9999 -9999 -9999 -9999 -9999 -9999 -9999 -9999 -9999 -9999 19.1576822994324 17.8587239619338 8.62519532902479 7.20781249342886 11.5394531336397 19.9759766021111 22.4533202789516 25.5755859245581 25.3979817476963 26.1522786623088 26.2039061699156 25.8824219432307 25.7801432944978 25.5584634692749 25.4682942232533 25.5098959182545 25.4587239749151 25.2821614681421 25.0905598974138 24.8860677865651 24.813606797224 25.1249348916703 25.5702472935597 25.8194660629945 26.0041015072438 26.0345703027049 26.1014322749982 26.1045573650322 26.1168620101268 26.0137370080603 25.8780599163813 25.7968098076324 25.597591140905 25.3987630732851 25.3315104211979 25.2162760498958 25.2279947713479 25.2887368534274 25.304036374157 25.4712239774361 25.2583333586892 25.3409504755039 25.2604166573309 25.5723307568916 25.6916666363634 25.6182292045025 25.2048176029116 24.5509113762727 24.2546224104294 24.974348913758
-9999 -9999 -9999 -9999 -9999 -9999 -9999 -9999 -9999 -9999 -9999 -9999 -9999 -9999 18.8795572905768 11.3833984228144 4.46992190185517 7.80898438221586 13.2953124626735 18.0302734634411 24.9324218619028 25.0968098257618 25.6278646200788 26.1136717746942 25.7347657892445 25.7658855542653 25.4697916172767 25.451887977546 25.3997394717877 25.3016925840005 25.1509114480154 24.9946614479845 24.9612629685436 25.0444662071931 25.4208333103911 25.8544270591816 26.0169269825332 26.1490234843002 26.2474609647941 26.3160808008325 26.313346326123 26.1270182505905 25.9195963666688 25.6780599022185 25.5639972800584 25.2882161490824 25.0682943180682 24.9932291268564 24.8779947109055 24.9190104134505 24.9481119845702 24.9854818144797 25.2042317733206 25.0319661100814 25.1725911773091 25.2633462927166 25.3942057013893 25.4959635169394 25.4711586975105 25.4427082839766 25.2200520150557 24.8964192805402 24.9487630577553
-9999 -9999 -9999 -9999 -9999 -9999 -9999 -9999 -9999 -9999 -9999 -9999 -9999 -9999 18.8458332022031 15.7782552256849 7.87786458233408 5.04765625354801 9.32597656576042 13.7327474088665 22.6540364736991 24.4026692515815 23.4905598986165 25.9957030330576 25.7253906302575 25.6972655840155 25.4005858937734 25.3123697478054 25.2836587753076 25.1169270452464 24.987044370621 24.9162761148131 24.9621744219751 25.2561848845949 25.780403618848 26.0703774901864 26.1699869992444 26.2618489948461 26.3509114694763 26.4290365413602 26.3679036968615 26.0488281226304 25.7849608788028 25.4887370358339 25.2758462768431 24.9824218642248 24.7992187183107 24.554231699223 24.3927083700901 24.5900390226853 24.5046874886958 24.4436848361857 24.5970051695429 24.829101540385 25.0027343869544 24.8662108998748 25.0607421574495 25.345638027199 25.3073567631343 25.475195304807 25.4556639711852 25.2641926576969 24.9013020397435
-9999 -9999 -9999 -9999 -9999 -9999 -9999 -9999 -9999 -9999 -9999 -9999 -9999 -9999 -9999 18.2374349139226 11.0630208310778 5.1058593687562 5.66464846368834 9.935481763652 19.2780598826589 22.0930989730209 21.8946614396527 25.2177734877426 25.8843750158165 25.6201171503911 25.299414031157 25.2639322752649 24.9692056916133 24.8870442760518 24.7817708634286 24.7055339728767 24.8123698502437 25.2169270231161 25.8020833669851 26.0444010037015 26.1510416220357 26.2921223689523 26.4655598524481 26.5700520710832 26.4667317779913 26.0828125152235 25.4410155839778 24.620572964989 24.7129557120047 24.5853515251839 24.3998046539656 24.2743488806875 24.0929036565511 24.1333983898416 23.9642577919881 23.8466145537722 23.9466145941059 24.2943359589577 24.8060547145164 24.817187478607 24.9115234172777 25.0958334127239 25.289583278107 25.3449218492738 25.0699218361222 25.0220051950792 24.9632161872019
-9999 -9999 -9999 -9999 -9999 -9999 -9999 -9999 -9999 -9999 -9999 -9999 -9999 -9999 -9999 18.8727865739481 17.3493489906068 7.26054687761076 3.78007813645915 6.9518880190038 13.8768880134038 19.3076171471174 22.6736328190304 23.2785807190252 25.501236943962 25.6643878756134 25.1938801977738 24.9463541430767 24.7981119976745 24.680989587724 24.5690755492464 24.5156901826541 24.7194011092934 25.1151691998222 25.5911458010809 25.971158854702 26.1885415986431 26.3397786270187 26.435872363591 26.5272135797363 26.4904947753262 26.2116536833586 25.815364521026 25.0916666746828 24.6526041910866 24.4216146045929 24.2610676538495 23.9585937422565 23.7230468405701 23.407356784997 23.3188801868479 23.2960286360801 23.6284504715482 24.0425780820186 24.655663990789 24.9819010006304 25.1514322508443 25.0965494828732 24.9735025983576 25.1571614551385 25.1018880283782 25.0319010658539 25.0572917302053
-9999 -9999 -9999 -9999 -9999 -9999 -9999 -9999 -9999 -9999 -9999 -9999 -9999 -9999 -9999 -9999 18.7653646673133 12.7871093516575 3.02363281462771 4.88997394130089 7.39466145952095 12.1187500268944 21.4958984034767 21.3541666995501 24.0455729160268 25.3341145160533 25.0223958024738 25.1455728000796 24.857291694496 24.6649739313711 24.5876302083243 24.587174459536 24.8178385805325 25.1899739452685 25.5903645666618 25.9164714031508 26.1121744328354 26.3081379371347 26.3936849038122 26.4504557389173 26.4910807112336 26.2112630083925 25.8073567189127 25.2713542231509 24.9453775941274 24.5952473324177 23.8499349013772 23.7109374849622 23.5949218417332 23.1604818091396 22.6788411690783 22.8831380436142 23.2542317507483 23.9093750561326 24.5933593766622 24.9373698619637 25.2551432673211 25.2662760651013 25.1567057389957 25.1444661386203 25.041145759959 24.9531900387684 24.8942056491544
-9999 -9999 -9999 -9999 -9999 -9999 -9999 -9999 -9999 -9999 -9999 -9999 -9999 -9999 -9999 -9999 19.0333333015442 17.191406220527 7.54941405393054 3.5352213497042 6.96158856113028 12.2910807555345 18.4115885595988 20.0199870458139 21.3197916763619 23.4949869434654 19.7733072989209 22.7153645654285 24.7970052252218 24.7916666976153 24.7256510739705 24.8585936624207 25.0960937598033 25.3873046348302 25.6910156321683 25.9116537111089 26.099739643353 26.3001300580945 26.3798176981446 26.4776692986706 26.5241535976228 26.3104817680873 25.9179036430229 25.5271483707059 25.230078143239 24.7078125090811 23.7523436971934 23.1958984864804 23.1791015445332 22.7393229141538 22.0856119738688 22.3320312770287 23.1798828586459 23.9581379426493 24.4714192750447 24.9708985624986 25.2343750813078 25.4962890997958 25.2554687068139 25.1292318168613 24.9522786260378 24.8632160928879 24.834505140879
-9999 -9999 -9999 -9999 -9999 -9999 -9999 -9999 -9999 -9999 -9999 -9999 -9999 -9999 -9999 -9999 -9999 18.978971266157 14.2992837881778 6.72643228783912 3.59557292731972 8.36158854637114 11.6250651290882 16.9274088312005 19.558463560078 18.5401041838701 15.2578776087446 17.9214192432962 23.7196614690549 24.5623698202308 24.7940104530352 25.0464843112485 25.3162109268101 25.5152344977269 25.7146483448565 25.9593100087907 26.1585286619538 26.2663412280833 26.3489583880317 26.4327474460582 26.5577473453884 26.3981770648144 26.0050130783756 25.6367187177555 25.2787109365594 24.8759766076349 24.4033202942429 23.8734375106679 23.2185546552309 22.5143229123757 21.4797525910416 22.052148437913 22.9263671572001 23.713802077137 24.2177083401259 24.7794921916107 25.2175781032022 25.489453043261 25.2099609407814 24.997786487292 24.7136066881089 24.7561849449944 24.6723958255751
-9999 -9999 -9999 -9999 -9999 -9999 -9999 -9999 -9999 -9999 -9999 -9999 -9999 -9999 -9999 -9999 -9999 -9999 18.5311848804737 10.9476562623216 4.43183594398153 5.15065106172915 10.4565103851812 13.3696614402096 13.0645833088787 10.5373698194181 9.21627603948431 9.85930990094243 14.9682942429518 20.3445312711314 22.9408203590536 24.3256509851515 24.9012369849038 25.321940112034 25.5738932034465 25.9005860116588 26.1105469416019 26.1832031384668 26.2097655350317 26.281380238885 26.4319660617007 26.3649088531682 26.0113931609086 25.6619791871973 25.3363932183832 24.9037760309386 24.5096354263752 24.2138020656452 23.7764973526636 23.0958984467458 22.5566406392673 21.8273437848523 22.6937500024951 23.2382812361148 23.8873046646503 24.4500650469491 25.1631510167115 25.4214192940991 25.1563801983294 24.8089844226563 24.4923827569172 24.3932291467502 24.3279947464988
-9999 -9999 -9999 -9999 -9999 -9999 -9999 -9999 -9999 -9999 -9999 -9999 -9999 -9999 -9999 -9999 -9999 -9999 19.3874132146454 17.1138671897046 8.77460934566669 5.55572917390684 7.61959637335561 11.3044270737119 10.3337239525135 9.65123696397739 9.23131511103149 8.55618488878707 4.30657551532342 5.73671877380705 10.9556641095288 18.5172525602532 21.4471354110424 23.1918619817492 24.5260416607016 25.7029296559089 26.0781250881789 26.0875000209742 25.9763671609048 25.9552084272836 26.060091107189 26.0986978165573 25.9338540932517 25.6826822422905 25.3951822891838 25.0006510521001 24.4617839081212 24.2518879603474 23.8403645959671 22.8734375120047 23.3607421509564 22.2816407530137 22.3863281093868 22.923828081076 23.4832031159024 24.041275997034 24.6055339060553 25.1903645560037 25.0571614424347 24.4570312516399 24.2488281183022 23.8668620000096 23.7008464011835
-9999 -9999 -9999 -9999 -9999 -9999 -9999 -9999 -9999 -9999 -9999 -9999 -9999 -9999 -9999 -9999 -9999 -9999 18.675954792236 18.7001301550081 16.3792317639868 8.38079427278528 6.01536458022468 7.15976564559257 7.93417969497359 5.5333984259606 7.07753908658941 6.73287760962158 5.3602213812357 2.95364583008522 4.08274737210572 7.29687501299232 15.2921875098452 19.4617187767249 21.8060547395698 24.8322265254915 25.9298828536569 25.8845704374911 25.6345703314024 25.5397134961301 25.7215495385365 25.8999348097525 25.8124348522085 25.6355468444629 25.2873047198987 25.0514974190902 24.6665363987892 24.2179035673415 24.1327473166211 22.6351562721524 23.6109374771693 23.5464192334838 22.441731779309 22.6347004866347 23.2569661287102 24.0432291445285 24.7428385327346 25.2835937241637 24.9779296755946 24.3686197925809 23.9133463469746 23.8003255037792 23.3386066744059
-9999 -9999 -9999 -9999 -9999 -9999 -9999 -9999 -9999 -9999 -9999 -9999 -9999 -9999 -9999 -9999 -9999 -9999 -9999 18.8733723815514 19.8589192491227 15.1222005298442 8.80930990525874 5.33027343533395 4.47519531052194 2.57304688182495 3.23769530558994 4.5701823028409 5.59401042160424 5.62180990790425 6.4186848955449 5.40136719941354 5.22578125694003 16.2681640806483 19.785546862358 23.8173828346448 25.1224610241678 25.5150390910168 25.236914123394 25.0850260087745 25.4233072843521 25.8145832680685 25.7264973037597 25.5894531701463 25.2330077664126 24.9720052134035 24.6497395492777 24.3016926608877 24.2628254591261 23.6908202480197 23.2960937329006 23.8948567176695 23.0345052385574 22.9479817293582 23.7061848988838 25.3123697034251 25.5924479284575 25.4164061972472 24.7087890483028 24.4797526175862 23.9570963594193 23.1708333873753 22.4003255642637
-9999 -9999 -9999 -9999 -9999 -9999 -9999 -9999 -9999 -9999 -9999 -9999 -9999 -9999 -9999 -9999 -9999 -9999 -9999 -9999 19.1405598747599 18.3895182479934 14.328776066162 9.45175782686395 8.0884765730193 4.68072917464148 3.1486979056824 2.90266926509565 3.04388023081217 3.0286458347831 7.5487630397183 7.9651041567623 6.17604165272109 13.343489582269 20.7835286249861 22.8841797239361 23.8712890587389 24.9563151442961 25.1123698168286 25.0949218917007 25.3060546752854 25.6011719332855 25.625976508594 25.5553385174788 25.3613931596709 24.8115885475159 24.4815104302995 24.1728515617393 24.1164062758623 24.2367838355233 24.2039713478052 24.4841146208033 24.3028645199786 24.1529947413647 24.6766275565122 25.6922525450657 25.5510415874916 24.5343750703138 24.3240234395631 24.18326822617 23.1043620374595 22.2968098824009 22.2419271052867
-9999 -9999 -9999 -9999 -9999 -9999 -9999 -9999 -9999 -9999 -9999 -9999 -9999 -9999 -9999 -9999 -9999 -9999 -9999 -9999 -9999 19.3637370052082 17.5850260440701 13.4552734341733 14.9636718752033 9.94186197828376 8.95358072622229 3.13489581826012 2.76223958744824 3.28274739530982 6.83665366042778 8.42233074482304 8.7777995008922 9.30188803510762 14.2405599054564 21.7515624450429 22.2886718602815 23.2590495085501 24.9385416863865 25.2919921904485 25.3894530955945 25.4404297434884 25.4464843815347 25.4473307494445 25.4010416519013 24.6635416984519 23.9356119315904 23.760351573044 23.8222656724172 24.0711587886584 24.4110026315258 24.3819661496433 24.0413411337712 25.0760416291821 25.5340493784265 25.9795572835848 25.1381510410948 25.0851562615543 25.6833983769416 25.2277994701634 23.1299479431429 23.4563802536478 22.6397786704994
-9999 -9999 -9999 -9999 -9999 -9999 -9999 -9999 -9999 -9999 -9999 -9999 -9999 -9999 -9999 -9999 -9999 -9999 -9999 -9999 -9999 -9999 -9999 17.3335936988394 17.5267577857403 17.5195312985173 17.4125650861115 12.3825520800594 4.94622394271769 3.74166665678467 3.74264324184999 7.03854165258322 8.64069012013048 7.74687499214575 6.37656250881571 15.9402994546665 19.1217448119289 20.3057942462426 23.0972005459887 25.2874348976309 25.4389974369428 25.3350260458049 25.2076822627311 25.1615884636223 25.0797526423097 24.1843098394725 23.3294270427633 23.4129556542959 23.4168619677599 23.6642577355345 24.2474609707631 24.4931640600538 24.8615234672424 25.6144530632999 25.8619141551296 26.0232422649532 25.9978515539891 26.0642578300837 26.1458984799043 25.8173827718423 24.0648437504014 24.4397135617211 24.0074869594943
-9999 -9999 -9999 -9999 -9999 -9999 -9999 -9999 -9999 -9999 -9999 -9999 -9999 -9999 -9999 -9999 -9999 -9999 -9999 -9999 -9999 -9999 -9999 -9999 -9999 18.997070320405 19.0678385087175 17.6485677002863 13.1014973667364 8.06647134031181 2.19928388425066 4.62643228175676 7.33072916580426 7.45527341707464 7.38574216208552 11.3494791462262 13.7990885482058 14.0294271015473 16.1136067783213 23.1044270788553 25.3032551993719 25.1879557030556 24.920572843033 24.7670572881894 24.7391276878095 24.5784505308137 24.0311848529845 23.6527993835014 23.4850260474925 23.6355468365326 24.216406263357 24.8410156275881 25.4203124454473 25.8326171499775 26.0636718619904 26.1785156109807 26.2580077386038 26.2482421584215 26.1828126274049 25.9968748769304 25.5380859018879 24.3481119297161 23.8549478973619
-9999 -9999 -9999 -9999 -9999 -9999 -9999 -9999 -9999 -9999 -9999 -9999 -9999 -9999 -9999 -9999 -9999 -9999 -9999 -9999 -9999 -9999 -9999 -9999 -9999 -9999 -9999 19.0498047060992 17.2011718843775 12.8839843973703 6.4027343740022 3.21621091712504 6.77968750628149 7.79746095386581 7.21152339074771 8.02805990919007 7.54973955639325 11.4701171986729 10.3029296418522 15.8333332801 20.895833284569 23.3447265846365 24.2087891333558 24.3076823042649 24.4127604386333 24.4490885322789 24.5377603786972 24.4313802362364 24.3368489625447 24.4106771320329 24.2270832629732 24.5848307003415 25.2363931565407 25.7892578251769 26.0273437862079 26.1684896723635 26.2333333791097 26.2335937868155 26.1880859534185 26.0687499350315 25.8382812558969 24.2889974328072 23.3772786617637
-9999 -9999 -9999 -9999 -9999 -9999 -9999 -9999 -9999 -9999 -9999 -9999 -9999 -9999 -9999 -9999 -9999 -9999 -9999 -9999 -9999 -9999 -9999 -9999 -9999 -9999 -9999 -9999 17.8521484134032 17.637109366796 15.2515624754916 5.36992187106827 4.96015625704294 6.07070316979367 7.23671874936224 8.34505209110899 8.36712235713028 7.91171875190551 14.0371093843927 14.2940755317356 15.9522786506543 17.2371094296971 19.5267578640709 22.094010468103 23.9416666558176 24.6891275008856 24.6658853607865 24.6667316890047 24.6923176365781 24.6126302065963 24.5057942747756 24.6217447857838 24.2959635089954 25.2755860178458 25.661328238558 25.8538412046178 26.0991537181313 26.1533203783924 26.1265625495042 26.0509765192172 25.9019531500378 24.8397786148659 24.3358724127746
-9999 -9999 -9999 -9999 -9999 -9999 -9999 -9999 -9999 -9999 -9999 -9999 -9999 -9999 -9999 -9999 -9999 -9999 -9999 -9999 -9999 -9999 -9999 -9999 -9999 -9999 -9999 -9999 -9999 18.3960938230157 17.6732422403787 9.91523437383919 2.49648435848379 5.22786456120258 6.87063803174637 7.93203123816975 8.80742185494208 7.23255208825917 10.8772786647598 16.0791666454649 17.7969400689739 18.4227213643729 18.1233072941085 19.5438801807661 23.4649739338896 24.64785151692 24.7501953032429 24.8057942805384 24.8427083572779 24.541862010668 24.1231119234909 24.782552075474 24.9915364208426 24.5843748977256 24.9548828392469 25.2742187560605 25.9761718897071 26.0427734579691 26.0269531484142 26.0042967902271 25.9138672215267 25.2542317118385 24.9858723879212
-9999 -9999 -9999 -9999 -9999 -9999 -9999 -9999 -9999 -9999 -9999 -9999 -9999 -9999 -9999 -9999 -9999 -9999 -9999 -9999 -9999 -9999 -9999 -9999 -9999 -9999 -9999 -9999 -9999 -9999 16.7048828206112 12.6677734658024 4.37539062361598 4.8880208271975 7.81048181122978 8.61152346383196 9.33691407466254 8.5673176820602 9.71360673429848 11.9436197938495 16.8342447780481 17.1244791760655 18.3139323105698 20.8776692992268 24.0745442481646 24.6453125227362 24.8613281875868 24.813802026924 24.6813801629338 24.4781901411946 24.6565104310709 24.7725911250238 25.0753255592977 25.2804687552176 25.3902344185377 25.6175781346192 25.9240234730495 25.9347655910565 25.9078124825019 25.9203125307758 25.8603516495126 24.8388020850484 24.8241536042275
-9999 -9999 -9999 -9999 -9999 -9999 -9999 -9999 -9999 -9999 -9999 -9999 -9999 -9999 -9999 -9999 -9999 -9999 -9999 -9999 -9999 -9999 -9999 -9999 -9999 -9999 -9999 -9999 -9999 -9999 16.3921874684757 14.2942057151153 6.30729167949392 4.43483075330878 7.73346353199539 8.75664065389953 9.39746096923107 8.76868494108829 7.26360673118933 10.6091145700767 14.5264974270688 14.8972656736866 18.5400390670855 22.1594400806326 23.2795572255886 24.5931640804479 24.8916014856856 24.7747396336381 24.7327474367399 24.7201822652009 24.8119791162124 24.7404296886444 24.4011718821778 25.1111979766314 25.6143229919617 25.5399739173165 25.7743489978461 25.7703775355885 25.6785808003449 25.6873697604278 25.3578776705966 24.0427734148531 24.4369141175318
-9999 -9999 -9999 -9999 -9999 -9999 -9999 -9999 -9999 -9999 -9999 -9999 -9999 -9999 -9999 -9999 -9999 -9999 -9999 -9999 -9999 -9999 -9999 -9999 -9999 -9999 -9999 -9999 -9999 -9999 16.2690104212914 15.2301431901325 9.44401044823213 3.82389322489704 7.09557293518413 8.29472659176969 9.22148435518879 8.16731770785373 7.35598958734 9.48255210381444 12.5104818137055 14.9312499921272 18.3736328205235 21.2885416416419 22.4115885237915 24.2068359308894 24.5890624892886 24.5505208184278 24.7177083580173 24.8985025894743 24.8971353911042 24.9025391290037 24.8322265539676 25.2274088594458 25.7299479915522 25.7753255230781 25.5977864615894 25.4334635291105 25.2842448115604 25.1729166569342 24.5358072842551 24.3248046583817 23.6548828196472
-9999 -9999 -9999 -9999 -9999 -9999 -9999 -9999 -9999 -9999 -9999 -9999 -9999 -9999 -9999 -9999 -9999 -9999 -9999 -9999 -9999 -9999 -9999 -9999 -9999 -9999 -9999 -9999 -9999 -9999 16.8751302737576 15.9511067021289 11.1212239358826 4.40390623953362 6.7189453046891 8.44342448474773 9.40162761231163 8.68157550257387 9.89036458968215 12.3103515383083 12.7384765809272 13.5549479522983 18.9467447903549 21.253515681866 22.3537109104453 23.8441406621939 24.1861327442373 24.374153667663 24.6018880079204 24.8335937367794 24.8962890201019 25.0300130855245 25.1684895318103 25.4712890728123 25.7949218813606 25.7281901701269 25.1996745032744 24.4871744573861 24.6358072632711 24.3992838653903 24.2902994132457 24.071940084344 23.4336588407778
-9999 -9999 -9999 -9999 -9999 -9999 -9999 -9999 -9999 -9999 -9999 -9999 -9999 -9999 -9999 -9999 -9999 -9999 -9999 -9999 -9999 -9999 -9999 -9999 -9999 -9999 -9999 -9999 -9999 -9999 16.999739631483 16.4409505289789 13.6155598756755 4.54238280365635 5.41367186358793 7.70631511524964 9.11861978178517 9.70598959687991 9.49388021485259 13.2708984143377 14.3699219064842 15.7625650974564 20.4893228760613 21.3947266344169 22.4345703311614 23.6558593642026 23.9357421585845 24.1151692043664 24.4044270269178 24.7847656378067 25.0220703754226 25.1507160656639 25.2546223246482 25.4210938725172 25.5695311640516 25.4930338222565 24.9604165998746 23.5254556827885 24.0619792067138 23.9389323010917 23.9207681844513 23.4963541841123 23.3871744486758
-9999 -9999 -9999 -9999 -9999 -9999 -9999 -9999 -9999 -9999 -9999 -9999 -9999 -9999 -9999 -9999 -9999 -9999 -9999 -9999 -9999 -9999 -9999 -9999 -9999 -9999 -9999 -9999 -9999 -9999 17.6361978896271 16.9541016551409 15.1003906173007 5.20878905077597 5.21269526095234 5.86549482566772 8.0785807242615 8.64453128019632 8.3511719016348 11.6903645660849 14.3327474186757 15.3570312755841 19.214648428902 22.0562499659999 23.1830077607014 23.6411458085853 23.8155599182128 23.8309244340789 24.2041666632398 24.7968750216755 25.1121092059268 25.1763670475477 25.2009765705623 25.2634114252564 25.304817699126 25.1891275665588 24.3863931883061 23.1483723395478 23.7557942316418 23.4758462948802 22.971940079436 23.421158905815 23.4861979259129
-9999 -9999 -9999 -9999 -9999 -9999 -9999 -9999 -9999 -9999 -9999 -9999 -9999 -9999 -9999 -9999 -9999 -9999 -9999 -9999 -9999 -9999 -9999 -9999 -9999 -9999 -9999 -9999 -9999 -9999 16.4760416006805 15.6474609138029 14.1253906412354 6.70820312540793 4.38886720319724 3.48190104214167 6.20123700832972 6.10468748663761 8.39003904628811 11.4575521153365 11.4356771078423 15.8515624886791 18.7869140708369 20.6445312637817 22.9367187544675 23.4977864551344 23.5479817765958 23.7207681903728 24.2100260567564 24.9062499452336 25.1998046555081 25.1275389878336 25.0121093388194 25.0048176425049 25.0397787412932 24.9145182261349 24.0537760200073 23.360286441122 23.4755208557364 22.5963540794164 23.0961588081554 23.5932292528122 23.7016276398818
