current/TMEAN.asc
NCOLS 720 
NROWS 360 
XLLCORNER -180 
YLLCORNER -90 
CELLSIZE 0.5 
NODATA_value -9999 
[rows 84 to 111 of 360, columns 189 to 251 of 720]
2.89049482035686 2.25592444368208 1.60358073876623 1.46145831643509 1.51614579503124 1.56497398456942 1.59544266400974 1.50286454078108 1.44466141465475 1.47096353856216 1.78092448603539 2.22734375866996 2.20058591570639 1.89479168012266 1.69264326660297 1.42949220088415 1.31503905825591 1.40299480612373 1.48365886108636 1.49505209294783 1.36165363469889 1.04785154432337 0.982617156910886 1.3932291885732 2.13580726642446 2.6119791601056 2.20182290459209 1.35807292643159 0.199479148660152 0.587304682752286 1.93535159149869 2.783463520953 2.44667970044607 2.43352869193955 1.96380208783375 1.96158853504138 2.22526039854362 2.57975259137472 2.89830729233567 4.01861978167877 4.34361981583643 4.40559894271131 -9999 -9999 -9999 -9999 -9999 -9999 -9999 -9999 -9999 -9999 3.45358072294143 3.28645833744528 3.43567710113712 3.41783852111423 3.58561198330825 3.63164063790953 4.02011722750793 4.35852865114141 4.38867186982759 4.42194009901873 4.60833330191544
3.77408857751563 3.17526039949394 2.20592452270421 1.95110677645986 2.01985677013027 2.08899741979871 2.17688804856484 2.00852865499462 1.91575522177793 2.12936195202347 2.52018229230738 2.80214842152247 2.86386719458841 2.29635415944091 2.05201827158686 1.95273439204366 1.93730466188539 2.01725262556063 2.07213544770754 2.23665366112097 2.21868491237743 1.86406248301692 1.55742185462328 1.88444010216783 2.39908854940135 3.04264323814937 2.74381513371224 1.83951822007626 1.41569011653301 2.16894530931756 3.31308592123975 2.7216145826558 2.51725261353585 2.66282553236186 3.03509112833884 2.95885415519804 2.72037759265892 2.21666666852542 2.79596357665516 4.15319007817391 4.54596358010778 4.80039063286195 -9999 -9999 -9999 -9999 -9999 5.08776043289812 -9999 -9999 -9999 -9999 -9999 -9999 -9999 -9999 4.01041668754381 3.91249999970508 4.38593753411746 4.98841143756062 4.78183594074401 4.65182292830044 4.85755208738051
4.49960939112332 4.13561200977899 3.25182290869491 2.89283855948634 2.95123695977484 2.87239584216098 2.68723962727857 2.69036462399641 2.91263020993939 3.42532551082825 3.52630204024308 3.51132816407144 3.41953128957297 3.04928384256011 2.60768229157955 2.55305991070412 2.64309897044376 2.62389323034409 2.90416668408646 3.13502604803658 2.93756509610225 2.40820315250615 2.15703125396264 2.4070312388597 2.95703125472477 3.85572915659593 4.15631508629999 4.17591148092873 4.29954426567912 4.05520834968863 3.03059892612891 3.02936199511896 2.83932293387298 2.91673177651792 3.51673173305198 3.81744792015988 3.23190105859321 3.00833332808167 3.84739583404922 4.51204429978331 4.80266926782384 5.18326818826354 5.28046875528659 5.48506939618124 5.62569440471836 5.74999997621247 5.70312503837825 -9999 -9999 4.16599395808266 4.33617624581945 -9999 -9999 -9999 -9999 -9999 -9999 -9999 5.07916669330249 5.0729166874274 4.89635418922019 -9999 5.01250000980993
5.16777343916748 4.87486977342202 4.58873696632321 4.50768229946861 4.53385416976722 4.35930987381606 4.13723959216069 4.00071616260874 4.22356770151432 4.56790361851609 4.58626303584722 4.44355465212774 4.00312503249975 3.55807289920537 3.23776041253349 3.57298175634838 3.79602865891045 3.72760417902738 3.70319011187649 3.75397134340225 3.59166670384967 3.53945309800381 2.99414061255924 3.48535155925863 4.56035156097621 5.11178384700038 4.93014323946746 4.29114585332827 3.6389974028833 3.79075522321446 3.16516922725154 3.09557291975384 3.30924478450477 3.46243490710102 3.73138021800841 4.26725261914541 4.13932291236935 4.26966144879913 4.56614581835966 4.75110674073952 5.01653639387696 5.3781901111812 5.52988279039688 5.5767360942694 5.66228296136826 5.78984372245985 5.72890627925363 -9999 5.29680990052798 4.97575956329728 5.56032986692221 5.63333328813314 -9999 -9999 -9999 -9999 -9999 -9999 -9999 -9999 -9999 -9999 -9999
6.20865885551443 5.89290367945421 5.67845052772692 5.49850262928621 5.41842448976669 5.29973957136539 5.04114584069471 4.9907552229186 5.19329427328702 5.31536458496314 5.14388019520919 4.67923177347062 4.00657555682115 3.5295572825369 3.4526041580601 4.12226561105777 4.99921873480984 5.03984374289379 4.68320314838824 4.63300783769169 4.77207032924176 4.85885414915673 4.83014322805132 5.59108074146866 5.83600261021529 5.54290362134598 4.91223958884079 4.09401039912613 3.63600262717125 3.37669272286516 3.08177085482323 3.49420574611294 3.64752608078758 4.24114581460002 4.67708332340106 4.77636715311928 4.95898437905112 5.23776043712702 5.55045574401378 5.26725264366484 5.01080728171823 5.31790365375223 5.60345052820448 5.65188798668852 5.69934901510638 5.65065104013351 5.47877605158538 5.72031251131309 5.74082032616011 5.86100261329756 5.69615889124981 5.71249989544352 -9999 -9999 -9999 -9999 -9999 -9999 -9999 -9999 -9999 -9999 -9999
6.7055338439454 6.06848960653585 5.90442706280827 5.95436197093693 6.0629557428381 5.95540365649388 5.82278647615471 5.73665364902216 5.7891926974752 5.87434898658606 5.81009113491911 5.29544271678334 4.74348955343885 4.30221353175948 4.00319010321308 4.3814452950638 4.84179689036751 5.25039062937554 5.50488282224242 5.84882810377557 6.04765624130683 6.15572918202645 6.29459636174928 6.41041668331376 6.43795576054478 5.66966145950145 4.87024741761037 4.05240888909392 3.0008463443504 2.81321615727062 3.44524741799421 4.09342446687673 4.75358075655641 5.35930988385192 5.33177083757747 5.48242188711023 5.72304686732209 5.72369792069859 5.80846358596256 5.58658853255711 5.72916667809208 6.08313802052274 6.06243489099066 5.90585935913366 5.73769531535917 5.44986979581227 5.55338543082821 5.82285155206881 6.02382816450829 6.05729175576319 -9999 -9999 -9999 -9999 -9999 -9999 -9999 -9999 -9999 -9999 -9999 -9999 -9999
6.45195311713177 5.83639322287902 5.76471354920814 6.14166662770613 6.49537759870912 6.47460940174158 6.40957030871061 6.39713539897526 6.27506509596259 6.19479167626374 6.2010416741229 6.01992187410087 5.68183595526998 5.42558592999217 5.20898438019437 5.31575521262329 5.53040359741164 5.74192710153792 6.08098954785694 6.35156248951719 6.31074216034852 5.98138022659805 5.1550130294503 5.4204426964546 6.6249348962081 5.31132814226016 4.63417969161683 3.831640651886 3.65097655881589 3.88782550800978 4.89231770105475 5.99042967922117 6.19218750226979 6.45045576160183 6.15533852400846 6.1143229131278 6.14238282646972 6.08958327801277 -9999 6.20429683186096 6.1673828289018 6.11979166068917 6.13717447805729 6.13326822353017 6.1785807408847 5.99036458447032 5.90989587844039 -9999 -9999 -9999 -9999 -9999 -9999 -9999 -9999 -9999 -9999 -9999 -9999 -9999 -9999 -9999 -9999
6.18574218136661 6.22955730210735 6.37350259517498 6.70807289689016 6.99205729030823 6.94179688151234 6.92363284209831 6.89127604646285 6.53658856384666 5.86022135008836 5.61803383457194 6.45546874297223 6.42324218576134 6.31523438003739 6.23281252329531 6.53899738086921 6.71848956353049 6.72259112510557 6.87825520609412 6.73749997096185 5.77382811106326 4.71927083307597 4.25735678968462 4.69895833956953 6.61829429826852 4.94101564323114 5.06660158931012 4.50195314169949 4.12792966185786 5.82591143252737 6.65169270185761 7.15859373768073 7.18105468175957 7.31451823493061 7.03229169590467 6.47604166200229 -9999 -9999 6.30729166096128 6.14446617047604 6.13509115171312 6.22851562710318 6.43984377661343 6.35104165330995 -9999 -9999 -9999 -9999 -9999 -9999 -9999 -9999 -9999 -9999 -9999 -9999 -9999 -9999 -9999 -9999 -9999 -9999 -9999
7.0031900799277 7.29518229708182 7.60514324444097 7.74667972661545 7.56386715482561 7.30468748552637 7.41835936210964 7.25006510187389 6.54986979376261 6.00618487221664 5.94759116331078 7.06523439325563 7.87539061496339 8.03352867409026 7.78001302648036 7.78346351559234 7.68639321185828 7.69010418593585 7.51139321822369 6.03470053296851 5.28450522417675 4.32838543343949 4.59283855316206 5.95195315488867 6.88710935108418 5.21328131188478 5.73554687337901 5.48990887462645 5.95690105129328 6.86588540967772 7.59518225316302 7.74010413776462 7.76510419494783 -9999 -9999 -9999 -9999 -9999 6.62708333631357 6.40436202250936 6.22838545024381 6.17361105543872 -9999 -9999 -9999 -9999 -9999 -9999 -9999 -9999 -9999 -9999 -9999 -9999 -9999 -9999 -9999 -9999 -9999 -9999 -9999 -9999 -9999
7.91998695535918 7.98385417960505 8.21881512464677 8.40175784626201 8.15742186623713 7.97675778670909 7.97324217951248 7.66393228323101 7.02584634799028 6.87102863950325 7.30930989259647 8.04863282619052 8.53945311355466 8.57239585192668 8.2884114701328 8.47897137346683 8.55651043644866 8.45182290689029 8.15768232920126 7.35520835665304 6.68528647980982 5.75143226501022 6.00709637121833 7.1921874910801 6.7919921915231 5.79687504025691 6.21835938511064 6.91100261339863 7.26725260575751 8.01510414018352 8.05299473213765 -9999 -9999 -9999 -9999 -9999 -9999 -9999 -9999 6.35729169224699 -9999 -9999 -9999 -9999 -9999 -9999 -9999 -9999 -9999 -9999 -9999 -9999 -9999 -9999 -9999 -9999 -9999 -9999 -9999 -9999 -9999 -9999 -9999
8.40013018202857 8.19570311322984 8.22324219012338 8.44511719058998 8.73125002879132 8.90657550418194 8.64817703148534 8.1848307647348 7.73307292489916 7.80807294385313 8.12311197048073 8.35084634696832 8.42779946019122 7.99414062491667 7.29374999210162 7.88873695974762 7.98151042943817 8.34205730001318 7.40416663272957 6.6634765648154 6.45917967599665 6.6034505407687 7.23528646764734 8.2081380340826 6.71302084632411 6.42200519968584 6.90462239527263 7.60911458121662 8.69427085253995 9.10724822017615 -9999 -9999 -9999 -9999 -9999 -9999 -9999 -9999 -9999 -9999 -9999 -9999 -9999 -9999 -9999 -9999 -9999 -9999 -9999 -9999 -9999 -9999 -9999 -9999 -9999 -9999 -9999 -9999 -9999 -9999 -9999 -9999 -9999
8.72415366567869 8.42578123592583 8.47734375497582 8.857421851947 9.40722654585557 9.4380208400959 9.40403644657319 9.11334635146216 8.77643227194907 8.77897136368733 8.9703776030225 8.39752602564817 7.76783853852937 6.86542966618117 6.5863280972929 6.70963543753203 7.25709639785231 7.68404946767193 7.59576821309738 7.27636713726925 6.5734374949498 6.00559892029259 6.40833332716502 8.44446615296999 7.0688802230139 7.97981769583437 7.98138021346437 8.3552083749602 9.37298179417699 9.73602425505147 -9999 -9999 -9999 -9999 -9999 -9999 -9999 -9999 -9999 -9999 -9999 -9999 -9999 -9999 -9999 -9999 -9999 -9999 -9999 -9999 -9999 -9999 -9999 -9999 -9999 -9999 -9999 -9999 -9999 -9999 -9999 -9999 -9999
8.84811200227618 8.66067706051052 8.95130209626409 9.45084634802877 9.75475258416605 9.74804688377751 9.84238280717024 9.77799481063592 9.28658854211669 8.91425784353162 8.39414066319184 7.89798179884941 7.44973956764616 6.69381510125171 6.84088536599403 6.85227863086526 7.35501300503658 7.55123697139448 7.76236976414199 7.49772135270004 7.15748699462389 7.21608075075051 8.64401039355202 8.94856772314909 8.27669270787749 9.32369791500587 8.9678385227613 9.1792317928911 9.88216139391989 9.99691842616602 9.61657981360049 9.48750001937151 -9999 -9999 -9999 -9999 -9999 -9999 -9999 -9999 -9999 -9999 -9999 -9999 -9999 -9999 -9999 -9999 -9999 -9999 -9999 -9999 -9999 -9999 -9999 -9999 -9999 -9999 -9999 -9999 -9999 -9999 -9999
9.36002603558599 9.39192711720565 9.50794272973001 9.67955730879302 9.82819009324109 9.68085943078393 9.62109373319758 9.58873694426359 9.29127606499591 9.27363275957718 8.79863281514937 8.42513022762867 7.93294271006667 7.51471357315179 7.60319009908568 8.08938797948114 8.55520832764237 8.80260416212396 8.33053384118207 7.86881511791861 7.72369792543661 8.58404950614596 9.56315105346184 10.1983723750895 9.96126302400771 10.2492187317358 10.140624989038 9.66145834311222 10.1856770770003 10.2303819505291 9.78819433579014 -9999 -9999 -9999 -9999 -9999 -9999 -9999 -9999 -9999 -9999 -9999 -9999 -9999 -9999 -9999 -9999 -9999 -9999 -9999 -9999 -9999 -9999 -9999 -9999 -9999 -9999 -9999 -9999 -9999 -9999 -9999 -9999
9.82916667539057 9.95332027525374 9.90761716238243 9.82454430921291 9.84856774152336 9.35468747748666 9.21503902118798 9.59316407149746 9.65214848018278 9.56113279343857 9.620312446326 9.28828125575696 8.83203127144368 8.1881510433984 8.39225260403279 9.26223963235367 9.62708334761636 9.78626303586125 8.96770836452713 9.19251302037463 9.75188801416805 9.71191409166032 11.0519531208774 11.6745442976102 11.1722005579774 10.80859375 10.4515624688938 -9999 -9999 -9999 -9999 -9999 -9999 -9999 -9999 -9999 -9999 -9999 -9999 -9999 -9999 -9999 -9999 -9999 -9999 -9999 -9999 -9999 -9999 -9999 -9999 -9999 -9999 -9999 -9999 -9999 -9999 -9999 -9999 -9999 -9999 -9999 -9999
9.88873696183092 9.96601563255164 10.186914072198 10.0114583592153 10.1819661695767 9.91308592469689 9.80800781072512 10.1697265544418 10.0546874940925 10.0474609146354 10.0521484274031 10.0789062696307 8.77714844952385 8.46842450048125 9.44596354317307 10.075130253623 10.5741537125417 10.8600911434395 10.568294258894 10.6093098916586 11.1669270456552 11.3683593813043 11.4679687497464 11.9505208646879 -9999 -9999 -9999 -9999 -9999 -9999 -9999 -9999 -9999 -9999 -9999 -9999 -9999 -9999 -9999 -9999 -9999 -9999 -9999 -9999 -9999 -9999 -9999 -9999 -9999 -9999 -9999 -9999 -9999 -9999 -9999 -9999 -9999 -9999 -9999 -9999 -9999 -9999 -9999
10.2811848931214 10.3970703266436 11.0179687286654 10.7267577860426 10.8253906197129 10.7343099128913 10.4218098984506 10.7168620085421 10.5262369754166 10.3700521018061 10.3061848486936 9.80546875267648 8.30605472248564 9.37734374110553 10.3167968549754 10.8653645692831 11.0472004995097 11.2586588641747 11.505533812448 11.73802082207 12.3218099143596 11.9151692623319 11.7304036697348 -9999 -9999 -9999 -9999 -9999 -9999 -9999 -9999 -9999 -9999 -9999 -9999 -9999 -9999 -9999 -9999 -9999 -9999 -9999 -9999 -9999 -9999 -9999 -9999 -9999 -9999 -9999 -9999 -9999 -9999 -9999 -9999 -9999 -9999 -9999 -9999 -9999 -9999 -9999 -9999
11.2499349569001 11.4750000204563 11.3886719048276 11.2138671627839 11.2562500064875 11.0932942625388 11.0848958206534 11.3760416804233 11.2205729044258 10.9075520951573 10.6222004981627 9.2992187704074 8.82226562553771 10.2749999954109 11.0802734113508 11.7405599114238 11.8919270922129 12.4719400994876 12.8834634927534 12.5895833295714 12.5317708407756 12.3913411551511 12.0202474088026 -9999 -9999 -9999 -9999 -9999 -9999 -9999 -9999 -9999 -9999 -9999 -9999 -9999 -9999 -9999 -9999 -9999 -9999 -9999 -9999 -9999 -9999 -9999 -9999 -9999 -9999 -9999 -9999 -9999 -9999 -9999 -9999 -9999 -9999 -9999 -9999 -9999 -9999 -9999 -9999
12.1374348587463 12.0240885334972 11.7194010215414 11.6048177330333 11.6198567790612 11.7417968810067 11.8802734350731 11.832031218579 11.4847656323718 11.0832682678996 9.67369793227894 8.57584634162986 9.57897135305666 10.6689452755926 11.3806640360637 12.4238281242896 12.954882848877 13.0932943353243 13.3507161354577 13.0210937559375 12.9152343920745 12.6416666731238 -9999 -9999 -9999 -9999 -9999 -9999 -9999 -9999 -9999 -9999 -9999 -9999 -9999 -9999 -9999 -9999 -9999 -9999 -9999 -9999 -9999 -9999 -9999 -9999 -9999 -9999 -9999 -9999 -9999 -9999 -9999 -9999 -9999 -9999 -9999 -9999 -9999 -9999 -9999 -9999 -9999
12.493684893877 12.4422525990022 12.2061198006935 12.0237630347985 11.776302029624 12.004101572068 12.0564453137772 11.9291015653802 11.4224609514012 9.93990889218153 8.91998696355932 9.46959636026467 10.5149088415479 11.807617152836 12.7443359624082 13.1078124863452 13.5398437462969 13.8292968812619 13.837109375803 13.5644531256266 13.3791015521801 -9999 -9999 -9999 -9999 -9999 -9999 -9999 -9999 -9999 -9999 -9999 -9999 -9999 -9999 -9999 -9999 -9999 -9999 -9999 -9999 -9999 -9999 -9999 -9999 -9999 -9999 -9999 -9999 -9999 -9999 -9999 -9999 -9999 -9999 -9999 -9999 -9999 -9999 -9999 -9999 -9999 -9999
12.9785807191985 12.8912760536591 12.7299478970183 12.3685546864431 12.2767577942263 12.2428385416945 12.1248697859951 11.330794283193 10.5268879986762 10.1425780587933 10.4527343842883 11.6826171786572 11.7154296598567 12.8446614093464 13.3542317418841 13.4822916421334 13.9164713621819 14.2115234627879 14.3730468678457 14.1324870148504 14.0591145826119 -9999 -9999 -9999 -9999 -9999 -9999 -9999 -9999 -9999 -9999 -9999 -9999 -9999 -9999 -9999 -9999 -9999 -9999 -9999 -9999 -9999 -9999 -9999 -9999 -9999 -9999 -9999 -9999 -9999 -9999 -9999 -9999 -9999 -9999 -9999 -9999 -9999 -9999 -9999 -9999 -9999 -9999
13.2092448129162 12.9141275880257 12.7018229143291 12.4570312859249 12.3845703269741 12.1356120279643 11.9326822880647 11.0663411743529 10.4997395898241 10.9257812382944 11.378320316587 13.051562521582 13.2900390897292 13.3376301918788 13.4100911682938 13.7619791372097 14.2658854680334 14.5076171714271 14.6562500242207 14.6444661615895 -9999 -9999 -9999 -9999 -9999 -9999 -9999 -9999 -9999 -9999 -9999 -9999 -9999 -9999 -9999 -9999 -9999 -9999 -9999 -9999 -9999 -9999 -9999 -9999 -9999 -9999 -9999 -9999 -9999 -9999 -9999 -9999 -9999 -9999 -9999 -9999 -9999 -9999 -9999 -9999 -9999 -9999 -9999
13.3505208461471 12.8468098643754 12.7222005238033 12.4503255034733 11.9888020984809 12.006966130318 12.0055989653767 10.9376952947751 10.5701171888857 11.2963541401578 12.2426432329969 13.4136718682535 13.7783203162648 13.9182942724662 13.8897786895363 14.1305338343983 14.502604151376 14.821158807618 15.2924479206631 15.4468750470163 -9999 -9999 -9999 -9999 -9999 -9999 -9999 -9999 -9999 -9999 -9999 -9999 -9999 -9999 -9999 -9999 -9999 -9999 -9999 -9999 -9999 -9999 -9999 -9999 -9999 -9999 -9999 -9999 -9999 -9999 -9999 -9999 -9999 -9999 -9999 -9999 -9999 -9999 -9999 -9999 -9999 -9999 -9999
13.0612630473902 12.6145833098487 12.8362630147472 13.1981770337944 13.1620442778622 12.7833333283836 11.318294284816 10.6089843790196 12.2207031322803 13.3947916532259 14.0826822977982 14.3210937788395 14.3658203143571 14.4804036387039 14.5714193037895 14.8717447709022 14.9971353617405 15.2676432393303 15.5735026169304 15.8622395573575 -9999 -9999 -9999 -9999 -9999 -9999 -9999 -9999 -9999 -9999 -9999 -9999 -9999 -9999 -9999 -9999 -9999 -9999 -9999 -9999 -9999 -9999 -9999 -9999 -9999 -9999 -9999 -9999 -9999 -9999 -9999 -9999 -9999 -9999 -9999 -9999 -9999 -9999 -9999 -9999 -9999 -9999 -9999
13.1943359110242 13.4347004914999 13.9141926920665 13.1612630047153 11.8309895625312 11.5161458302678 11.5284504747974 13.5258463348598 14.2869791836592 14.5574869639215 15.0027994332663 15.0248697834641 14.9690104595117 15.2632811809313 15.3664062268948 15.5175781291063 15.6453125251169 15.9282551556295 16.233919286833 16.4600911567065 -9999 -9999 -9999 -9999 -9999 -9999 -9999 -9999 -9999 -9999 -9999 -9999 -9999 -9999 -9999 -9999 -9999 -9999 -9999 -9999 -9999 -9999 -9999 -9999 -9999 -9999 -9999 -9999 -9999 -9999 -9999 -9999 -9999 -9999 -9999 -9999 -9999 -9999 -9999 -9999 -9999 -9999 -9999
14.1433593888487 14.2370442397597 13.0266927051144 11.6475911621375 11.0573567792008 12.1757161532131 14.2294271074368 14.9115885985726 15.1928385504497 15.3330729516261 15.5428385653532 15.6324869843265 15.6656901234454 15.7828125014514 15.9439453011043 16.0957031787848 16.29082038406 16.5550129919744 16.5712239968409 -9999 -9999 -9999 -9999 -9999 -9999 -9999 -9999 -9999 -9999 -9999 -9999 -9999 -9999 -9999 -9999 -9999 -9999 -9999 -9999 -9999 -9999 -9999 -9999 -9999 -9999 -9999 -9999 -9999 -9999 -9999 -9999 -9999 -9999 -9999 -9999 -9999 -9999 -9999 -9999 -9999 -9999 -9999 -9999
14.6043619639895 14.3725911366451 13.03821613271 12.958658867418 14.1541666632935 15.4606119785328 15.6871744915883 15.6363281227699 15.7347656188636 15.7783853903049 15.9902994994588 16.3645182275139 16.2235025844116 16.1850911369376 16.4343098797797 16.7355251649609 16.9136502015399 17.0011284586249 -9999 -9999 -9999 -9999 -9999 -9999 -9999 -9999 -9999 -9999 -9999 -9999 -9999 -9999 -9999 -9999 -9999 -9999 -9999 -9999 -9999 -9999 -9999 -9999 -9999 -9999 -9999 -9999 -9999 -9999 -9999 -9999 -9999 -9999 -9999 -9999 -9999 -9999 -9999 -9999 -9999 -9999 -9999 -9999 -9999
15.2402994749582 15.1145833436897 14.7013020304049 15.1752604247156 15.7772135333601 16.039322872555 16.0508463415641 16.1755859205498 16.4826171635502 16.5319010448535 16.6606120335093 16.9592447792617 16.7666666751615 16.6522786409233 16.9138020992033 17.2051866923527 17.1038195917176 -9999 -9999 -9999 -9999 -9999 -9999 -9999 -9999 -9999 -9999 -9999 -9999 -9999 -9999 -9999 -9999 -9999 -9999 -9999 -9999 -9999 -9999 -9999 -9999 -9999 -9999 -9999 -9999 -9999 -9999 -9999 -9999 -9999 -9999 -9999 -9999 -9999 -9999 -9999 -9999 -9999 -9999 -9999 -9999 -9999 -9999
