2050_A2_CS/PREC.asc
NCOLS 720 
NROWS 360 
XLLCORNER -180 
YLLCORNER -90 
CELLSIZE 0.5 
NODATA_value -9999 
[rows 224 to 251 of 360, columns 192 to 255 of 720]
-9999 -9999 -9999 -9999 -9999 -9999 -9999 -9999 -9999 -9999 -9999 -9999 -9999 -9999 -9999 -9999 -9999 -9999 -9999 -9999 -9999 -9999 -9999 -9999 -9999 -9999 -9999 1 3.14062499740441 13.3593749988203 25.2968749950448 34.9062500033036 52.76562500118 67.1093749997642 93.6718750013378 150.625000009125 251.515625047745 307.531250043261 617.046874835853 986.796874867938 977.765625069452 865.35937493495 635.812499982693 485.953125058441 507.484375019901 584.59375000645 651.343750035396 671.921875032799 637.999999985528 722.468749954853 916.421874977114 1120.28125003634 1215.43750002328 1278.71874996146 1299.96874995454 1284.8281249628 1322.78124997436 1370.17187490475 1402.46874990011 1486.60937495037 1443.89062500999 1302.04687503689 1203.92187500731 1154.74999997923
-9999 -9999 -9999 -9999 -9999 -9999 -9999 -9999 -9999 -9999 -9999 -9999 -9999 -9999 -9999 -9999 -9999 -9999 -9999 -9999 -9999 -9999 -9999 -9999 -9999 -9999 -9999 1.17187499976469 4.82812499976478 14.4843749992942 25.2968750049416 35.0468749964705 49.718750003922 65.8906250022748 91.8437500017261 136.000000015374 201.828125035533 275.42187501059 775.531249898511 1043.18750003734 907.968750047534 913.828124983763 654.93749998525 450.796875000548 490.562500008473 571.328125015766 607.796875037571 634.281250030277 672.312499957018 784.203124941723 952.234374962902 1115.03124997255 1227.2031249571 1334.49999994509 1356.96874994996 1334.51562495396 1372.98437494157 1454.26562495427 1486.51562495898 1495.42187503475 1398.75000006557 1262.10937503004 1217.79687496949 1217.84374991513
-9999 -9999 -9999 -9999 -9999 -9999 -9999 -9999 -9999 -9999 -9999 -9999 -9999 -9999 -9999 -9999 -9999 -9999 -9999 -9999 -9999 -9999 -9999 -9999 -9999 -9999 3.15104166637987 2.61979166637987 6.95312499960899 13.9843750010169 21.4843750003913 40.3750000043803 46.2343750019557 62.2656250024248 88.0625000028163 125.468750002347 173.078125005867 239.218749923505 683.234374994767 873.031250090261 830.390625049668 819.984375077356 669.078124995539 543.124999923973 535.265624937975 565.921874977865 575.046875005397 619.062499994369 724.984374952211 848.593749961362 984.031250034887 1142.84375004052 1245.65625003739 1333.07812506625 1369.79687503856 1381.89062498928 1430.23437497192 1493.46874997826 1502.4843749957 1448.67187502198 1351.8593750054 1283.18749990896 1266.57812492515 1289.45312495518
-9999 -9999 -9999 -9999 -9999 -9999 -9999 -9999 -9999 -9999 -9999 -9999 -9999 -9999 -9999 -9999 -9999 -9999 -9999 -9999 -9999 -9999 -9999 -9999 -9999 -9999 3.29166666687466 2.80729166664066 7.65624999922008 10.8906250041339 18.9062500039001 33.1562500076439 43.7031250022622 59.87500000156 85.4843750014824 123.59375000078 179.687499983154 480.249999675221 752.093749890649 805.203125022853 794.484375010217 748.921875041104 670.578125001949 621.406249945557 613.499999931674 610.54687494782 610.109374936276 663.546874931597 783.484374950317 887.546874973715 961.015625003512 1073.14062507558 1184.85937506388 1266.79687504422 1324.89062503627 1373.54687502457 1453.10937498994 1519.718749978 1515.65624998237 1442.71874998799 1341.73437501147 1376.70312493518 1358.68749992138 1393.37499987177
-9999 -9999 -9999 -9999 -9999 -9999 -9999 -9999 -9999 -9999 -9999 -9999 -9999 -9999 -9999 -9999 -9999 -9999 -9999 -9999 -9999 -9999 -9999 -9999 -9999 -9999 5.81249999906663 5.1093749988333 8.51562500116672 10.2968749997667 16.9218749966556 28.5468749938555 42.0781250052114 59.187500002178 86.7968750000782 120.874999994711 225.718749983983 667.656250109051 662.312500083693 783.62500001089 785.875000013999 720.250000014 668.671874995411 654.421874987944 663.890624973788 687.937499936221 730.734374889631 780.281249896864 850.390624938633 928.015624957299 993.437499954266 1039.23437501657 1143.10937501564 1277.64062490503 1307.35937498763 1341.76562500583 1432.75000002862 1509.25000003702 1529.5312500126 1493.95312493863 1418.04687490581 1472.65624988038 1505.24999987431 1513.07812492308
-9999 -9999 -9999 -9999 -9999 -9999 -9999 -9999 -9999 -9999 -9999 -9999 -9999 -9999 -9999 -9999 -9999 -9999 -9999 -9999 -9999 -9999 -9999 -9999 -9999 -9999 8.90624999922441 8.53124999550147 8.1406249994571 11.8906249975957 21.3749999959671 31.8750000006205 38.0000000015514 58.7656249985265 88.4374999972084 133.203124984876 288.390624912286 607.421874990926 639.812499953775 715.843750101295 731.687500075699 698.968750021251 669.937500002482 665.812499993175 691.265624980843 755.249999952223 841.874999926163 884.531249930351 916.531249951758 975.031249964788 1043.17187496331 1045.37499997332 1158.5312499589 1341.57812498891 1328.03124997813 1411.79687487831 1496.78124986551 1490.45312499418 1520.53125000233 1554.70312496068 1538.23437489506 1648.95312482758 1625.99999992554 1631.15624988133
-9999 -9999 -9999 -9999 -9999 -9999 -9999 -9999 -9999 -9999 -9999 -9999 -9999 -9999 -9999 -9999 -9999 -9999 -9999 -9999 -9999 -9999 -9999 -9999 -9999 -9999 15.3124999990719 11.6562499967516 9.82812499992266 16.6718749994587 24.6874999965973 35.8437499924205 45.9531249863105 61.1406249918792 92.2656249983763 140.312500008353 263.843750045947 523.015625136665 674.921874941916 642.343749945396 666.562499998144 674.015625012297 663.171875011215 670.203125005182 712.265624992499 795.562499974632 880.031249977881 919.640624990642 958.749999975561 1016.35937496326 1083.64062494269 1162.81249988399 1327.95312494393 1382.93749997339 1398.34374994911 1486.65625000758 1550.03125003387 1470.57812502622 1550.59375000077 1667.21874997107 1727.64062502591 1764.99999997463 1742.60937498244 1725.40624996922
-9999 -9999 -9999 -9999 -9999 -9999 -9999 -9999 -9999 -9999 -9999 -9999 -9999 -9999 -9999 -9999 -9999 -9999 -9999 -9999 -9999 -9999 -9999 -9999 -9999 -9999 18.8750000006169 13.5312500001542 9.92187499992291 18.8749999969152 29.093749996144 37.1562500053986 47.125000011723 73.1406249883547 100.984374987275 129.343750009718 209.5625000435 443.281249994912 697.843750020207 706.609374948713 684.609374972158 665.484375001774 651.453125008098 661.718750008792 714.468750003858 824.343749977944 919.921874956426 928.593749994602 989.687499973471 1062.20312496121 1151.9843749447 1290.4999999056 1392.03124995049 1437.1718749373 1446.06249997224 1480.51562500255 1551.43749996391 1521.20312489056 1565.82812497417 1678.09375001095 1766.45312491031 1853.59374987953 1818.35937489288 1813.39062488593
-9999 -9999 -9999 -9999 -9999 -9999 -9999 -9999 -9999 -9999 -9999 -9999 -9999 -9999 -9999 -9999 -9999 -9999 -9999 -9999 -9999 -9999 -9999 -9999 -9999 -9999 21.9218749991539 12.7812499980004 12.2656249962318 22.7187499900024 38.5468749890028 45.859374992694 49.5781249906945 75.5937499927713 110.593750009075 145.328124994079 250.312499940633 524.015624795972 715.828124905485 756.843749998923 708.14062500146 661.968750003537 642.64062500423 659.98437498162 716.843749960165 849.546874973315 955.499999978774 974.76562494855 1040.99999994555 1123.4999999354 1213.96874992694 1374.84374997032 1413.32812497685 1393.31249999692 1387.45312496055 1418.06249998154 1568.18749994555 1598.84375001707 1593.5312500303 1691.96874997585 1867.37499999508 1952.45312496209 1966.46874985619 2045.59374980358
-9999 -9999 -9999 -9999 -9999 -9999 -9999 -9999 -9999 -9999 -9999 -9999 -9999 -9999 -9999 -9999 -9999 -9999 -9999 -9999 -9999 -9999 -9999 -9999 -9999 -9999 30.1718749873465 16.1093749965491 18.8281249930219 36.1718749879604 50.0312499921782 57.9062499875769 59.9843749922549 84.0312499934052 109.562499992639 158.640624984126 349.17187489748 829.453124703764 774.234374998695 718.781250063343 694.546875020781 659.343750000767 652.015624980446 694.109374962501 775.249999944174 893.187499955216 989.390624965722 1028.90624996273 1108.92187494318 1204.4999999319 1290.98437494686 1337.39062509087 1315.17187518366 1390.64062500744 1563.60937475115 1615.45312469548 1687.06249985982 1556.42187505238 1581.81249998896 1723.84374997193 1842.57812504548 1944.25000005123 2054.35937499962 2218.28124991335
-9999 -9999 -9999 -9999 -9999 -9999 -9999 -9999 -9999 -9999 -9999 -9999 -9999 -9999 -9999 -9999 -9999 -9999 -9999 -9999 -9999 -9999 -9999 -9999 -9999 -9999 33.1093750101697 20.7343749973236 26.906249991589 47.6249999847069 66.0468750006884 64.1249999990823 61.6249999908244 94.4843749841718 131.703124955268 203.468749918794 617.265624941511 898.187500079831 753.625000025996 663.765625016134 660.968750024928 657.828125005429 679.578124984325 741.54687497102 835.968749961004 956.765624951598 1058.34374992185 1098.37499993149 1168.82812496873 1267.12499999969 1296.59375005031 1250.2343749753 1219.37499987857 1367.07812495129 1660.54687504504 1717.59375013015 1718.75000004527 1651.06249988102 1675.57812494854 1734.68749998226 1812.87499996666 1874.23437501506 1970.06250004588 2015.53125013902
-9999 -9999 -9999 -9999 -9999 -9999 -9999 -9999 -9999 -9999 -9999 -9999 -9999 -9999 -9999 -9999 -9999 -9999 -9999 -9999 -9999 -9999 -9999 -9999 -9999 29 26.4062500007624 25.1406249955013 36.7968749922992 62.296874991384 81.2812499745325 66.56249999695 77.0937499839881 121.765624971407 203.609374927641 307.015624912543 556.70312515685 757.187500149753 714.718750037361 638.359375025238 636.31250001525 651.171875005414 695.703124989402 772.578124978422 875.71874997423 1001.01562497629 1115.39062498513 1155.42187497552 1184.76562500526 1208.95312509493 1202.04687510362 1253.1406250199 1360.5156248915 1450.56249991277 1585.64062507694 1619.90625002913 1690.2031250013 1743.87499996767 1765.90624990438 1789.29687492886 1843.85937498284 1853.04687501944 1894.54687507709 1886.71875007091
-9999 -9999 -9999 -9999 -9999 -9999 -9999 -9999 -9999 -9999 -9999 -9999 -9999 -9999 -9999 -9999 -9999 -9999 -9999 -9999 -9999 -9999 -9999 -9999 -9999 34.1406249952101 33.6093749906483 35.7656249838058 53.921874964799 70.5624999960465 78.1562500065382 74.0312500001521 102.859374982134 151.14062498259 237.49999999179 310.343750001369 443.328125059229 582.453125107582 628.984375073672 619.562500009123 634.406249980081 656.812499969589 710.843749975216 797.046874975443 897.718749986164 1005.3437500035 1100.42187501315 1159.25000000243 1174.89062499384 1139.21875002144 1122.81250001734 1208.12500001642 1338.00000004106 1448.90625003604 1524.07812503794 1581.21875004273 1670.8437500181 1793.51562497043 1863.26562495948 1841.98437499278 1817.64062502395 1804.98437507367 1797.50000010127 1824.26562507413
-9999 -9999 -9999 -9999 -9999 -9999 -9999 -9999 -9999 -9999 -9999 -9999 -9999 -9999 -9999 -9999 -9999 -9999 -9999 -9999 -9999 -9999 -9999 -9999 -9999 44.4687499922674 41.9062499959062 47.8593749965887 79.6093749935563 75.4374999960578 77.4999999945416 77.3124999945417 128.921874975665 175.796874977485 249.26562498916 319.578124983701 398.51562501342 481.812500055493 557.640625041924 616.703124995528 671.906249959215 710.343749943749 759.218749946479 833.32812496581 916.468749983475 1000.75000000394 1081.01562501827 1157.70312500008 1201.9374999624 1143.90624997104 1131.15624996922 1212.24999997695 1316.85937499325 1413.28125002168 1480.20312503313 1547.18750001243 1664.3281249925 1804.29687501205 1873.39062502403 1853.65624998833 1794.85937501296 1721.17187506209 1699.71875005716 1751.09375004442
-9999 -9999 -9999 -9999 -9999 -9999 -9999 -9999 -9999 -9999 -9999 -9999 -9999 -9999 -9999 -9999 -9999 -9999 -9999 -9999 -9999 -9999 -9999 -9999 -9999 53.0781249947842 52.0624999897198 77.8437499811022 98.1718749801191 82.8437499907776 79.6250000030236 87.1718749946331 146.843749998942 200.281249981707 274.953124982086 334.296875002495 388.796875001286 451.187500003326 532.609375000984 638.171874971049 750.624999921385 792.953124927961 830.531249946935 877.78124996417 932.46874998715 990.031250008013 1048.32812503349 1118.73437507748 1216.29687509835 1162.48437502578 1148.34375001376 1212.89062507159 1302.34375006063 1400.64062500144 1424.40625008179 1529.35937502941 1675.82812499781 1782.32812504588 1831.9843750926 1826.31250007741 1787.70312502744 1669.25000001905 1596.53125009661 1532.26562516986
-9999 -9999 -9999 -9999 -9999 -9999 -9999 -9999 -9999 -9999 -9999 -9999 -9999 -9999 -9999 -9999 -9999 -9999 -9999 -9999 -9999 -9999 -9999 -9999 -9999 64.4531249911814 62.1874999939705 91.3437499971361 116.828124989824 84.9062500058787 83.0468749914827 96.9218749896741 153.968749989599 216.968749991408 278.609375011985 329.375000005427 394.468749989599 454.89062499073 533.49999999759 673.796874971586 836.124999940909 872.124999944525 889.546874958017 919.781249968193 946.015624991031 979.953125008216 1012.1406250248 1045.84375003995 1096.85937509399 1114.9062500508 1132.82812501123 1149.00000003136 1247.54687502766 1348.23437508283 1308.76562510439 1484.87500004221 1659.28125002879 1706.15625007673 1709.92187510394 1714.09375010326 1699.95312511374 1593.03125010356 1478.59375009331 1402.09375003995
-9999 -9999 -9999 -9999 -9999 -9999 -9999 -9999 -9999 -9999 -9999 -9999 -9999 -9999 -9999 -9999 -9999 -9999 -9999 -9999 -9999 -9999 -9999 -9999 98.3593749950645 87.2499999709402 81.859374972118 110.031249964678 136.156249987824 73.812499979257 80.8281249875997 104.546874997069 160.734374997972 217.640624995717 280.890624974974 350.828124937096 422.281249965279 478.999999969337 551.109374959493 704.015624969864 851.937500007216 899.937500003608 917.015624998723 935.812499999399 953.999999998497 974.109375001879 996.859375005787 1022.12500000331 1049.82812499061 1091.82812498429 1147.29687497302 1218.96874993852 1347.45312495664 1346.93749995641 1329.20312494822 1439.35937503074 1555.78125005967 1593.89062509913 1583.56250011183 1580.98437510078 1584.51562505193 1532.3437500242 1484.82812490914 1452.3437498769
-9999 -9999 -9999 -9999 -9999 -9999 -9999 -9999 -9999 -9999 -9999 -9999 -9999 -9999 -9999 -9999 -9999 -9999 -9999 -9999 -9999 -9999 -9999 -9999 109.453124987186 124.921874968752 117.0156249716 137.453124991383 124.625000030573 100.390624978194 94.5156249904832 107.124999998801 160.125000002998 224.343749993556 310.421874977746 402.015624980892 461.7031249716 522.218749961484 613.874999940054 751.03124995489 855.593749986962 896.281250002248 913.687500006595 931.218750007943 952.265625004272 971.531250002248 992.218750001649 1020.4374999994 1063.98437498674 1112.31249998291 1176.73437497984 1270.48437497894 1365.35937501461 1379.18749999191 1378.1406249734 1427.12499998891 1510.54687501281 1487.20312507171 1448.56250010431 1464.96875008498 1480.82812511398 1498.40625003012 1528.51562502076 1495.18750005425
-9999 -9999 -9999 -9999 -9999 -9999 -9999 -9999 -9999 -9999 -9999 -9999 -9999 -9999 -9999 -9999 -9999 -9999 -9999 -9999 -9999 -9999 -9999 -9999 154.421874997833 164.031249978332 160.593749959204 172.734374973774 148.234374980647 115.046874971682 105.265625003511 112.390624990959 176.390625005604 230.343750002242 328.718749998059 418.109374992902 486.781249986701 572.984374974372 677.484374984833 778.078125038182 862.234375018306 883.609375016513 897.031250017484 919.765625010087 954.234374999776 973.499999991034 995.437499987149 1024.59374999387 1074.51562499455 1123.6874999997 1185.73437500217 1281.78125001091 1359.84375001509 1369.68750001285 1373.71875001629 1414.78125004229 1432.87500007322 1401.14062505551 1338.67187505776 1314.34375015616 1372.10937510827 1442.23437502667 1495.50000004154 1457.2968750467
-9999 -9999 -9999 -9999 -9999 -9999 -9999 -9999 -9999 -9999 -9999 -9999 -9999 -9999 -9999 -9999 -9999 -9999 -9999 -9999 -9999 -9999 -9999 -9999 173.593749992004 193.343749975018 200.1562499778 210.890624965507 162.718749996274 153.578124966998 125.421874964463 112.43750000894 165.28125001207 237.374999986591 332.187499996426 429.453124989049 506.796874981451 591.171874996648 689.015624996797 750.093750006408 839.687500017582 856.843750026075 876.359375015422 910.062500005364 953.718750001043 991.124999980929 1027.49999996186 1045.54687497281 1077.46875000075 1119.75000000656 1176.35937501274 1257.21875002816 1327.17187503688 1342.21875003084 1345.17187502913 1357.68750004857 1351.31250005662 1337.57812504567 1296.81250000894 1243.37499995709 1290.96875002101 1379.93750007241 1410.09375009432 1378.12500007927
-9999 -9999 -9999 -9999 -9999 -9999 -9999 -9999 -9999 -9999 -9999 -9999 -9999 -9999 -9999 -9999 -9999 -9999 -9999 -9999 -9999 -9999 -9999 -9999 260.718749983213 245.859374952239 237.968749976083 257.93749995781 220.468749936862 178.562499980093 147.624999978607 134.968749977271 178.468749982323 256.749999983659 354.281249971924 458.484374959667 551.828124946149 621.203124958627 699.64062496754 770.093749977569 829.218750005794 821.437500021392 861.703125003195 905.578125004086 951.296875008097 1005.01562499874 1044.07812499844 1042.95312503409 1067.57812501449 1112.20312500825 1153.87500002823 1215.56250004873 1283.07812502993 1300.51562501835 1286.75000003446 1279.01562505965 1292.50000003149 1312.09374999718 1314.07812496813 1305.40624995855 1299.73437499829 1313.32812504687 1308.51562505638 1271.32812501538
-9999 -9999 -9999 -9999 -9999 -9999 -9999 -9999 -9999 -9999 -9999 -9999 -9999 -9999 -9999 -9999 -9999 -9999 -9999 -9999 -9999 -9999 -9999 -9999 324.093749983361 316.484374936035 263.328124983781 305.234374967339 289.562499953785 217.843749957784 173.218749980892 160.28124998267 199.703124984078 274.890624987632 393.796874965563 510.37499995823 607.093749966377 671.265624962155 743.046874963785 813.218749954231 834.046874986595 819.796874981262 859.312500000593 894.609375013257 936.15625001585 991.703125022293 1036.5781250134 1010.56250001718 1054.73437500585 1110.04687499519 1112.43750003733 1142.76562506643 1239.10937503962 1282.42187501029 1276.62499998163 1260.59374996963 1287.10937497712 1333.70312496867 1361.4687499569 1335.78124999333 1286.65625002237 1268.04687502481 1251.93750003318 1248.28125000696
-9999 -9999 -9999 -9999 -9999 -9999 -9999 -9999 -9999 -9999 -9999 -9999 -9999 -9999 -9999 -9999 -9999 -9999 -9999 -9999 -9999 -9999 -9999 -9999 414.484375016616 411.953125025918 332.953124949125 395.906249924534 358.515624951485 266.874999962783 214.328124950895 193.37499995599 220.890624978956 292.703124985159 424.312500005319 551.390624997564 629.718750011373 703.874999996752 779.734374999189 847.890625020011 851.375000005021 838.062500001477 845.359375017205 870.10937502075 908.359375015729 946.000000012406 981.265625026805 981.17187500864 1042.89062500967 1093.37500004047 1034.54687507067 1045.23437511497 1193.85937503316 1284.37499998819 1341.12499996042 1350.21874995466 1345.51562496507 1368.8593749859 1356.14062500672 1304.29687501868 1261.7187500158 1244.56250001536 1228.7187500031 -9999
-9999 -9999 -9999 -9999 -9999 -9999 -9999 -9999 -9999 -9999 -9999 -9999 -9999 -9999 -9999 -9999 -9999 -9999 -9999 -9999 -9999 -9999 -9999 -9999 452.687500014723 414.39062497033 469.171874836781 522.421874876535 418.140624954721 321.859374950746 274.984374953691 246.859374959876 252.906249970699 312.765624983288 415.921875007879 532.734375031732 611.25000001767 698.625000011486 762.437500027977 815.26562503129 840.359375012295 829.296875012295 823.796875016713 849.250000012074 894.062500006774 938.453124999485 967.624999994699 988.203124980343 1039.32812499595 1053.67187502201 986.406250005152 978.671874989914 1159.03125002165 1292.85937499845 1372.62499998999 1381.57812499595 1373.92187499021 1375.18750000412 1333.26562502923 1275.93750002591 1235.65625002518 1231.01562500596 -9999 -9999
-9999 -9999 -9999 -9999 -9999 -9999 -9999 -9999 -9999 -9999 -9999 -9999 -9999 -9999 -9999 -9999 -9999 -9999 -9999 -9999 -9999 -9999 -9999 -9999 523.359374882626 502.593749868314 594.765624837561 615.062499964177 468.374999965939 362.859374999192 299.640625001982 279.484374988329 280.671874993027 328.999999998532 412.046875004773 502.796875020627 574.765625042502 639.4062500621 708.625000047273 773.828125032518 807.03125003773 789.734375021214 801.187500009983 839.625000001175 894.437499992073 953.031249976658 985.656249972547 1002.24999999677 1051.7031249829 1069.79687496132 1036.67708326086 1060.78645831173 1176.46874999251 1252.96875006298 1313.2187501772 1294.70312515848 1310.71875010409 1341.89062508977 1286.60937507935 1225.71875007913 1194.84375002598 -9999 -9999 -9999
-9999 -9999 -9999 -9999 -9999 -9999 -9999 -9999 -9999 -9999 -9999 -9999 -9999 -9999 -9999 -9999 -9999 -9999 -9999 -9999 -9999 -9999 -9999 673.499999922717 670.078124887955 686.718749843824 802.09374983826 621.015625026418 479.250000016977 334.07812504574 282.062500025468 277.656250014491 277.859375011344 324.781250008051 403.796875008125 478.656250017126 532.859375023054 576.968750035568 661.000000027226 740.1250000202 767.421875024224 768.265625012368 790.921875006075 840.468749997512 906.43749998917 982.187499977752 1015.04687498148 994.234375015734 1049.92187501983 1096.421874997 1068.88020835531 1033.67708334236 1087.31250014667 1212.75 1099.32812515727 1079.82812517747 1175.25000010773 1181.10937516152 1155.40625012573 1163.56250001815 -9999 -9999 -9999 -9999
-9999 -9999 -9999 -9999 -9999 -9999 -9999 -9999 -9999 -9999 -9999 -9999 -9999 -9999 -9999 -9999 -9999 -9999 -9999 -9999 -9999 -9999 742.666666649543 774.666666568989 741.281249974753 811.453124919373 819.453125097699 594.265625046041 400.671875068658 247.109375052901 241.046875018461 252.67187501058 265.359375001241 318.281250001898 395.250000001169 469.874999992412 532.781249982343 586.265624975119 655.468749989931 715.8906250081 742.328125010434 753.859375011748 783.875000006714 843.078124997301 923.312499988035 1015.89062498037 1052.62499997227 1014.37499997753 1024.18750000642 1049.78125003926 1032.03125002846 1008.21875001707 998.156250043342 970.07812505363 -9999 -9999 -9999 -9999 -9999 -9999 -9999 -9999 -9999 -9999
-9999 -9999 -9999 -9999 -9999 -9999 -9999 -9999 -9999 -9999 -9999 -9999 -9999 -9999 -9999 -9999 -9999 -9999 -9999 -9999 -9999 -9999 754.65104166708 791.58854173779 821.484374900701 918.656249914013 739.765625026259 527.515625057688 341.890625022768 213.499999999417 217.843750017605 232.140625021315 261.703125004438 316.312500001164 400.171874991199 488.296874978976 560.578124974467 617.578124976212 670.374999986906 717.999999988652 749.26562497883 746.453124999782 774.45312500793 857.984374979559 952.374999966828 1024.84375000567 1055.2968750235 1027.31250000233 1011.57812501317 1003.14062503325 995.984375027571 983.703125021024 939.468750047867 922.781250019933 -9999 -9999 -9999 -9999 -9999 -9999 -9999 -9999 -9999 -9999
