2050_A2_CS/PRECSD.asc
NCOLS 720 
NROWS 360 
XLLCORNER -180 
YLLCORNER -90 
CELLSIZE 0.5 
NODATA_value -9999 
[rows 224 to 251 of 360, columns 630 to 692 of 720]
0.832356625150559 0.824896067467043 0.828458323526285 0.838842267535683 0.86085578290741 0.869379061822114 0.886126276238498 0.919313144827713 0.931401059810757 0.964661030471188 1.01105527865818 1.04151229440051 1.05328439383418 1.06988283756767 1.06299166186152 1.00823498751584 0.997729396135798 1.00999618068018 0.995860699142296 0.963865852944488 0.943108381289944 0.926127602617724 0.920539430834198 0.894746754197898 0.860717322474045 0.809325016035611 0.800085250282405 0.776726383447778 0.833613819005292 0.831228633660632 0.766153803506312 0.70624597155418 -9999 -9999 -9999 -9999 -9999 -9999 -9999 -9999 -9999 -9999 -9999 -9999 -9999 -9999 -9999 -9999 -9999 -9999 -9999 -9999 -9999 -9999 -9999 -9999 -9999 -9999 -9999 -9999 -9999 -9999 0.334904209765695
0.775883791443124 0.79579565320619 0.782634449112444 0.79334144582406 0.810026364006347 0.8334728803972 0.855382377642467 0.890352317876658 0.896137013401723 0.904601552540442 0.946523197852625 0.979195855362322 0.9833669914264 0.993039480293361 0.978735103447667 0.962320162613378 0.995866176097427 1.00811277815727 0.964312476343356 0.921046299073391 0.888109082339055 0.867067102734326 0.862922439094599 0.859868118386852 0.835138466689403 0.786340138923428 0.767523082821019 0.780114013069157 0.808274849867557 0.83196509903656 0.769758157793062 0.712893096057352 -9999 -9999 -9999 -9999 -9999 -9999 -9999 -9999 -9999 -9999 -9999 -9999 -9999 -9999 -9999 -9999 -9999 -9999 -9999 -9999 -9999 -9999 -9999 -9999 -9999 -9999 -9999 -9999 -9999 -9999 -9999
0.700482510381203 0.760486311567074 0.754891781665201 0.76922612314746 0.790158774017021 0.804529341946892 0.823194243558434 0.844438293266083 0.852038500287592 0.863253170789748 0.896158719729717 0.923053841440676 0.936273444959339 0.934436709008341 0.914849299513612 0.900639302274006 0.903727441473609 0.89473914694572 0.859886317153442 0.863410476127662 0.837758293629185 0.80631699558726 0.806782938137026 0.823596533666322 0.815796383341638 0.804797946254914 0.783851187271028 0.790581797537389 0.797721568393322 0.800434439395834 0.780723652848087 0.75030638065183 -9999 -9999 -9999 -9999 -9999 -9999 -9999 -9999 -9999 -9999 -9999 -9999 -9999 -9999 -9999 -9999 -9999 -9999 -9999 -9999 -9999 -9999 -9999 -9999 -9999 -9999 -9999 -9999 -9999 -9999 -9999
0.656292542250024 0.696004273077949 0.711162862311274 0.731510664842335 0.753744201660086 0.771486778106707 0.795931445641526 0.816688878868427 0.825020497652344 0.848557988973483 0.87038738290428 0.908408861924573 0.912296639202084 0.887443630171344 0.862676773598378 0.834583810379231 0.812620172230714 0.796284589184134 0.765372012715183 0.790061570683771 0.796515723150365 0.745016421618332 0.746706702325438 0.774777363171586 0.798084147559869 0.781307793991274 0.767300543713511 0.75720878688285 0.743739454252176 0.747934308702666 0.749696058995572 0.731238077917146 0.678597376586527 -9999 -9999 -9999 -9999 -9999 -9999 -9999 -9999 -9999 -9999 -9999 -9999 -9999 -9999 -9999 -9999 -9999 -9999 -9999 -9999 -9999 -9999 -9999 -9999 -9999 -9999 -9999 -9999 -9999 -9999
0.62196881662544 0.644434082110774 0.66980554181174 0.692105690768526 0.724127643349968 0.753322656153797 0.775464335317794 0.804245462564918 0.818138956611674 0.840274765755373 0.87114193122728 0.886547129545634 0.874726470015546 0.851083025688349 0.818020097165596 0.786432940427748 0.769315887024788 0.767767249628389 0.759235962222111 0.767124988977885 0.743898771191005 0.711299452946355 0.693174961737436 0.721593582959441 0.744708070321386 0.719452894200311 0.723197325973688 0.709840945106629 0.693119880562476 0.68218462677768 0.685083739866246 0.69682599426388 0.706569303871544 0.70790033786095 -9999 -9999 -9999 -9999 -9999 -9999 -9999 -9999 -9999 -9999 -9999 -9999 -9999 -9999 -9999 -9999 -9999 -9999 -9999 -9999 -9999 -9999 -9999 -9999 -9999 -9999 -9999 -9999 -9999
0.583704221185678 0.605557567446041 0.621261212892418 0.643496481066709 0.695744485603629 0.726499558808573 0.757925450182898 0.779140976778939 0.802251982629674 0.8405013685172 0.88322780434093 0.892164203766842 0.862851774496779 0.831930974000818 0.795400153960572 0.784010109580601 0.760683521317847 0.747532851847718 0.737794668268297 0.718813928649945 0.706558225510523 0.692366547861141 0.653993276691497 0.65308256810702 0.669266836014556 0.650594839213413 0.656026261575346 0.658977578772054 0.651907917800188 0.633500435916044 0.619766199444949 0.640286583618981 0.688039879379481 0.720792263858941 0.708973111764912 -9999 0.489773694278825 -9999 -9999 -9999 -9999 -9999 -9999 -9999 -9999 -9999 -9999 -9999 -9999 -9999 -9999 -9999 -9999 -9999 -9999 -9999 -9999 -9999 -9999 -9999 -9999 -9999 -9999
0.572639507211751 0.582769912827493 0.592676490845511 0.618477956161815 0.667048560811609 0.706159019671037 0.745404840625372 0.767916856478256 0.783063158756384 0.817415148147644 0.863989524677099 0.892174325469285 0.867763192953316 0.816767939708736 0.794822207555754 0.791460615797138 0.767445059769069 0.735935743604744 0.706465285221005 0.693506857432451 0.680595814060583 0.657152159232678 0.624524990399369 0.615422471055301 0.633119573858185 0.626012066535557 0.623363377089122 0.622939364998802 0.602198258493629 0.594945571468257 0.589738950655848 0.624527253809594 0.661687717714313 0.713228306257872 0.701124274329416 0.640581508067515 0.522108736400372 -9999 -9999 -9999 -9999 -9999 -9999 -9999 -9999 -9999 -9999 -9999 -9999 -9999 -9999 -9999 -9999 -9999 -9999 -9999 -9999 -9999 -9999 -9999 -9999 -9999 -9999
0.551411094007909 0.556674696160748 0.576138377455827 0.595578088148205 0.642796082275823 0.692494012268703 0.71798468153758 0.73530543104473 0.727694137285029 0.77595508920979 0.824129092939245 0.850051807784513 0.844783791407076 0.807538920300088 0.7939207552806 0.797867485005868 0.748861365286721 0.716172740208068 0.697041904755944 0.694835658755626 0.681288510017731 0.648776185390824 0.598546535523302 0.592338059776179 0.627147273527704 0.626623908397696 0.601509529934431 0.587856790577353 0.576526234533494 0.577369691098197 0.568569337330913 0.586762326109864 0.61373798705349 0.646885072010792 0.668150314176066 0.60585619209367 0.521139130513493 -9999 -9999 -9999 -9999 -9999 -9999 -9999 -9999 -9999 -9999 -9999 -9999 -9999 -9999 -9999 -9999 -9999 -9999 -9999 -9999 -9999 -9999 -9999 -9999 -9999 -9999
0.50517854158969 0.528830993807051 0.547300272574103 0.563136339020149 0.618081565953963 0.658311306249648 0.703462880104338 0.730775482190709 0.716063119260546 0.743477427574239 0.779783247058978 0.79911938741232 0.804063415598978 0.786915281100547 0.75754746688372 0.730519463033777 0.687604063967137 0.686132776464451 0.697314337631912 0.690307258140624 0.648357707684546 0.610256962816542 0.585921983372163 0.565613449097203 0.579643087323503 0.585286310037604 0.566527191443257 0.543992628701719 0.547757241628807 0.538907155927514 0.536269477036678 0.548643095221159 0.566819338385784 0.577200193243527 0.616127047288156 0.611742143834288 0.535448864905691 -9999 -9999 -9999 -9999 -9999 -9999 -9999 -9999 -9999 -9999 -9999 -9999 -9999 -9999 -9999 -9999 -9999 -9999 -9999 -9999 -9999 -9999 -9999 -9999 -9999 -9999
0.459837281943099 0.475703764241687 0.49760967121682 0.520329628021029 0.568029288515298 0.63711765008759 0.706055949643311 0.748813059164695 0.72448479303852 0.711605074776066 0.735340849811179 0.769978437967043 0.778154663879323 0.772314791128233 0.742379958111429 0.696865806497312 0.676034022025076 0.685461214929119 0.690152286018109 0.678519290205521 0.645258076474624 0.611056969101831 0.62234649770571 0.570973957366823 0.552073027209858 0.548319886603723 0.530163706743594 0.492139908246606 0.497266464862288 0.501974486249783 0.512031870997884 0.516763497172682 0.524527499143998 0.534305266043529 0.590175731973054 0.62242665829088 0.543013422302417 -9999 -9999 -9999 -9999 -9999 -9999 -9999 -9999 -9999 -9999 -9999 -9999 -9999 -9999 -9999 -9999 -9999 -9999 -9999 -9999 -9999 -9999 -9999 -9999 -9999 -9999
0.468140368140327 0.441923812615194 0.451982510114177 0.485212468052858 0.523204371727259 0.587713996896069 0.662732109910584 0.716955642728952 0.677535258539618 0.638451823097353 0.643056607647268 0.696247523140121 0.726135135335585 0.74371232734964 0.729652975407665 0.698997038837752 0.683095513179917 0.703733332382125 0.713142830260995 0.659276333805908 0.631847762995473 0.58841384273472 0.576290148795553 0.561380297549315 0.543758072108686 0.535171655151672 0.516469333843864 0.485802260945036 0.469773035279555 0.475179378975019 0.486898152339769 0.486142701977754 0.487104804345323 0.511922724113965 0.546395637740338 0.558230065446814 0.499361247249471 0.426696478440341 -9999 -9999 -9999 -9999 -9999 -9999 -9999 -9999 -9999 -9999 -9999 -9999 -9999 -9999 -9999 -9999 -9999 -9999 -9999 -9999 -9999 -9999 -9999 -9999 -9999
0.496166070554038 0.44611247230748 0.406355208243442 0.428436594785267 0.463972524225358 0.525840808359558 0.585481867945042 0.600314895496449 0.589243927580179 0.568173173592449 0.538318806256956 0.594116271453653 0.644103518039583 0.682552916766366 0.689596345839274 0.67697454844345 0.643971435658364 0.641389808091299 0.647759367102552 0.635785466988018 0.631878195244942 0.579618705880978 0.551416481603024 0.542990950302983 0.537321014992205 0.535567965833335 0.527343506446419 0.503888085381765 0.467190608741084 0.446327044737718 0.436784737194856 0.448757168707388 0.460236554131687 0.491623555055555 0.516144637301594 0.523046991024868 0.505326201461107 0.482126083802503 -9999 -9999 -9999 -9999 -9999 -9999 -9999 -9999 -9999 -9999 -9999 -9999 -9999 -9999 -9999 -9999 -9999 -9999 -9999 -9999 -9999 -9999 -9999 -9999 -9999
0.457436317492755 0.406221449866211 0.375483104493157 0.400598594816421 0.429941695968232 0.467063055459017 0.503140449977021 0.528363796286494 0.553001730756465 0.544617560388829 0.520387225597964 0.488577153474449 0.528677094981233 0.588629654351403 0.618822651147524 0.617907921676427 0.599894596837104 0.574367534936975 0.584508159887483 0.619990838120345 0.630378697692955 0.581782227683571 0.549771143615915 0.542070850842916 0.543313818826235 0.539201457878463 0.536912538300019 0.520297731940089 0.47898490361611 0.459691856580081 0.434034517494618 0.42179124287666 0.419187962371463 0.425294507632257 0.476094649930847 0.528583782343208 0.539397645640781 0.521952785835792 -9999 -9999 -9999 -9999 -9999 -9999 -9999 -9999 -9999 -9999 -9999 -9999 -9999 -9999 -9999 -9999 -9999 -9999 -9999 -9999 -9999 -9999 -9999 -9999 -9999
0.412754870398197 0.36714963787267 0.334649926897827 0.374730937982688 0.407995846785974 0.443893586698034 0.466596962996764 0.510849925823341 0.533072475100694 0.528498144572207 0.501705008716139 0.467270674949918 0.471253258141718 0.516551639060822 0.581213462541014 0.577111317202788 0.548801910920959 0.5281765479098 0.551154056108863 0.587425404604724 0.589139792657142 0.565335192429581 0.537677400404259 0.541993666505287 0.555650917733135 0.559875680707735 0.554807406523903 0.540115299980177 0.499295480761736 0.454440119980053 0.43088482019885 0.43107754763686 0.421870435827024 0.397175386098185 0.487420314811814 0.567179096821514 0.530944409033912 0.481629817165135 -9999 -9999 -9999 -9999 -9999 -9999 -9999 -9999 -9999 -9999 -9999 -9999 -9999 -9999 -9999 -9999 -9999 -9999 -9999 -9999 -9999 -9999 -9999 -9999 -9999
0.3773144340765 0.344681009485723 0.345801095040915 0.391869814256596 0.41924903657166 0.454376890272623 0.468320159066648 0.497124484703898 0.532866781365119 0.532853906634669 0.505009459432968 0.475661164032356 0.496584959720483 0.475839154955019 0.520365973698793 0.528870003683304 0.510973227860995 0.491741464858154 0.505321402206552 0.540654291226443 0.538083445594278 0.523228279135808 0.520662810832511 0.552824669251785 0.566453926101543 0.576840145892423 0.581816219328499 0.576219297157907 0.512493544091048 0.434936471791386 0.4123375006937 0.412861599407824 0.420752501763842 0.418721155196957 0.504999529988754 0.55809298991169 0.496294750764646 -9999 -9999 -9999 -9999 -9999 -9999 -9999 -9999 -9999 -9999 -9999 -9999 -9999 -9999 -9999 -9999 -9999 -9999 -9999 -9999 -9999 -9999 -9999 -9999 -9999 -9999
0.338499204387055 0.316727515259632 0.349995820216973 0.390131918545187 0.421365436526685 0.445928998648709 0.4785619053766 0.484369158535812 0.496275079592469 0.512492276862726 0.516806973407475 0.499817751583061 0.495681799842053 0.46506279792421 0.461269012934944 0.462946241836911 0.450879183834418 0.444153579165688 0.46890739324684 0.490324347735786 0.477402394818612 0.481189411126571 0.487505132071288 0.508527510982755 0.532578125570239 0.550618942079586 0.559888638902403 0.571551174751753 0.507807627593145 0.437254577070524 0.414667998008155 0.415398994462434 0.41305444392483 0.420117026390856 0.548678526587982 0.566552924142225 0.492374239926151 -9999 -9999 -9999 -9999 -9999 -9999 -9999 -9999 -9999 -9999 -9999 -9999 -9999 -9999 -9999 -9999 -9999 -9999 -9999 -9999 -9999 -9999 -9999 -9999 -9999 -9999
0.302984232840867 0.30647818944764 0.341340986998574 0.384886320831685 0.410405498714635 0.435832646709634 0.427437970245961 0.399932493839706 0.40166783182166 0.509685569147691 0.499753362458293 0.478127246827083 0.468278416326287 0.446782869658429 0.421276946978738 0.418708110884089 0.415568924513078 0.417926649199401 0.435469672404614 0.444218230276396 0.450207029240197 0.453424803445729 0.456650040676697 0.470178280238168 0.492664449498102 0.514808301255294 0.532701722192267 0.549849243661115 0.50926679470797 0.472037152672618 0.416791245910816 0.424083361400379 0.415083623298791 0.441489871891739 0.5360320893653 0.570336692463115 0.534988001757337 -9999 -9999 -9999 -9999 -9999 -9999 -9999 -9999 -9999 -9999 -9999 -9999 -9999 -9999 -9999 -9999 -9999 -9999 -9999 -9999 -9999 -9999 -9999 -9999 -9999 -9999
0.259493249074346 0.273243488961482 0.306664598230006 0.349154989208262 0.355209401513898 0.37019510433461 0.337889995241132 0.316052334002141 0.45706688993333 0.539660080864275 0.484468867223719 0.450067431930423 0.409648716982668 0.381872449048866 0.366883563696271 0.384718829976915 0.405324621907351 0.41204079550306 0.422490839017057 0.429945607276145 0.441428924279113 0.465133756693123 0.450794529438855 0.443801568384981 0.45108176722841 0.461307916320735 0.485566740103552 0.484208980949338 0.472925879001054 0.470884820432119 0.455835893796873 0.450600350264373 0.405299586155703 0.459477998969031 0.535828817025822 0.536804012271216 0.489828585853562 -9999 -9999 -9999 -9999 -9999 -9999 -9999 -9999 -9999 -9999 -9999 -9999 -9999 -9999 -9999 -9999 -9999 -9999 -9999 -9999 -9999 -9999 -9999 -9999 -9999 -9999
0.227709042251509 0.238343151327166 0.249809388279999 0.283425207626899 0.287546135392927 0.287596264135655 0.284884192295765 0.306361639254166 0.45979369550188 0.478394424002303 0.437892228532125 0.397948151017834 0.350938187081542 0.340832543234712 0.357563236848326 0.358626879226901 0.371894097765073 0.377666386820345 0.391715984848626 0.400629573776732 0.397196048362468 0.422116049032444 0.414453606940714 0.413772367451366 0.406748543732235 0.393529568948746 0.428823252421425 0.431025773710689 0.440880749908859 0.470760305784577 0.459068706805898 0.425494366619566 0.389704847744279 0.434964696662167 0.519146178743746 0.487189340115737 -9999 -9999 -9999 -9999 -9999 -9999 -9999 -9999 -9999 -9999 -9999 -9999 -9999 -9999 -9999 -9999 -9999 -9999 -9999 -9999 -9999 -9999 -9999 -9999 -9999 -9999 -9999
0.258393500032112 0.237796786949089 0.219322656033666 0.240845112608077 0.247913962599829 0.233798840288938 0.251089306754664 0.258807199895213 0.329634863626492 0.368763081416747 0.365208119827896 0.335110042251946 0.315937521561568 0.316287138530201 0.353570793969747 0.355866715918777 0.34532229795228 0.346557323214867 0.358167856654902 0.36524993533693 0.371761428432366 0.348378331541112 0.359997495557422 0.379356994468087 0.408707871108782 0.415896610843934 0.401803057750663 0.404979396728548 0.419781591986394 0.406602613475822 0.419393329558178 0.393356414221025 0.397070452521673 0.511078305975595 0.530555198649718 0.472396782441842 -9999 -9999 -9999 -9999 -9999 -9999 -9999 -9999 -9999 -9999 -9999 -9999 -9999 -9999 -9999 -9999 -9999 -9999 -9999 -9999 -9999 -9999 -9999 -9999 -9999 -9999 -9999
0.338636510886753 0.291400281899933 0.255101015304518 0.216135081209818 0.21385746918551 0.211955005271077 0.218244986195586 0.20171424092242 0.253332994354162 0.281774144335031 0.320397786558348 0.309425015389052 0.299224783944632 0.322371121722117 0.338947367412389 0.36293110167593 0.343090309228376 0.331195760427747 0.341437346054254 0.349976133666104 0.351657462910382 0.324173668805593 0.303034814200593 0.320799236656131 0.38037194934964 0.375153145312307 0.350339945115163 0.331047819827602 0.34866197875706 0.388954785286618 0.467358843450596 0.461144922906197 0.467040652175972 0.501176209229932 0.466885019207225 0.44711544753642 -9999 -9999 -9999 -9999 -9999 -9999 -9999 -9999 -9999 -9999 -9999 -9999 -9999 -9999 -9999 -9999 -9999 -9999 -9999 -9999 -9999 -9999 -9999 -9999 -9999 -9999 -9999
0.423849427383807 0.345480655168805 0.299557841888125 0.230235297419896 0.195394046648569 0.220266571131823 0.296024309149618 0.200838501089553 0.178156413615423 0.220399247815423 0.277938031754694 0.281617094912262 0.279853571827282 0.293795724849733 0.323365718811359 0.332854972778436 0.32915243232757 0.331364145243782 0.34286854840012 0.343476969279591 0.32611637736941 0.305331780421554 0.283273231875551 0.287638234449031 0.32350255659346 0.342015541731032 0.309514166817183 0.28183025427029 0.269643122930537 0.315613262182578 0.414272745091694 0.481362422720347 0.469645139421279 0.427315011016418 0.372622593756284 -9999 -9999 -9999 -9999 -9999 -9999 -9999 -9999 -9999 -9999 -9999 -9999 -9999 -9999 -9999 -9999 -9999 -9999 -9999 -9999 -9999 -9999 -9999 -9999 -9999 -9999 -9999 -9999
0.495474324524081 0.404282813565739 0.347741451111989 0.282085113847898 0.237949337344791 0.303368249989612 0.355901802487396 0.302859160516397 0.164860043991765 0.180984262718162 0.200340727212249 0.201873747546359 0.216497645809357 0.228820145995635 0.259120319182878 0.272831032366303 0.299168566327789 0.304360740419699 0.31446258332829 0.305383902211579 0.293291725542858 0.26997084015073 0.265059136286919 0.25855851493186 0.270466570132362 0.272236238362703 0.255830337178639 0.222362523349464 0.215296919999967 0.270005378696792 0.414065889402086 0.497871558950788 0.45435792931755 0.441958198871256 -9999 -9999 -9999 -9999 -9999 -9999 -9999 -9999 -9999 -9999 -9999 -9999 -9999 -9999 -9999 -9999 -9999 -9999 -9999 -9999 -9999 -9999 -9999 -9999 -9999 -9999 -9999 -9999 -9999
0.572160664116938 0.490664939636167 0.400767859427354 0.309886999556972 0.297763264589341 0.383188558305322 0.377286930584034 0.380676124174835 0.200852975896771 0.165256467522549 0.162061615589162 0.163094869200156 0.160281630411222 0.163230639306765 0.183682676488083 0.207268987100903 0.238026609499305 0.242145096197848 0.248710614750437 0.268711171271118 0.257247132624258 0.2351082811376 0.216728881241264 0.218473361156199 0.215060845126085 0.210139295332377 0.195237886443774 0.180669680786973 0.167951802462985 0.206422544771369 0.399938250799524 0.466266924878602 0.430433623356664 -9999 -9999 -9999 -9999 -9999 -9999 -9999 -9999 -9999 -9999 -9999 -9999 -9999 -9999 -9999 -9999 -9999 -9999 -9999 -9999 -9999 -9999 -9999 -9999 -9999 -9999 -9999 -9999 -9999 -9999
0.605475270668958 0.557970198088176 0.47594511488497 -9999 0.437561134041144 0.416248376515276 0.345177620047277 0.388645937930868 0.272021714856969 0.196703037881495 0.173682194960975 0.164771444179906 0.150527155153872 0.150041855446556 0.163619193046128 0.17651062990878 0.19427169409808 0.201776958775386 0.20358690532852 0.210622012052276 0.20273389896019 0.195486254014331 0.17970401694388 0.184273405198538 0.175548557990862 0.170227597318123 0.144163614380116 0.150597292199485 0.143414048993876 0.203139188150287 0.367449792338358 0.427475785196813 0.435262133662004 -9999 -9999 -9999 -9999 -9999 -9999 -9999 -9999 -9999 -9999 -9999 -9999 -9999 -9999 -9999 -9999 -9999 -9999 -9999 -9999 -9999 -9999 -9999 -9999 -9999 -9999 -9999 -9999 -9999 -9999
0.619774160175527 0.602865198503392 -9999 -9999 0.523086086387775 0.466492153981049 0.354219703305178 0.445195116131884 0.326046064577407 0.233011366609177 0.207478260521767 0.181745612635078 0.16702014885968 0.159615076175897 0.165819327784201 0.171880890626653 0.182125557206212 0.194198966815258 0.184354915657156 0.181299441915283 0.178605268886048 0.171172299043127 0.146384502695813 0.140808808929455 0.117821380285565 0.129099504400105 0.124633903419077 0.121560889374074 0.135411140704851 0.223071733145067 0.346743234254878 0.400577514187788 -9999 -9999 -9999 -9999 -9999 -9999 -9999 -9999 -9999 -9999 -9999 -9999 -9999 -9999 -9999 -9999 -9999 -9999 -9999 -9999 -9999 -9999 -9999 -9999 -9999 -9999 -9999 -9999 -9999 -9999 -9999
-9999 -9999 -9999 0.576354215950999 0.556232355415628 0.507509525616242 0.513629184020869 0.443372646898276 0.302719871695344 0.289242077598133 0.270813977086019 0.239491345145764 0.206094976382083 0.1895961713091 0.191280228302991 0.18260708503887 0.189471135684124 0.2048958525853 0.18757287853609 0.174106726186438 0.162474019175253 0.152940812156932 0.137090645793925 0.13729030662176 0.128435950910486 0.153481710605748 0.177443803979179 0.157999571829113 0.169304558014863 0.240766482196291 0.326095339362845 0.328850222786203 -9999 -9999 -9999 -9999 -9999 -9999 -9999 -9999 -9999 -9999 -9999 -9999 -9999 -9999 -9999 -9999 -9999 -9999 -9999 -9999 -9999 -9999 -9999 -9999 -9999 -9999 -9999 -9999 -9999 -9999 -9999
-9999 -9999 -9999 0.621828396448097 0.578984699171309 0.564591619573991 0.534874152563775 0.424577482940114 0.402437605881804 0.379775994292574 0.339870577822596 0.305055277281611 0.265536033735661 0.228697672380201 0.221893793975038 0.22232775394997 0.210820603563596 0.211642387756776 0.19823669618884 0.172662704133107 0.146220467639435 0.143539293693568 0.148419838249486 0.180043957728578 0.200494525861845 0.227913971372457 0.218315786300865 0.157777734547178 0.189521971407846 0.277124433824651 0.341818071298549 -9999 -9999 -9999 -9999 -9999 -9999 -9999 -9999 -9999 -9999 -9999 -9999 -9999 -9999 -9999 -9999 -9999 -9999 -9999 -9999 -9999 -9999 -9999 -9999 -9999 -9999 -9999 -9999 -9999 -9999 -9999 -9999
