2050_A2_CS/PREC.asc
NCOLS 720 
NROWS 360 
XLLCORNER -180 
YLLCORNER -90 
CELLSIZE 0.5 
NODATA_value -9999 
[rows 56 to 83 of 360, columns 64 to 127 of 720]
565.203124899708 524.140624863698 488.40624982573 491.12499977241 459.203124742749 423.999999716089 505.953124707205 600.874999572521 638.156249500272 646.312499487116 657.593749474882 639.874999677772 621.624999855044 607.703124870624 576.843749830807 512.999999842578 431.906249843271 336.984374907323 284.343749921751 266.624999927983 252.968749961453 247.578124983265 251.734374977957 264.390624995269 272.375000006925 283.765625018351 307.406250042702 319.500000046164 329.828125033123 336.671875028276 330.171874993652 325.812499946911 357.874999950605 404.843749955453 454.015624956491 500.421874972418 534.390624986959 575.968750006695 611.093750008079 627.218750024698 613.453125005885 586.87499999446 556.984375002423 533.453125000346 512.609375001962 500.656250007155 490.640624985112 463.968749966069 440.421874969185 425.140624969878 412.562499979688 405.015624993883 392.203124985573 382.03124998315 369.812499989844 361.421874999192 352.765625008656 341.046875007963 325.218749997922 310.499999998615 302.812499992152 306.515624991113 314.781249986382 323.312499981534
821.984374469082 805.812499443855 853.421874276944 882.718749264848 763.468749509053 756.109374467241 854.656249435331 886.578124724578 936.890624764664 1012.54687461192 1096.24999944616 1005.96874942197 901.4218744571 784.843749693819 710.718749839883 643.359374836772 572.3906248112 465.374999776986 383.531249834354 333.749999906924 298.671874926162 279.640624937911 281.968749947703 284.921874954269 277.578124980302 276.171875000346 273.937500039626 287.859375031678 304.234375029835 320.078125012556 331.062500004147 349.484374994817 390.078124970166 438.593749961527 486.828124962794 525.078124966941 550.187499974197 564.203125022232 596.234375028452 599.000000044694 595.828125037437 577.546875028452 554.312500004147 531.625000004147 519.265624981684 503.515624985831 494.859375004492 477.609375000345 458.234374986983 442.109374988366 425.734374987905 415.234374980993 406.687499978805 396.796874980533 383.171874977307 367.89062498491 354.12499998802 340.859374992512 330.093749990093 319.874999978344 313.4062499818 317.390624982145 327.999999981109 337.796874982837
1194.31249963806 1203.125 1400.59374991469 1516.89062432798 1411.8437486808 1295.96874853454 1441.76562384969 1384.76562413252 1288.14062418035 1287.81249931108 1407.39062451148 1284.99999949043 1177.57812452022 1061.0468747044 966.828124751541 875.046874574251 779.671874588049 684.18749968359 583.29687471544 491.421874715438 410.890624723948 377.796874775687 377.203124808569 368.859374852029 334.421874915954 293.968749950101 266.734374981259 270.53125000023 294.046875003335 321.843749979535 341.515624977351 370.671874958726 420.546874948608 476.281249946884 522.062499946653 549.156249955621 557.296875001954 545.906250020925 550.671875050243 553.250000068525 552.828125026559 549.500000037251 544.750000015636 530.312500015636 521.125000004139 512.640625003104 508.718749997471 494.468749987813 473.95312497597 453.937499971486 447.890624980569 438.328124980569 426.140624983329 413.015624981949 403.296874973441 393.640624956195 380.078124968152 365.921874974361 354.89062497643 347.01562497781 338.687499963668 342.062499963668 350.546874968842 356.64062497781
1458.43749991141 1480 1630.37500002662 1780.00000002663 1949.6875 1893.43749999999 2124.21874947741 2097.4531241211 2104.04687382067 2128.60937362926 2157.81249865049 1955.40624886737 1762.53124904685 1786.48437351909 1649.89062357578 1511.14062386771 1270.49999920957 1124.8124992371 887.890624538343 797.281249535243 690.593749590785 614.187499645179 557.437499749835 512.109374796999 438.390624829359 366.859374871359 306.390624921622 284.734374965 299.624999983017 334.73437498887 365.562499963738 404.562499958231 460.062499954558 519.031249948362 563.359374952148 587.218749951115 572.76562496018 527.765625023523 497.796875079295 502.765625055197 519.640625054738 522.500000028918 525.343750031902 520.468750008492 521.593749994721 511.843749998852 509.046875001721 499.156250000688 485.296874996213 473.578124980377 461.343749986459 450.09374999059 437.76562498818 428.718749979574 425.093749973147 416.843749986918 400.609374981525 397.28124994882 393.18749992977 387.703124922541 398.687499889377 400.374999893508 373.421874975098 377.687499970623
1543.125 -9999 -9999 -9999 -9999 -9999 -9999 -9999 -9999 -9999 -9999 -9999 -9999 2673 2712.4375 2812.00000000001 2748.73437316525 2261.70312341469 1641.96874872155 1365.96874917511 1121.23437420386 979.999999567055 831.343749586527 786.203124336037 670.79687441415 542.499999630276 432.874999776426 370.671874793949 359.484374827396 391.124999870347 422.453124893139 455.312499927157 491.781249978239 539.218750013975 580.84375001489 621.812499990838 626.546874945595 557.171874966209 501.781249933798 488.234374971251 495.578125003551 502.750000005956 511.265625007216 520.031250003436 528.25000001237 522.437500002749 510.265624989348 500.749999993128 494.749999989005 487.906249988317 475.421874981789 463.187499978009 447.562499976176 436.218749987859 424.249999985339 417.687499993586 419.624999982591 421.546874983621 420.671874962547 423.578124990723 418.484375011568 396.453124990264 392.124999971137 397.703124959111
-9999 -9999 -9999 -9999 -9999 -9999 -9999 -9999 -9999 -9999 -9999 -9999 -9999 -9999 -9999 -9999 3499.62499999999 2910.49999999998 2551.29687405836 2119.48437398565 1512.59374984018 1365.17187449277 1243.37499940784 1215.10937461669 1048.04687466471 896.265624506256 666.687499652931 576.781249703003 571.499999655219 567.562499699118 536.031249829667 521.218749911975 508.984374979766 528.156250013033 558.109375040583 610.609375036469 638.171875025949 576.953124985479 536.46874998148 510.687499973935 496.656249993827 501.999999995885 514.359374985253 527.062499979423 530.406249982395 526.84374998651 517.624999992684 510.921874982052 507.968749978737 495.921874992112 483.531249998399 473.406249997028 461.906249988797 449.999999978508 438.124999980795 423.968749991083 424.640625005144 425.437500006859 426.671875022749 419.593750018977 414.921874997142 413.703124967648 421.09374995816 442.703124931067
-9999 -9999 -9999 -9999 -9999 -9999 -9999 -9999 -9999 -9999 -9999 -9999 -9999 -9999 -9999 -9999 -9999 -9999 -9999 -9999 2179.76562462792 1769.51562403644 1880.51562437418 1773.37499950983 1392.71874964698 1226.64062468361 1116.59374945119 937.624999071244 987.562499069421 883.078124784465 738.562499813335 622.499999861255 538.406249912601 507.843749961891 499.187500083064 524.734375111473 557.187500114098 555.265625058303 535.093750031262 515.593749998402 506.609374985053 504.031249999772 513.875000017799 529.06250001643 534.79687500696 534.843749988818 535.124999974899 527.484374977294 519.328124985281 508.593749981516 495.046874986422 480.562499985395 467.453124994866 453.484374998288 437.57812499806 424.406249990188 420.187499979462 420.562499964402 423.578124968852 428.40624997604 433.687499979463 432.98437499555 429.265625022705 431.609375057619
-9999 -9999 -9999 -9999 -9999 -9999 -9999 -9999 -9999 -9999 -9999 -9999 -9999 -9999 -9999 -9999 -9999 -9999 -9999 -9999 -9999 2165.37499999998 2372.93749942832 2094.42187470925 1672.76562467199 1492.76562466925 1534.2499995331 1796.42187384061 1569.4687495151 1178.10937449835 931.593749717348 748.031249833505 611.765624909009 508.35937503678 434.312500074705 460.703125044299 499.578125026079 518.609375030861 515.640625016057 509.35937501674 508.250000010932 505.531249996584 508.484374995331 514.531250018904 524.484375018107 537.187500005466 547.640624994648 539.999999992256 532.687499982235 525.328124977793 508.546874980754 496.734374975288 475.937499984512 459.01562498827 443.999999986334 437.437499978135 438.984374974833 446.531249972441 448.140624971416 448.890624974149 443.109374997608 433.96875000205 420.453124998747 409.578124996014
-9999 -9999 -9999 -9999 -9999 -9999 -9999 -9999 -9999 -9999 -9999 -9999 -9999 -9999 -9999 -9999 -9999 -9999 -9999 -9999 -9999 -9999 -9999 2304.2499998145 1988.9218745191 1772.54687451501 1729.64062466891 1988.48437488919 2005.48958295423 1558.91145779703 1147.43749957809 942.406249726075 749.781249700162 599.031249674247 529.765624778476 502.953124890317 507.531249861107 520.374999927258 523.953124948057 511.578124967152 507.562499991816 504.234375001023 506.93750000682 504.875000012275 506.000000016367 518.187500019095 537.84375002296 552.843749991589 548.499999969539 539.171874955559 532.749999954081 518.640624961242 496.468749963401 474.203124973972 460.15624997204 457.671874973745 465.874999993635 463.296875005569 455.515624973972 458.703124971244 450.984374965106 431.156249992044 428.453125006252 448.796875015117
-9999 -9999 -9999 -9999 -9999 -9999 -9999 -9999 -9999 -9999 -9999 -9999 -9999 -9999 -9999 -9999 -9999 -9999 -9999 -9999 -9999 -9999 -9999 -9999 2417.92187444175 2260.89062430222 2289.98437397438 2242.7343744953 2447.89583264104 2037.03645771147 1546.15624945616 1200.7812496481 1063.28124954056 862.890624686559 739.249999714128 651.968749748839 617.359374872832 589.562499905163 564.593749953489 536.609374972206 520.499999976858 506.062499994555 502.437500004084 505.156249987068 503.890624988769 505.671875011231 527.625000001815 554.156250005218 567.718749983891 571.609374965854 562.656249973455 551.499999959161 525.343749966648 491.406249984345 476.562499988202 469.156249998412 465.921875006239 470.374999977312 471.265624987862 463.06250001815 449.578125038229 425.250000022234 430.046874989904 445.187499993647
-9999 -9999 -9999 -9999 -9999 -9999 -9999 -9999 -9999 -9999 -9999 -9999 -9999 -9999 -9999 -9999 -9999 -9999 -9999 -9999 -9999 -9999 -9999 -9999 -9999 3236.60937402888 3275.67187390049 3284.34374928738 2933.84374933537 2472.46874954823 2089.89062447045 1709.45312424898 1520.3437494092 1259.67187444758 1087.26562452797 917.296874669949 812.296874674029 705.421874785439 631.171874881907 570.937499935235 535.515624974977 515.828124991282 507.374999988225 509.812499986866 509.953124985394 509.296874976563 524.562499984602 552.781249993433 582.984374991056 599.390624975431 589.984374954824 570.156249993886 549.031250025135 509.656249993886 482.624999987319 473.249999983243 478.000000019022 477.765625038383 468.062500020833 453.390624993999 432.812499995018 416.312499997735 437.640625000793 457.750000008605
-9999 -9999 -9999 -9999 -9999 -9999 -9999 -9999 -9999 -9999 -9999 -9999 -9999 -9999 -9999 -9999 -9999 -9999 -9999 -9999 -9999 -9999 -9999 -9999 -9999 -9999 4210.71874937825 3808.88541643908 3407.65624952108 2849.81249954119 2513.82812450651 2341.37499922615 2174.39062401291 1881.37499905257 1579.12499928536 1234.4999995647 1056.70312473613 925.218749684264 738.984374857952 622.078124941348 557.218749972653 531.203124971636 521.437499977851 520.078124988361 520.031249990282 523.312499989604 537.828124983389 557.890624994237 595.031249979886 624.093749964969 632.499999942594 588.203124962595 528.828125023617 503.515625020906 492.749999988247 481.406249997062 465.625000010848 458.640625007797 454.187500012656 452.453125008249 433.093750004294 421.9374999887 449.218749971297 467.640624967568
-9999 -9999 -9999 -9999 -9999 -9999 -9999 -9999 -9999 -9999 -9999 -9999 -9999 -9999 -9999 -9999 -9999 -9999 -9999 -9999 -9999 -9999 -9999 -9999 -9999 -9999 -9999 3971 3420.68750003263 3010.2031250668 2797.4062499324 2884.92187470041 3052.51562413731 2690.18749913244 2201.39062438001 1745.34374955765 1338.90624940923 1103.78124981661 872.171874850782 682.328124905595 583.734374968081 546.749999983308 543.46874996639 541.921874969435 529.953124989962 530.234375000113 544.015625003045 569 606.671874984775 658.89062496515 693.296874922517 660.812499872778 575.2968748765 532.781249885636 532.109374913945 511.531249933908 491.609374954999 478.624999966164 464.296874950036 460.82812495342 455.859374932893 459.187499946766 472.171874974849 486.187499986015
-9999 -9999 -9999 -9999 -9999 -9999 -9999 -9999 -9999 -9999 -9999 -9999 -9999 -9999 -9999 -9999 -9999 -9999 -9999 -9999 -9999 -9999 -9999 -9999 -9999 -9999 -9999 -9999 3034.18750006709 2877.29687525248 2742.85937519845 2911.46875023527 3382.18750006934 3078.07812493436 2571.42187473017 2109.04687456807 1710.67187469685 1300.46874971069 988.984374868406 779.7343748603 627.421874926943 563.437499976586 556.312500002702 556.031249996623 533.234375002139 526.484375008893 535.81250001666 563.609375012945 610.937500004954 677.921874989082 743.734374956212 747.953124917714 694.171874837791 648.98437483509 609.359374900378 571.203124922666 527.187499959475 502.671874976023 490.968749985817 497.484374958463 515.390624924018 510.281249930434 511.828124929871 516.140624942028
-9999 -9999 -9999 -9999 -9999 -9999 -9999 -9999 -9999 -9999 -9999 -9999 -9999 -9999 -9999 -9999 -9999 -9999 -9999 -9999 -9999 -9999 -9999 -9999 -9999 -9999 -9999 -9999 -9999 2591 2479.5625 2556.0625 -9999 2828.5 2596.67187516099 2352.12499992809 1876.78124969508 1501.68749953128 1280.7656244732 975.187499615766 756.203124765755 609.015624849342 544.562499990113 531.812500041344 520.656250029435 517.375000023368 522.250000013032 541.18750002921 591.468750039772 664.078125043479 746.765625022808 803.765624943265 805.734374886867 769.124999858892 721.546874848219 657.515624867767 591.140624890237 562.546874920571 539.421874938546 551.984374930458 575.828124915403 565.796874937647 563.687499958657 575.921874959668
-9999 -9999 -9999 -9999 -9999 -9999 -9999 -9999 -9999 -9999 -9999 -9999 -9999 -9999 -9999 -9999 -9999 -9999 -9999 -9999 -9999 -9999 -9999 -9999 -9999 -9999 -9999 -9999 -9999 2057 1926.125 1705.99999999999 1643.5 -9999 2514.68750003543 2463.49999980534 2222.48437447736 1912.21874948577 1759.96874937948 1328.95312453722 974.171874712387 758.078124793794 591.343749897961 507.156250017716 495.062500031844 499.937500018389 514.656250005158 526.281250006504 562.078125030612 623.296875054159 709.125000067279 837.703124975445 887.95312491624 873.984374890002 829.968749892131 763.124999879349 687.281249879573 617.343749948196 580.203124963782 594.593749967483 613.562499994169 606.34374996524 595.890624964231 595.046874994506
-9999 -9999 -9999 -9999 -9999 -9999 -9999 -9999 -9999 -9999 -9999 -9999 -9999 -9999 -9999 -9999 -9999 -9999 -9999 -9999 -9999 -9999 -9999 -9999 -9999 -9999 -9999 -9999 -9999 2211.5 2097.78124953244 1708.65624956376 1515.46875004096 -9999 2465.18749999299 2558.62499985467 2602.42187435909 2529.5781241731 2419.18749970186 1707.4374993527 1272.43749945925 981.578124647594 734.640624744731 536.031249843101 478.187499940464 486.249999998209 502.968750038273 511.171875049352 530.31250004745 573.531250056179 649.546875045326 811.781250035589 932.546874949529 952.18749985586 888.218749919648 827.749999953893 767.953124934979 686.390624869177 641.906249861455 601.687499962846 580.843750046331 592.562500024173 601.015625035699 591.78125002932
-9999 -9999 -9999 -9999 -9999 -9999 -9999 -9999 -9999 -9999 -9999 -9999 -9999 -9999 -9999 -9999 -9999 -9999 -9999 -9999 -9999 -9999 -9999 -9999 -9999 -9999 -9999 -9999 -9999 -9999 2394.65624975927 2466.87499862873 2123.90624877296 -9999 -9999 2732.56249973062 3043.90624958772 3041.23437460614 2725.23437456831 2202.76562446577 1878.6249990953 1353.20312446623 942.859374758632 690.953124787451 550.468749887191 493.562499984363 471.562500036634 469.218750050708 486.906250056069 528.015625052383 592.640625090359 742.640625129227 962.734374978445 1021.60937497844 977.796874866752 873.453124937117 793.265625004579 769.499999932539 719.953124952307 621.09374999084 560.078125003239 577.843750010946 590.890624988496 586.296874983805
-9999 -9999 -9999 -9999 -9999 -9999 -9999 -9999 -9999 -9999 -9999 -9999 -9999 -9999 -9999 -9999 -9999 -9999 -9999 -9999 -9999 -9999 -9999 -9999 -9999 -9999 -9999 -9999 -9999 -9999 -9999 3567.33333333333 3241.32812483579 2619.62500004011 -9999 -9999 -9999 3087.16666674871 3012.09374989053 3032.35937420821 2537.20312355341 1827.70312404434 1275.67187465276 884.687499782849 651.671874873477 527.781249972131 469.218750005127 437.859375042917 442.937500063763 484.140625080149 520.125000113256 604.265625168436 818.609375343896 973.718750320818 984.718750082712 939.671875065657 864.718749981494 786.859374901569 754.984374937686 665.734374860101 618.187499913052 626.10937491673 604.062499918402 589.999999970571
-9999 -9999 -9999 -9999 -9999 -9999 -9999 -9999 -9999 -9999 -9999 -9999 -9999 -9999 -9999 -9999 -9999 -9999 -9999 -9999 -9999 -9999 -9999 -9999 -9999 -9999 -9999 -9999 -9999 -9999 -9999 -9999 3250.37500014239 2360.12500057583 -9999 -9999 -9999 -9999 3085.78124993436 3461.45312477183 3345.60937452505 2284.54687486949 1524.90624975501 1037.87499985314 769.421874846801 571.421874924235 464.625000005784 411.328125020137 393.062500054736 400.375000118819 425.578125111365 455.156250185794 587.468750205376 792.781250109253 951.296874996774 869.546875100905 857.265625036157 848.593749951716 819.999999907882 780.671874866829 729.937499821549 703.828124898648 667.999999929687 626.234374943372
-9999 -9999 -9999 -9999 -9999 -9999 -9999 -9999 -9999 -9999 -9999 -9999 -9999 -9999 -9999 -9999 -9999 -9999 -9999 -9999 -9999 -9999 -9999 -9999 -9999 -9999 -9999 -9999 -9999 -9999 -9999 -9999 -9999 -9999 -9999 -9999 -9999 -9999 -9999 3278.31250036109 3074.32812551153 2295.10937512224 1638.3281248924 1213.40624982878 916.312499786364 712.453124773375 548.765624749836 462.984374819789 407.578124882191 364.499999956474 365.82812496347 393.765625004775 452.125000063957 544.046875160891 668.500000186541 695.734375206193 766.093750188095 837.9531250825 898.609374945038 927.953124797804 911.343749771489 837.515624800468 737.593749904731 685.843749976682
-9999 -9999 -9999 -9999 -9999 -9999 -9999 -9999 -9999 -9999 -9999 -9999 -9999 -9999 -9999 -9999 -9999 -9999 -9999 -9999 -9999 -9999 -9999 -9999 -9999 -9999 -9999 -9999 -9999 -9999 -9999 -9999 -9999 -9999 -9999 -9999 -9999 -9999 -9999 -9999 2638.2031255205 2175.67187516035 1743.93749985771 1428.98437466123 1151.76562465658 932.296874706446 762.374999744678 642.843749754652 557.437499763295 481.03124976795 434.640624873781 434.171874899711 442.093749959884 438.109375089872 508.468750192157 535.281250173538 609.953125181408 753.531250117245 912.906250021056 1047.999999918 1088.67187480884 984.328124852059 790.093749970964 705.43749997695
-9999 -9999 -9999 -9999 -9999 -9999 -9999 -9999 -9999 -9999 -9999 -9999 -9999 -9999 -9999 -9999 -9999 -9999 -9999 -9999 -9999 -9999 -9999 -9999 -9999 -9999 -9999 -9999 -9999 -9999 -9999 -9999 -9999 -9999 -9999 -9999 -9999 -9999 -9999 2739.37499993895 2446.92187469913 2060.57812478208 1834.64062472384 1748.20312452963 1571.56249923024 1262.28124931319 1072.54687465327 923.296874512597 801.42187467805 690.374999625296 621.578124667655 565.140624730032 482.234374801035 420.593749904222 388.078124957863 401.203125070672 485.031250130728 639.6718751868 814.359375159815 982.968750215223 1090.54687514256 1002.70312504899 851.859374967371 705.374999931871
-9999 -9999 -9999 -9999 -9999 -9999 -9999 -9999 -9999 -9999 -9999 -9999 -9999 -9999 -9999 -9999 -9999 -9999 -9999 -9999 -9999 -9999 -9999 -9999 -9999 -9999 -9999 -9999 -9999 -9999 -9999 -9999 -9999 -9999 -9999 -9999 -9999 -9999 -9999 -9999 2663.98437478914 2363.98437450304 2191.82812443453 2106.84374962493 2022.31249970683 1713.54687462284 1344.51562470562 1280.34374964569 1219.03124933795 1034.01562456478 935.687499592041 813.156249685422 677.89062473785 522.453124855735 408.328124994369 353.953125040729 392.734375086869 499.000000144817 662.062500199124 819.421875170314 956.203125174066 946.406250083666 866.343749998454 778.218749896465
-9999 -9999 -9999 -9999 -9999 -9999 -9999 -9999 -9999 -9999 -9999 -9999 -9999 -9999 -9999 -9999 -9999 -9999 -9999 -9999 -9999 -9999 -9999 -9999 -9999 -9999 -9999 -9999 -9999 -9999 -9999 -9999 -9999 -9999 -9999 -9999 -9999 -9999 -9999 -9999 -9999 2616 2756.03124941857 2666.78124915551 2325.24999929453 1905.57812434598 1478.67187448103 1421.37499997885 1446.75000005199 1424.09374981515 1313.23437442375 1264.29687434708 1085.49999909756 778.937499540409 495.156249829249 368.2187499588 344.000000001763 416.79687505431 542.781250084385 701.968750090994 829.437500041862 896.796875026989 854.578125033819 819.562500004406
-9999 -9999 -9999 -9999 -9999 -9999 -9999 -9999 -9999 -9999 -9999 -9999 -9999 -9999 -9999 -9999 -9999 -9999 -9999 -9999 -9999 -9999 -9999 -9999 -9999 -9999 -9999 -9999 -9999 -9999 -9999 -9999 -9999 -9999 -9999 -9999 -9999 -9999 -9999 -9999 -9999 -9999 3003.4375 3208.23437457288 3049.51562400536 2564.54687410716 2077.26562411398 1698.21874937179 1370.71875012643 1407.68750022296 1558.62499999956 1727.65624956485 1643.17187459266 1126.23437464412 689.265624715138 467.406249808482 363.546874952395 385.57812501902 475.421875073772 633.906250068824 803.656250018691 874.390625025617 846.515624985156 807.281250024407
-9999 -9999 -9999 -9999 -9999 -9999 -9999 -9999 -9999 -9999 -9999 -9999 -9999 -9999 -9999 -9999 -9999 -9999 -9999 -9999 -9999 -9999 -9999 -9999 -9999 -9999 -9999 -9999 -9999 -9999 -9999 -9999 -9999 -9999 -9999 -9999 -9999 -9999 -9999 -9999 -9999 -9999 -9999 -9999 -9999 3084.25 2609.6875000136 2270.18749974325 1599.10937481138 999.390625386108 979.484375476306 1511.3906252764 1857.28124949769 1528.68749952468 970.640624695736 618.515625038071 432.34374999495 377.781249979153 447.687500016241 543.968750090631 671.640625141215 830.265625100397 878.203124981456 859.312499834979
-9999 -9999 -9999 -9999 -9999 -9999 -9999 -9999 -9999 -9999 -9999 -9999 -9999 -9999 -9999 -9999 -9999 -9999 -9999 -9999 -9999 -9999 -9999 -9999 -9999 -9999 -9999 -9999 -9999 -9999 -9999 -9999 -9999 -9999 -9999 -9999 -9999 -9999 -9999 -9999 -9999 -9999 -9999 -9999 -9999 -9999 2660.17187486849 2705.04687424038 2092.04687403669 1058.64062447624 734.140625097788 1230.93750037932 2119.2656248893 1909.7812495841 1250.15624965068 661.07812486257 376.703125135016 354.6250000749 409.250000073587 476.562500067016 579.484375074355 732.6250001279 856.265625069754 937.781249981385
