2050_A2_CS/PREC.asc
NCOLS 720 
NROWS 360 
XLLCORNER -180 
YLLCORNER -90 
CELLSIZE 0.5 
NODATA_value -9999 
[rows 28 to 55 of 360, columns 448 to 511 of 720]
-9999 -9999 -9999 -9999 -9999 -9999 -9999 -9999 -9999 -9999 -9999 -9999 -9999 -9999 -9999 -9999 -9999 -9999 -9999 -9999 -9999 -9999 -9999 -9999 -9999 -9999 -9999 -9999 438.578124995017 439.890624916261 439.328124781112 431.218749829605 433.890624889523 427.374999970831 423.296875037069 417.953125115095 402.296875113394 384.062500097715 358.6718750886 344.750000020418 315.8125 287.124999999999 273.5 249.124999999999 238 -9999 -9999 -9999 -9999 -9999 -9999 -9999 -9999 -9999 -9999 -9999 -9999 -9999 -9999 -9999 -9999 -9999 -9999 -9999
-9999 -9999 -9999 -9999 -9999 -9999 -9999 -9999 -9999 -9999 -9999 -9999 -9999 -9999 -9999 -9999 -9999 -9999 -9999 -9999 -9999 -9999 -9999 402 414.375 429.125000000001 462.8125 476.765624911802 476.07812490792 498.624999931577 494.54687507558 448.609375125077 428.45312512435 395.453125111733 371.125000098024 364.937500022323 358.5625 346.374999999999 324.5 -9999 -9999 -9999 -9999 -9999 -9999 -9999 -9999 -9999 -9999 -9999 -9999 -9999 -9999 -9999 -9999 -9999 -9999 -9999 -9999 -9999 -9999 -9999 -9999 -9999
-9999 -9999 -9999 -9999 -9999 -9999 -9999 -9999 -9999 -9999 -9999 -9999 -9999 -9999 -9999 -9999 -9999 -9999 -9999 -9999 -9999 -9999 -9999 435.520833333334 438.031249924676 462.593749958585 500.17187500109 513.718750124248 490.296875157549 448.312500106566 420.968750083558 402.359375051951 379.875 -9999 -9999 -9999 -9999 -9999 -9999 -9999 -9999 -9999 -9999 -9999 -9999 -9999 -9999 -9999 -9999 -9999 -9999 -9999 -9999 -9999 -9999 -9999 -9999 -9999 -9999 -9999 -9999 -9999 -9999 -9999
-9999 -9999 -9999 -9999 -9999 -9999 -9999 -9999 -9999 -9999 -9999 -9999 -9999 -9999 -9999 -9999 -9999 -9999 -9999 -9999 -9999 449.5 442.364583323582 449.989583296022 474.828124980297 489.921874970868 471.250000073494 439.51562506733 401.515625071682 401.20312501511 388.625 382.249999999999 -9999 -9999 -9999 -9999 -9999 -9999 -9999 -9999 -9999 -9999 -9999 -9999 -9999 -9999 -9999 -9999 -9999 -9999 -9999 -9999 -9999 -9999 -9999 -9999 -9999 -9999 -9999 -9999 -9999 -9999 -9999 -9999
-9999 -9999 -9999 -9999 -9999 -9999 -9999 -9999 -9999 -9999 -9999 -9999 -9999 -9999 -9999 -9999 -9999 -9999 -9999 421.5 447.78125001086 454.390624970438 467.828124927001 489.765625013877 493.734374972127 474.187500053573 437.734375047901 404.593750012789 -9999 -9999 -9999 -9999 -9999 -9999 -9999 -9999 -9999 -9999 -9999 -9999 -9999 -9999 -9999 -9999 -9999 -9999 -9999 -9999 -9999 -9999 -9999 -9999 261.75 268.125 -9999 -9999 -9999 -9999 -9999 -9999 -9999 -9999 -9999 353
-9999 -9999 -9999 -9999 -9999 -9999 -9999 -9999 -9999 -9999 -9999 -9999 -9999 -9999 -9999 -9999 -9999 -9999 415.625 450.312500000001 479.656249907259 495.921874922796 513.10937495652 487.937499990845 468.875000091697 434.281250049059 419.124999999999 -9999 -9999 -9999 -9999 -9999 -9999 -9999 -9999 -9999 -9999 -9999 -9999 -9999 -9999 -9999 -9999 -9999 -9999 -9999 -9999 -9999 -9999 -9999 -9999 265 265.687499989883 271.078124992412 276.031249996387 -9999 -9999 -9999 -9999 -9999 336.625 -9999 -9999 353
-9999 -9999 -9999 -9999 -9999 -9999 -9999 -9999 -9999 -9999 -9999 -9999 -9999 -9999 -9999 -9999 -9999 416.593750019476 442.390624995552 459.687499972109 473.874999955758 488.453125028253 469.859375020317 454.437500009137 436.5 -9999 -9999 -9999 -9999 -9999 -9999 -9999 -9999 -9999 -9999 -9999 -9999 -9999 -9999 -9999 -9999 -9999 -9999 -9999 -9999 -9999 -9999 -9999 -9999 -9999 273.203124988819 274.328124982087 277.99999997836 284.890624983049 291.312499981245 300.218749981967 310.171874986174 320.109374996273 -9999 -9999 338.5 352.000000000001 368.328124988819 -9999
-9999 -9999 -9999 -9999 -9999 -9999 -9999 -9999 -9999 -9999 -9999 -9999 -9999 -9999 -9999 400.875 399.625 421.984374962919 456.406249968559 475.39062498764 482.031250023281 469.89062501932 447.312500037441 435.031250009361 -9999 -9999 -9999 -9999 -9999 -9999 -9999 -9999 -9999 -9999 -9999 -9999 -9999 -9999 -9999 -9999 -9999 -9999 -9999 -9999 -9999 -9999 -9999 -9999 -9999 281.14062499028 285.156249980559 289.187499979839 292.765624983799 299.374999979839 307.156249978159 314.937499980319 322.453124982359 327.046874985959 -9999 -9999 -9999 376.5 379.640624982199 381.5937499948
-9999 -9999 -9999 -9999 -9999 -9999 -9999 -9999 -9999 -9999 -9999 -9999 -9999 -9999 403.312499998563 405.89062498886 409.942708338085 425.364583349225 446.406250046717 459.015625053545 459.078125025754 450.499999990896 438.124999980994 431.124999993931 -9999 -9999 -9999 -9999 -9999 -9999 -9999 -9999 -9999 -9999 -9999 -9999 -9999 -9999 -9999 -9999 -9999 -9999 -9999 -9999 -9999 -9999 -9999 288.5 288.015624998443 291.999999995209 296.546874992933 301.421874984308 307.078124984068 310.734374980475 317.84374998347 326.562499988501 333.874999997125 -9999 360.296874996766 368.968749990657 375.171874983829 384.828124987423 393.437499989938 -9999
-9999 -9999 -9999 -9999 -9999 -9999 -9999 -9999 -9999 -9999 -9999 -9999 -9999 -9999 -9999 410.25 408.958333331102 422.411458325004 426.531250004065 436.93750000287 448.250000001913 455.843749995457 458.312499967478 449.81249995839 445 -9999 -9999 -9999 -9999 -9999 -9999 -9999 -9999 -9999 -9999 -9999 -9999 -9999 -9999 -9999 -9999 -9999 -9999 -9999 -9999 290 288.218750000717 289.484374997489 292.656249989717 297.765624990076 305.031249985413 311.734374989359 318.74999998613 325.218749982543 330.031249985413 336.078124987207 345.515624985294 -9999 362.359374997968 376.796874989359 386.93749998613 395.328124985772 403.656249983978 411.890624995816
-9999 -9999 -9999 -9999 -9999 -9999 -9999 -9999 -9999 -9999 -9999 -9999 -9999 -9999 -9999 -9999 -9999 -9999 -9999 443 455.75 460.25 454.046875001074 455.453125010383 451.953125002745 445.999999992362 450.062500001432 443.312499998568 -9999 -9999 -9999 -9999 -9999 -9999 -9999 -9999 -9999 -9999 -9999 -9999 -9999 -9999 -9999 -9999 -9999 291.3125 292.656249986394 295.703124990333 300.187499988543 306.703124986036 314.749999983291 323.281249986872 330.781249984007 336.265624986514 340.437499978517 348.640624986036 355.29687498723 361.906249989736 -9999 384 396.609374981978 406.031249988782 414.359374980546 424.062499985201
-9999 -9999 -9999 -9999 -9999 -9999 -9999 -9999 -9999 -9999 -9999 -9999 -9999 -9999 -9999 -9999 -9999 -9999 -9999 -9999 -9999 -9999 -9999 -9999 450.875 449 449.5 -9999 -9999 444.687499984275 445.187499978557 434.875 423 -9999 -9999 -9999 -9999 -9999 -9999 -9999 -9999 -9999 -9999 -9999 -9999 -9999 298.749999998094 304.187499988087 312.515624980105 319.312499981893 327.874999983322 334.296874985109 339.781249993091 346.109374988445 352.906249989755 358.296874989398 365.437499986975 367.265624996625 -9999 398.666666666667 405.984374994163 417.234374982727 426.31249998904 434.468749988325
-9999 -9999 -9999 -9999 -9999 -9999 -9999 -9999 -9999 462.625 463.5 -9999 -9999 -9999 -9999 -9999 -9999 -9999 -9999 -9999 -9999 -9999 -9999 -9999 -9999 -9999 -9999 -9999 -9999 441 443 440 427.5781249956 421.812499990963 423.874999987633 418.296874967299 411.718749953624 403.140624961829 406.3125 392.249999999999 380.375 -9999 -9999 -9999 -9999 303.187499990011 311.265624983234 317.406249986444 326.406249985017 332.781249975029 338.843749978834 346.156249984542 353.046874988228 358.999999980023 365.312499984779 371.453124985136 376.249999986682 380.656249997384 -9999 405.859374990131 418.437499990963 428.046874990606 434.765624987039 445.078124995601
-9999 -9999 -9999 -9999 -9999 -9999 -9999 -9999 465.57812499727 469.890624981603 471.328124980178 468.234374996558 467.333333333333 -9999 -9999 -9999 -9999 -9999 -9999 -9999 -9999 -9999 -9999 -9999 -9999 -9999 -9999 -9999 -9999 -9999 450 -9999 430.39062499727 429.968749988368 436.953124979229 441.2187499746 441.10937497187 436.609374953354 421.171874962374 401.765624975905 386.234374985163 376.249999996202 376.125 361.499999999999 353 -9999 317.875 322.75 339.48437498184 349.79687498184 354.453124981603 358.390624984451 365.187499981009 372.406249985994 377.40624998457 381.437499989555 386.124999988289 387.078124997191 -9999 417.020833324313 422.093749999763 430.343750003561 441.093749996914 449.296874993709
542.375 529.875 527.5 521.875 -9999 -9999 -9999 -9999 470.625 474 471.625 471.25 -9999 -9999 500.875 506.875 510 506.62499999147 506.96874997749 505.609374979267 496 -9999 517.5 518.625 515.625 503.0625 497.328124994668 484.249999963036 479.468749959008 469.296874970737 461.499999986731 458 456.968749995498 444.593749976542 439.921874975476 444.796874991115 448.187500003317 444.953125005094 439.343749982229 424.15624994953 414.031249945266 405.499999955928 400.26562496434 386.578124962918 377.578124943962 372.140624936854 370.687499954507 384.9375 376 364.156249967539 373.92187497595 376.171874971685 383.671874975002 388.734374973581 395.828124978557 397.656249987442 400.734374985902 405.749999987679 413.937499992892 -9999 439.406249997394 440.296874983532 450.546874980215 459.687499981518
535.578125017147 542.156249969017 545.78124995388 539.734374954944 530.8125 -9999 -9999 -9999 -9999 -9999 -9999 -9999 504.25 514.1875 513.999999966888 522.812499959794 519.187499976822 523.406249966179 525.531249975639 525.015624971737 526.3125 526 526.874999976349 530.109374971028 525.890624974102 513.328124974101 505.671874984272 511.156249969017 508.296874968189 498.687499955063 482.312499972565 469.578124982616 469.859374971973 471.171874956364 471.421874945011 464.906249958137 455.171874979069 445.328124993969 454.624999979187 451.531249981315 444.359374978123 440.609374955418 430.687499958847 443.015624894635 453.656249864006 437.671874897708 417.140624928219 400.874999959793 391.828124984036 392.921874983799 393.749999973984 399.374999969727 403.49999997493 407.578124978832 408.624999989121 410.171874980961 413.484374981907 415.406249987938 418.062499996689 -9999 446.156249996925 452.671874985218 462.265624990185 470.468749991249
542.734374975567 547.843749982295 548.953125001771 548.0625 546.25 -9999 -9999 -9999 528.1875 509.624999958922 509.187499975449 516.68749997356 520.687499969783 530.67187498076 536.9843749784 539.046874981232 540.859374983121 538.234374973206 538.218749960576 542.718749964826 549.953124966832 553.328124962583 558.015624974386 554.546874969429 550.281249976629 546.999999991501 531.562499983475 521.999999972143 521.171874985482 511.515624980524 505.14062497533 494.499999956563 498.515624961638 498.609374966596 497.999999966006 494.531249970963 482.281249974268 470.140624958333 473.187499961757 472.999999968838 472.249999981586 473.515624976275 469.671874957625 493.999999940983 506.156249959632 482.718749929886 442.609374959986 430.984374968484 426.656249960576 421.265624963055 421.890624969665 421.890624971081 424.468749968603 426.578124973914 426.187499974977 426.656249975685 428.322916650063 426.916666657853 426.5 -9999 468.25 468.484374979816 474.093749974268 481.031249981351
559.749999981621 561.812499982563 562.484374974905 -9999 -9999 -9999 -9999 538.343749976673 541.828124965716 556.593749922949 548.1406249266 540.781249965833 542.203124976083 546.562499979265 554.234374978204 557.140624973256 559.421874970192 563.68749996277 564.937499972195 572.109374961239 576.85937496548 580.093749970075 574.562499983977 570.812499989632 567.109374981031 555.1093749881 550.828124968072 543.234374974434 536.687499975494 527.593749979028 521.312499983977 522.203124973727 525.328124970899 526.406249963477 520.453124977497 509.953124990221 502.624999974552 497.796874972077 494.60937498433 492.734374981503 492.546874967365 501.406249953581 523.437499907161 538.203124947808 546.89062493791 516.421874985272 485.781249931431 464.312499947689 454.078124970428 449.953124964773 445.843749970075 445.562499969368 447.203124974198 447.484374973491 444.70312497844 445.171874977733 441.104166651115 430.416666666666 -9999 467 474.953124983152 484.749999979265 492.656249979029 498.890624973727
588.28124999412 582.187499973658 584.359374971424 582.76562497307 582.984374970953 582.140624977303 572.734374956371 563.828124945316 566.406249966367 582.156249974834 573.71874995837 578.406249955548 581.374999952961 581.89062494908 586.79687494367 590.124999941201 583.515624958958 585.578124971659 587.046874969542 592.578124966014 602.078124982478 597.859374983183 592.421874973305 586.187499975069 579.062499982125 574.140624978244 571.734374979891 566.999999973187 563.343749972012 556.593749973422 543.906249966367 544.703124964603 551.140624987182 549.593749980478 538.109374963897 528.218749979067 526.640624994238 518.296874980831 521.421874925325 533.468749882637 545.921874965309 548.828125035162 548.421875079144 529.109375021285 523.703125004116 509.781249979067 496.531249963074 487.203124958487 481.499999955783 479.015624950491 473.234374964838 470.140624965544 469.093749967308 466.74999997648 468.359374984595 460.249999996237 -9999 484.3125 478.843749975775 484.656249975775 493.124999978362 502.687499982596 511.593749980479 516.421874980832
600.234374975937 604.546874970303 607.234374971242 606.109374968425 609.656249962204 606.140624962556 609.109374952461 606.296874948236 600.953124947062 604.890624968191 602.734374968894 604.468749979107 614.749999963378 615.265624967251 616.93749998075 625.18749997089 614.640624963025 612.906249959856 615.968749957978 618.968749967838 620.546874971242 613.796874976876 606.81249999061 602.406249984271 596.734374973589 589.562499983097 590.671874972651 596.062499953987 585.562499972298 585.562499953987 576.9999999507 566.124999981689 564.171874980163 570.921874966078 563.515624972416 548.281249970655 545.062499959622 561.328124911379 579.031249930276 553.109375067962 538.515625053173 532.562500005634 525.078124979458 527.562499982628 531.484374976407 529.93749997042 523.06249997042 514.859374972181 511.218749969716 508.312499976054 501.781249963612 499.249999961499 497.124999962439 494.640624953635 495.359374947766 496.062499986854 496.406249993661 494.999999973238 501.859374966547 507.109374967956 512.859374972181 517.921874979224 527.906249978637 534.421874974059
611.87499997235 614.265624978325 619.531249978677 626.843749975865 629.968749963212 633.671874967781 639.468749948684 640.031249945872 637.078124954893 636.609374958408 633.10937496122 627.062499955947 625.999999978911 627.921874982777 631.249999990159 640.39062500457 636.640624972233 648.499999974694 645.640624989573 637.531249992736 631.640624992853 626.718749976333 629.781249961337 628.328124970827 623.999999961571 614.624999948918 614.656249953839 621.124999941888 623.515624953019 617.937499966726 602.843749924314 605.140624863508 610.343749881667 609.781249939311 605.343749879793 611.484374904045 610.67187503011 602.468750102867 567.078125037374 541.531249980082 541.359374966844 542.624999986878 540.531249974928 545.359374971061 550.687499977974 549.421874977622 545.015624976451 540.937499971881 537.015624967546 527.687499968601 525.031249976802 523.437499973287 521.453124968484 520.281249967429 515.687499967195 514.749999967195 514.70312496286 517.656249974459 522.234374976216 528.843749975865 533.343749968367 539.296874965906 549.281249971647 554.343749977271
629.124999984564 633.20312497439 638.18749997474 641.421874987721 650.781249984798 663.765624957083 679.031249952522 684.796874942348 679.593749938956 669.421874959655 663.812499962111 665.921874947026 659.093749938488 647.093749969361 652.671874956381 650.843749969361 659.468749970765 660.359374995673 654.640624987955 648.921874978833 648.281249965619 652.218749960006 655.656249974039 653.921874965268 654.937499961175 653.015624955211 655.437499944336 671.328124932759 666.171874940477 660.453124927145 677.140624890192 730.062499824589 732.359374813711 687.640624866334 681.046874931121 637.968750029701 569.234375073322 564.68749999158 560.656249978716 558.593749977313 564.515624975325 555.656249980588 558.765624979535 564.156249981991 565.874999984096 565.593749981991 564.515624974858 563.671874971349 560.453124973922 551.265624972518 546.171874970414 543.593749976378 544.562499973805 543.390624974857 539.07812497439 539.265624971583 539.968749974039 540.531249968426 542.437499973337 547.781249976846 555.187499977079 560.437499981289 565.968749986669 572.156249978249
641.874999987861 643.796874987511 648.640624986344 649.999999991596 658.015624995215 682.812499989263 703.171874979574 707.62499999393 696.59375000817 684.921875018325 677.218750002568 683.781249991363 688.718749971753 679.062499957046 675.499999975722 679.859374968369 679.703124963466 678.624999985526 670.031249990429 664.406249975022 670.437499982258 680.281249982959 682.468749981558 683.593749971753 686.718749958681 700.453124944324 714.453124930784 711.921874934285 708.78124995121 721.765625015291 759.781249971754 761.703125073651 691.484375099563 644.14062513668 614.015625111936 582.281250032448 566.249999998133 569.765625006886 568.421874992647 565.046874971636 569.296874967435 571.499999964983 571.890624980274 577.656249983426 580.812499977589 581.796874973037 581.71874997222 578.812499979924 577.249999974788 574.718749969886 572.234374978173 568.71874997222 566.515624971403 563.703124975605 559.06249996545 563.234374972104 562.031249977823 563.343749968018 567.781249972687 568.624999973387 572.984374971637 576.312499971987 579.99999997152 583.281249983426
646.515625000583 648.156250001631 656.796874993359 658.578124987068 663.640624990796 675.359375029243 698.296875032505 702.328125019223 692.750000001398 679.109374996155 680.312499989748 683.640625008971 685.43750003635 692.515625009437 680.093750012815 684.171875020855 702.296874980311 688.843749989048 679.687499985553 681.093749983457 686.984374976583 694.156249982525 699.296874976583 703.65624997833 716.015624968427 733.12499997437 751.296874977515 757.062499953398 743.374999962718 726.546874972854 744.921875065126 718.437500034018 646.15625001328 583.90625001328 563.671875013398 564.140625012699 570.046874992427 572.437499986485 581.218749975534 581.640624987068 590.343749980194 589.59374998998 585.156249986718 589.796874986369 594.781249987651 605.046874969127 606.374999966446 597.703124973087 592.156249988117 590.328124991262 588.359374981709 588.078124979612 586.343749979262 583.953124974019 581.187499979495 584.796874974253 582.60937497099 586.031249975534 587.046874979379 589.999999973437 594.031249976 594.124999983689 596.124999988349 593.078124992194
646.437499973487 644.843749969998 652.468749996512 661.609375020583 671.625000021862 674.671875008954 671.921875006628 673.890625043607 676.171875022908 680.765625015234 679.453125013373 680.718750009535 675.000000006047 675.609375016861 672.250000006047 672.343750003954 686.625000021862 693.79687501314 691.765624993372 688.109374988488 696.687499996279 708.921875000117 719.046874999651 725.890624997558 732.640624991976 738.499999987441 755.687499986511 774.109374976395 766.921874970812 756.749999968371 772.765625031512 693.781250036046 634.109375034071 598.578124990115 574.09374999186 571.28124997372 574.421875015931 579.109375008954 580.609375005698 580.843749984418 583.859374995465 587.703124991976 594.01562498593 601.562499974418 607.515624981278 609.859374981976 606.093749983953 603.843749995116 598.906249981627 597.218749987209 597.937499986976 597.187499985581 594.015624982674 594.531249981627 595.531249983488 596.04687497965 596.796874981976 596.374999973952 602.281249980697 603.406249987674 605.765624991046 603.796874990348 600.859374985232 598.749999985581
652.062500012535 651.312500013928 654.156249999304 652.890625001044 657.562500013 659.765625027972 661.515625019151 653.21875000766 661.312500013928 675.046874998956 674.109374999884 673.687500007893 669.234375008241 663.937500012071 663.906250014624 668.078125006616 677.437500000929 690.515624995009 696.828124994081 699.499999983286 701.468749991875 709.906249997447 722.28124999234 728.703124995474 737.937499994893 748.437499987929 761.312499999536 782.125000003715 771.562500017642 773.343749990484 765.968749985374 677.984375003132 622.906249993732 599.46875000766 577.468749999768 579.859375004991 572.17187498967 569.546875014741 572.406250014625 580.656250016017 583.718750004875 593.890624992688 606.578124982939 626.078124964832 627.34374996959 625.046874980385 622.031249976554 613.312499981429 614.281249980269 611.609374977135 611.953124978295 610.640624981081 609.015624980152 607.843749985376 607.859374985956 609.359374987349 609.54687498642 611.234374989206 614.421874989206 614.421874985027 616.874999981429 613.499999985608 611.687499987929 609.156249988625
641.765625037419 643.171875015871 644.984375011701 642.640625002664 638.562500007414 642.359375008457 650.531250003475 651.843749996525 669.125000005097 677.98437500475 678.499999999073 672.921875004286 657.625000012511 650.453125010079 653.375000005561 663.875000011122 671.156250003476 684.51562501564 703.50000002873 715.031250012743 717.656250007646 730.078124997568 744.624999999537 746.828125002664 739.765624997567 750.218750000695 753.046874998726 757.546875008457 764.015625035102 741.703125017029 740.718750034522 688.874999996291 626.890625006371 608.375000024096 589.140625009615 572.875000007877 571.750000005097 574.562499991196 581.093749999305 583.343749996524 584.906249998378 597.421874993165 611.281249996988 635.187500011585 642.250000003707 633.390624999884 627.265625000347 620.609375002433 614.218750006256 615.156250002085 615.75000000417 612.984375001043 611.562500000463 609.359374998726 609.265624997567 610.390624998957 613.328124999421 616.468750001158 618.953125000811 619.656249998378 616.296874996409 613.343749997451 609.078125004055 605.656250008573
622.078125011216 623.906250031682 626.937500032839 633.312500020351 633.968750003931 637.343750003932 645.656250008557 652.312500002313 664.859375005435 671.187500012026 671.421875018385 660.921875025322 644.968750018732 642.29687501006 647.000000010175 656.234375007747 665.531250010407 676.500000004163 695.249999991675 708.609375003122 714.843749999307 728.109375007285 741.390625008441 745.703125000116 747.921874982309 753.734374990634 758.296874988322 759.281249987281 750.749999997687 741.937499982424 739.593749968318 687.328125007513 624.453124999652 596.937500004162 581.968750008094 571.609374995259 573.953124989478 581.687499991212 581.656249999306 585.734374997572 587.531249995144 605.671874986472 614.374999995375 628.156250005782 627.625000032376 621.015625030641 615.640625028329 611.79687501931 606.953125011679 611.265625007516 613.546875001272 613.171874998497 608.843750006244 607.203125006591 609.031250003006 611.281249998844 612.671875002197 616.796874998034 620.828124994565 620.687499999075 617.796874999884 614.421874999884 606.68750000185 598.625000008788
