2050_A2_CS/PRECSD.asc
NCOLS 720 
NROWS 360 
XLLCORNER -180 
YLLCORNER -90 
CELLSIZE 0.5 
NODATA_value -9999 
[rows 224 to 251 of 360, columns 189 to 251 of 720]
-9999 -9999 -9999 -9999 -9999 -9999 -9999 -9999 -9999 -9999 -9999 -9999 -9999 -9999 -9999 -9999 -9999 -9999 -9999 -9999 -9999 -9999 -9999 -9999 -9999 -9999 -9999 -9999 -9999 -9999 -9999 2.71763803281415 1.9836948884047 2.12596895711595 2.01361353113949 1.89008194765579 1.75234397487025 1.59424288278935 1.37790868748086 1.22095583521738 1.15367207124301 1.01623670136732 0.902068763506615 0.863973605568691 0.863726168490502 0.865279896570948 0.845811695398525 0.78812889766781 0.738934262766527 0.696097368575792 0.637803308612308 0.588958840727137 0.563397513393357 0.534157586702543 0.505008647967476 0.485837485717816 0.471304238577696 0.461982460863317 0.460050621571166 0.459033091807131 0.461488605826072 0.47777961522418 0.516643712937255
-9999 -9999 -9999 -9999 -9999 -9999 -9999 -9999 -9999 -9999 -9999 -9999 -9999 -9999 -9999 -9999 -9999 -9999 -9999 -9999 -9999 -9999 -9999 -9999 -9999 -9999 -9999 -9999 -9999 -9999 3.13090408840011 2.12406088886061 1.81663926698165 1.97041123829625 1.87980403715435 1.79996744600675 1.68563501204246 1.51988509539714 1.35898742016084 1.24079952857216 1.1614360747419 0.981338090002801 0.904985982156848 0.887401494850916 0.880226580040404 0.874683867969287 0.856989601886871 0.782180273582168 0.726380712208355 0.683184724890156 0.630202086997784 0.582926506279116 0.555747366303689 0.52769886914024 0.495894762506971 0.483448927121223 0.481976893094721 0.467617248334287 0.449534348291919 0.448425343559057 0.457451963887198 0.484129636024399 0.508462148112101
-9999 -9999 -9999 -9999 -9999 -9999 -9999 -9999 -9999 -9999 -9999 -9999 -9999 -9999 -9999 -9999 -9999 -9999 -9999 -9999 -9999 -9999 -9999 -9999 -9999 -9999 -9999 -9999 -9999 1.77437089702596 1.94060343331843 1.4776858349177 1.65499609898496 1.86725245900789 1.55633121211473 1.70801955211151 1.6271220881682 1.45982545019561 1.34622239615934 1.2631782013188 1.18395581116856 1.00707535430189 0.939464904145946 0.927017822576949 0.892741006961464 0.872986520440619 0.842912021606338 0.785583112029371 0.729234590329563 0.684811726187987 0.626194944709485 0.571717594658369 0.544124960502175 0.521223853274246 0.471414924443514 0.459227875916317 0.454269995578776 0.446257181482912 0.435437187135686 0.435603472320243 0.44541002591488 0.463706701472356 0.477252149903671
-9999 -9999 -9999 -9999 -9999 -9999 -9999 -9999 -9999 -9999 -9999 -9999 -9999 -9999 -9999 -9999 -9999 -9999 -9999 -9999 -9999 -9999 -9999 -9999 -9999 -9999 -9999 -9999 -9999 1.88427959175336 1.9967553049346 1.26390096941213 1.47043525514189 1.60639191147905 1.47544966181325 1.58194048144944 1.5436908933943 1.40943150588181 1.33457105433684 1.2575605474238 1.10841391630423 0.969314843144761 0.932014429464901 0.915535447136698 0.885490472438699 0.856886057079593 0.826833968343568 0.785734114119892 0.727446398824935 0.679128282182293 0.616771904319057 0.551509243031791 0.510031155341989 0.485092957115827 0.450337688150046 0.436776594318471 0.427211653021923 0.416759739357578 0.411824636479312 0.417630915618357 0.424857907466777 0.434902212566284 0.442805442830916
-9999 -9999 -9999 -9999 -9999 -9999 -9999 -9999 -9999 -9999 -9999 -9999 -9999 -9999 -9999 -9999 -9999 -9999 -9999 -9999 -9999 -9999 -9999 -9999 -9999 -9999 -9999 -9999 -9999 1.71473361355989 1.77926979357215 1.165648937898 1.18014689845013 1.32823681281593 1.42805794534665 1.44137889460578 1.42936894841026 1.34412723363584 1.29192761517597 1.22326413335432 1.07661262142718 1.00571583901916 0.957332665794404 0.903034614511527 0.87087321025216 0.831506541779934 0.798085017940374 0.753432202611828 0.705568658226498 0.664500188828882 0.607988662113053 0.543007425267572 0.490274410256056 0.46006084664024 0.449337775759299 0.450846176522881 0.455561441721805 0.415425222312477 0.384222217981983 0.382214414703241 0.382521786130204 0.382684969939276 0.390726827560056
-9999 -9999 -9999 -9999 -9999 -9999 -9999 -9999 -9999 -9999 -9999 -9999 -9999 -9999 -9999 -9999 -9999 -9999 -9999 -9999 -9999 -9999 -9999 -9999 -9999 -9999 -9999 -9999 -9999 1.5314308511332 1.66185495330282 1.49742209134426 0.975106831436035 0.904318859394106 1.154360895487 1.38152628974651 1.34551193018223 1.28520023779023 1.2523243136897 1.20994055708155 1.09245078938052 1.02708394171866 0.960606346466329 0.899528157265704 0.861231297708452 0.820058763032495 0.777306348601832 0.725978599359851 0.689260621097845 0.658485053020249 0.607686215918326 0.544868229559627 0.489614239202127 0.453566312057798 0.458816279175979 0.464794564325258 0.462601909965533 0.408707813272061 0.383964850031671 0.367692327500355 0.356344242425255 0.346322053124088 0.381900043143927
-9999 -9999 -9999 -9999 -9999 -9999 -9999 -9999 -9999 -9999 -9999 -9999 -9999 -9999 -9999 -9999 -9999 -9999 -9999 -9999 -9999 -9999 -9999 -9999 -9999 -9999 -9999 -9999 -9999 1.17009021075684 1.4095680699478 1.63710542028495 0.947733019312472 0.806372922562336 0.998821736952214 1.1628003293091 1.22330333495346 1.21614366855279 1.27748106345644 1.22010596356454 1.10462401145485 0.993635640603705 0.935373219962006 0.894268521210463 0.854832399062772 0.814268122570203 0.768482136087981 0.721855361400335 0.689373942977412 0.655498430126321 0.606195374400481 0.550665943137405 0.501323701460471 0.473134458655598 0.476061745409742 0.429348140596874 0.414243025362829 0.387032441362048 0.368501073518816 0.333107095147075 0.330928343028122 0.325724828717399 0.369366553959812
-9999 -9999 -9999 -9999 -9999 -9999 -9999 -9999 -9999 -9999 -9999 -9999 -9999 -9999 -9999 -9999 -9999 -9999 -9999 -9999 -9999 -9999 -9999 -9999 -9999 -9999 -9999 -9999 -9999 1.08128222758173 1.25486665630356 1.58656136861111 0.992983869675629 0.834305730484619 0.919152195643385 1.05371316394967 1.09736513616712 1.14757297846493 1.27808655885696 1.24199919530102 1.09952818023371 0.979270696606595 0.93452856897378 0.89301722294677 0.85187577775862 0.809063081473876 0.763687818180045 0.724700530400523 0.691565288947352 0.661132449187865 0.606138252617232 0.549471870243776 0.505654165886499 0.477980353421493 0.459099582624761 0.4213402417287 0.3747460192631 0.343172854662203 0.339288756228223 0.344072091489863 0.31112581876436 0.293618398766027 0.327980534182453
-9999 -9999 -9999 -9999 -9999 -9999 -9999 -9999 -9999 -9999 -9999 -9999 -9999 -9999 -9999 -9999 -9999 -9999 -9999 -9999 -9999 -9999 -9999 -9999 -9999 -9999 -9999 -9999 -9999 1.28860019701616 1.44841276630954 1.40172398690614 0.981050352711671 0.918918272410641 0.91845004996149 1.03751190084604 1.0921539845861 1.0992409196333 1.14953724939166 1.1539848497346 1.02011620745586 0.965977702534175 0.934321919937419 0.889856597230808 0.843627008451718 0.791685396450771 0.753198657971774 0.72120005285279 0.681545203932417 0.643867328649545 0.590757654292492 0.54134524970057 0.504666954094398 0.478558916621156 0.452178025912818 0.413021710819257 0.357595462764163 0.327684921124311 0.335436396377844 0.33485808090249 0.307238939268965 0.305386562212923 0.282134709598469
-9999 -9999 -9999 -9999 -9999 -9999 -9999 -9999 -9999 -9999 -9999 -9999 -9999 -9999 -9999 -9999 -9999 -9999 -9999 -9999 -9999 -9999 -9999 -9999 -9999 -9999 -9999 -9999 -9999 1.4071775943946 1.51043684592941 1.26662936278375 0.939126706440513 0.943867926070662 0.922051841901627 1.02058998446338 1.07614362545457 1.16282169517454 1.17389513108358 1.04827661096062 0.8992574897482 0.916432604926248 0.914061301071101 0.873613262148957 0.824369951099139 0.774779369202621 0.735574949490371 0.702657505498939 0.663873282058508 0.61969253544083 0.570393555296459 0.534258390042778 0.505828914262299 0.482684410616662 0.451553140820495 0.417621231415678 0.381090729090324 0.347349440942844 0.349192997167581 0.319675149136189 0.290019980040669 0.282668815732525 0.250344930691885
-9999 -9999 -9999 -9999 -9999 -9999 -9999 -9999 -9999 -9999 -9999 -9999 -9999 -9999 -9999 -9999 -9999 -9999 -9999 -9999 -9999 -9999 -9999 -9999 -9999 -9999 -9999 -9999 -9999 1.40704164396042 1.53797405001996 1.12105826819412 0.918759547764905 0.93734886566085 0.986758086717398 1.13829615296554 1.12485694798823 1.18181909395609 1.08819139794465 0.809107825069561 0.721912840008407 0.854381642888839 0.88612431646669 0.855670041145717 0.80734421916851 0.758000558811859 0.71777597850855 0.685799043993002 0.652503469133667 0.613789556085471 0.565864782238067 0.533167618503038 0.509850197791014 0.486612935946168 0.449454594667711 0.417976890859496 0.401352129435677 0.35433148598713 0.319061360005698 0.289535294853988 0.276564208896662 0.249315721202692 0.229189586070048
-9999 -9999 -9999 -9999 -9999 -9999 -9999 -9999 -9999 -9999 -9999 -9999 -9999 -9999 -9999 -9999 -9999 -9999 -9999 -9999 -9999 -9999 -9999 -9999 -9999 -9999 -9999 -9999 1.32823413295478 1.4113149621876 1.47120332383828 1.03446059170044 0.908202221230355 0.923854798001406 1.08788878828146 1.18913746247772 1.17116278882783 1.0320578432194 0.94989858950237 0.854389555039526 0.74917920125654 0.829003621503984 0.864166678880302 0.831461148726682 0.780446435519356 0.735611443381232 0.698971078869725 0.669070088024139 0.640879952150188 0.611318022013209 0.565418567743001 0.52785202314811 0.499478846080385 0.470319382423843 0.442207192513881 0.414360869056523 0.377418001237022 0.332485334962029 0.295434936998814 0.276678397946939 0.259386580437348 0.230520698788213 0.210696133207751
-9999 -9999 -9999 -9999 -9999 -9999 -9999 -9999 -9999 -9999 -9999 -9999 -9999 -9999 -9999 -9999 -9999 -9999 -9999 -9999 -9999 -9999 -9999 -9999 -9999 -9999 -9999 -9999 1.37811303436119 1.33637823171702 1.26387564763035 0.959615484065396 0.902565480264522 0.979333470146931 1.17491221387665 1.11152009707017 1.1612027825357 0.985106295277373 0.958865882574787 0.924342864553971 0.848809817282783 0.840951810466556 0.833960202564001 0.798599945863197 0.748019240688811 0.708163245594008 0.67637682951429 0.646840594892333 0.618717571903147 0.587057516102091 0.55106946697211 0.517512030559246 0.485128897294179 0.455166988252063 0.433132296775852 0.414345263341001 0.371419078340205 0.331743977189911 0.299256490948013 0.270654990900482 0.237693640822582 0.205022193939621 0.192571953149294
-9999 -9999 -9999 -9999 -9999 -9999 -9999 -9999 -9999 -9999 -9999 -9999 -9999 -9999 -9999 -9999 -9999 -9999 -9999 -9999 -9999 -9999 -9999 -9999 -9999 -9999 -9999 -9999 1.28718522981325 1.23247940904849 1.11034825255621 0.835732555809398 0.818360768513716 0.995947510434537 1.23316248296684 1.00343158345845 1.05468413546887 1.00711227008451 0.942170482644126 0.902989271201192 0.872391030814135 0.836993979152476 0.803832585786298 0.768165162334739 0.725294075438337 0.68789495472825 0.657872771791186 0.625370705202758 0.594869249664046 0.561886551034178 0.533567554735277 0.512971367665721 0.474690544648119 0.447136032788957 0.428573114159201 0.408044607007671 0.371075235331913 0.334335808117242 0.303135407594217 0.266343287201727 0.224793949019901 0.189182326922394 0.174302077988727
-9999 -9999 -9999 -9999 -9999 -9999 -9999 -9999 -9999 -9999 -9999 -9999 -9999 -9999 -9999 -9999 -9999 -9999 -9999 -9999 -9999 -9999 -9999 -9999 -9999 -9999 -9999 -9999 1.24673433342814 1.21985221116343 0.9028557755004 0.747190472419409 0.731619165363819 0.950090660918714 1.11383007631928 0.967034060476195 1.01834078399787 0.955021096287174 0.886802410891237 0.883667221639853 0.876920827413266 0.836765729562342 0.788097440350605 0.750066707795116 0.710465338497444 0.67533212679675 0.64552345368081 0.610901014807643 0.57546164301081 0.540078801971966 0.513711625584893 0.517046102805433 0.478695996122677 0.454976594825447 0.44278810466475 0.416179248381127 0.374203781100796 0.339251449546074 0.297096646887419 0.253839266309373 0.210587717833381 0.171812813095521 0.15007521516138
-9999 -9999 -9999 -9999 -9999 -9999 -9999 -9999 -9999 -9999 -9999 -9999 -9999 -9999 -9999 -9999 -9999 -9999 -9999 -9999 -9999 -9999 -9999 -9999 -9999 -9999 -9999 -9999 1.18059302877063 1.22791088669228 0.843281840524876 0.69759845176196 0.696942690213569 0.907113629557353 1.00933286153061 1.00305810276522 0.96512411643253 0.903842491630592 0.870463974762928 0.86951929246263 0.852300726060362 0.813671462948792 0.768220640884308 0.73028470465713 0.697961335132038 0.665966678976526 0.636766309938781 0.598303848944008 0.561547328300862 0.528567532091401 0.504751482287986 0.505387271318822 0.486994232601432 0.468513991191112 0.476790226782932 0.450488254017468 0.392598613640521 0.357051683389418 0.286419349071295 0.236140940056078 0.198118845370235 0.158551720436007 0.129740641869779
-9999 -9999 -9999 -9999 -9999 -9999 -9999 -9999 -9999 -9999 -9999 -9999 -9999 -9999 -9999 -9999 -9999 -9999 -9999 -9999 -9999 -9999 -9999 -9999 -9999 -9999 -9999 1.24665990243047 1.22629336470836 1.1856097232931 0.830595776541256 0.669285902458335 0.686849751129553 0.87667340236712 0.93576835885857 0.987026293119986 0.975069772886584 0.914674502638309 0.883087849951337 0.865737030065012 0.829806802013309 0.785655808260565 0.736016844655708 0.712813396570159 0.68398764486389 0.652215909101991 0.621182047186146 0.584329284744604 0.55196142699779 0.52274348239562 0.497688867287105 0.488445355294763 0.477127569766044 0.461258202447502 0.457942703492866 0.429906181254063 0.390262504238684 0.341093699845051 0.27427938244896 0.22307647358081 0.19092404854279 0.157331256058624 0.124196708190422
-9999 -9999 -9999 -9999 -9999 -9999 -9999 -9999 -9999 -9999 -9999 -9999 -9999 -9999 -9999 -9999 -9999 -9999 -9999 -9999 -9999 -9999 -9999 -9999 -9999 -9999 -9999 1.22131688533849 1.20042433681531 1.08197648384646 0.794112392262038 0.610686229639226 0.466093942014874 0.711768893400462 0.875991992272809 0.956138367990869 0.976810211362849 0.950894128792081 0.926235618312107 0.874000272293994 0.81179838163192 0.75028520150507 0.70613631802595 0.703295456457065 0.673462771950026 0.634746131583095 0.598802558521941 0.567170201518957 0.546213205840173 0.524397414316341 0.492828609152725 0.460934572735177 0.456541006645731 0.438325409444008 0.42798895672484 0.407011681168938 0.369584649994875 0.323208866667168 0.275042137983244 0.237896232383059 0.219592075718044 0.177238946998192 0.128758223511776
-9999 -9999 -9999 -9999 -9999 -9999 -9999 -9999 -9999 -9999 -9999 -9999 -9999 -9999 -9999 -9999 -9999 -9999 -9999 -9999 -9999 -9999 -9999 -9999 -9999 -9999 -9999 1.1092759476408 1.12159069654897 0.976740014809741 0.8172149575864 0.604940339201182 0.381045230193606 0.629318400191058 0.840277893928615 0.874734349625894 0.946150454685158 0.929485312609414 0.901984220249632 0.845686446735801 0.778661154790358 0.713991464724002 0.699342624383772 0.705351856306712 0.660677711371962 0.612764983208614 0.573583278870189 0.54808406625023 0.536119217390957 0.526717821977323 0.519073641186239 0.481068936126732 0.442849164186169 0.405722970858715 0.388434561363112 0.377997719952581 0.339796210978425 0.300727383876739 0.264269236455887 0.2511754598134 0.239782188565372 0.191538397680656 0.146326136515292
-9999 -9999 -9999 -9999 -9999 -9999 -9999 -9999 -9999 -9999 -9999 -9999 -9999 -9999 -9999 -9999 -9999 -9999 -9999 -9999 -9999 -9999 -9999 -9999 -9999 -9999 -9999 1.05720820048324 1.07484409482631 0.983657343025572 0.847838668542946 0.585938930178584 0.357215569156564 0.564937909400233 0.783292965992911 0.869274836673489 0.903134942969132 0.890704978558516 0.855971867964375 0.810554003304958 0.762130640406029 0.696671513091347 0.698678318137932 0.699212089009612 0.642594491235912 0.59542090392985 0.560401253982957 0.536354214634891 0.524148586501467 0.51566141295786 0.51494341882793 0.483538021906416 0.437942972482326 0.388820974910623 0.357765277878909 0.333761300475344 0.308954181096304 0.278774019576852 0.244662239439908 0.223034712688277 0.208690966093699 0.181707535553222 0.156237957517677
-9999 -9999 -9999 -9999 -9999 -9999 -9999 -9999 -9999 -9999 -9999 -9999 -9999 -9999 -9999 -9999 -9999 -9999 -9999 -9999 -9999 -9999 -9999 -9999 -9999 -9999 -9999 1.08255145968343 1.08085473387951 1.02108863106755 0.900508741449714 0.700348149570629 0.339912548872626 0.552378077423237 0.741868626430614 0.826150703384366 0.848829271262008 0.844102083627816 0.816839371778598 0.772765412958456 0.74043891618062 0.683841527271025 0.6847548760503 0.664781531918002 0.607312714763766 0.577927277630515 0.555055006275895 0.526780051470362 0.514462754791958 0.50146261698051 0.483762753713878 0.455446473873009 0.420021642859176 0.380914714882644 0.348635562854828 0.308293227816699 0.286306512703059 0.267435910081866 0.232834423806521 0.203942353362444 0.182734396953209 0.164822912415933 0.142134505069541
-9999 -9999 -9999 -9999 -9999 -9999 -9999 -9999 -9999 -9999 -9999 -9999 -9999 -9999 -9999 -9999 -9999 -9999 -9999 -9999 -9999 -9999 -9999 -9999 -9999 -9999 -9999 1.10820192762158 1.11386690854899 1.06833430771673 0.922785568401304 0.784649964170082 0.352841955705105 0.579287694829615 0.756899068774822 0.780321101207772 0.786863050689733 0.800333316986002 0.767306487321107 0.733021266212394 0.701668823415543 0.668563618896502 0.660020650809787 0.633379994718316 0.57928770345781 0.545343535173959 0.531789868849743 0.508792072943609 0.491710666796689 0.473450046053429 0.440257164556237 0.424240253415662 0.408915478901586 0.368988299427793 0.331135191271578 0.286434199645141 0.264249247025621 0.254124045554196 0.210576330319495 0.182699226616508 0.163550703866222 0.150006295031381 0.138155629608731
-9999 -9999 -9999 -9999 -9999 -9999 -9999 -9999 -9999 -9999 -9999 -9999 -9999 -9999 -9999 -9999 -9999 -9999 -9999 -9999 -9999 -9999 -9999 -9999 -9999 -9999 -9999 1.07708082842076 1.09599510589457 1.04775285321091 0.901844176942029 0.747267862323729 0.362240808364564 0.593386341004009 0.734740909507965 0.708596775867044 0.715525878185078 0.74537897021366 0.73621610405933 0.698511967375235 0.663617963030674 0.648967459802545 0.642997381268862 0.616303932113806 0.571044462930972 0.522771161424861 0.494184724207707 0.47723179873059 0.454330619946409 0.430474570191431 0.404641034346142 0.387277403795131 0.382309300432011 0.330020211472123 0.293690938773127 0.264205419464011 0.234317278510909 0.210762884527818 0.173031670383689 0.151412063940582 0.143090016043258 0.139293108224696 0.138985968018708
-9999 -9999 -9999 -9999 -9999 -9999 -9999 -9999 -9999 -9999 -9999 -9999 -9999 -9999 -9999 -9999 -9999 -9999 -9999 -9999 -9999 -9999 -9999 -9999 -9999 -9999 -9999 1.04526563068516 1.08994549796231 1.05903528124297 0.922832193792412 0.727008790541494 0.374676392165769 0.500060239037399 0.630832158727208 0.642817000214259 0.665154409132047 0.691299243655588 0.688230852100893 0.649870700342222 0.626607042709477 0.620220899538425 0.618970303763645 0.610472519678396 0.576706818050074 0.515022500540378 0.471578386333997 0.456171994367088 0.440218189880308 0.411235812294083 0.365411773255926 0.339908016248686 0.321849285365791 0.295371464171509 0.269482261445475 0.242457252458108 0.209959674092419 0.182173652981728 0.156817205387284 0.140487695679011 0.135200201546661 0.131387389923429 0.124444194359226
-9999 -9999 -9999 -9999 -9999 -9999 -9999 -9999 -9999 -9999 -9999 -9999 -9999 -9999 -9999 -9999 -9999 -9999 -9999 -9999 -9999 -9999 -9999 -9999 -9999 -9999 -9999 1.01983119022897 1.0692084800515 1.02353550810416 0.889127523994959 0.723315646622571 0.365630002704814 0.330927801938084 0.54415402548193 0.594835862119151 0.631902063676765 0.658188056287858 0.648515481385281 0.619833953001943 0.596906995507455 0.589729617938221 0.590314847075001 0.595334366735399 0.573030886940702 0.508043883050825 0.466694569411191 0.454069611448637 0.44842617994898 0.414888042347461 0.352493968072411 0.317193222941818 0.30268872113572 0.286331875457372 0.274363559466033 0.246268096257028 0.204176587205333 0.179935549225091 0.162752368998962 0.144351691736947 0.136470993228931 0.128039021890422 0.126309794836857
-9999 -9999 -9999 -9999 -9999 -9999 -9999 -9999 -9999 -9999 -9999 -9999 -9999 -9999 -9999 -9999 -9999 -9999 -9999 -9999 -9999 -9999 -9999 -9999 -9999 -9999 0.988591306788733 1.01538635833214 1.02857157579899 0.939759882895022 0.832496836066098 0.686671995274111 0.335725492985701 0.257168334486461 0.460867161109742 0.534463832648972 0.595532837081101 0.634630600418938 0.624372159222593 0.595599131508283 0.576492678823297 0.560027360868052 0.561727595148829 0.561656569279904 0.532505159176049 0.487755758600027 0.45608133840806 0.449042225573256 0.45483061469955 0.431492465870355 0.363091217500731 0.316575692991289 0.302887227645211 0.292730536136196 0.265067046154262 0.240758517312456 0.20499633269632 0.189741439337054 0.172931181606258 0.142638171679244 0.124946059441749 0.12495431562222 0.132763488936055
-9999 -9999 -9999 -9999 -9999 -9999 -9999 -9999 -9999 -9999 -9999 -9999 -9999 -9999 -9999 -9999 -9999 -9999 -9999 -9999 -9999 -9999 -9999 -9999 -9999 0.970745902056525 0.993812722290764 0.98957153346864 0.948124417016535 0.879279620724684 0.798704801840851 0.599018871088047 0.254201768886864 0.227760492065427 0.391899473506314 0.489901805563152 0.554350385524122 0.586893988703119 0.585664682378992 0.568713273241532 0.563628798976922 0.550279843530281 0.548809371864116 0.547848501677916 0.52551619464115 0.481841420175619 0.44544141602085 0.43819813103359 0.447568913521703 0.428492580541935 0.372547842849895 0.325293322450401 0.305709100032159 0.288630782646935 0.259063481389395 0.236399273345697 0.230430027954865 -9999 -9999 -9999 -9999 -9999 -9999
-9999 -9999 -9999 -9999 -9999 -9999 -9999 -9999 -9999 -9999 -9999 -9999 -9999 -9999 -9999 -9999 -9999 -9999 -9999 -9999 -9999 -9999 -9999 -9999 -9999 0.921872441855108 0.940290701899496 0.924320752257581 0.880264855586081 0.838736861746073 0.750395669506748 0.546316293221623 0.231598566558473 0.185550029849908 0.361302440534393 0.471450323200334 0.529384694943824 0.551929015767535 0.560172810235335 0.561375021717242 0.561755932127859 0.554133138716114 0.55291140881046 0.565300970899788 0.544810205578408 0.499478909999864 0.463639595888415 0.452283581271065 0.447977806335146 0.428735848368828 0.386470597197483 0.34815341027837 0.32531239919394 0.295994745495739 0.258775966664151 0.22897484090588 0.223521109591614 -9999 -9999 -9999 -9999 -9999 -9999
