2050_A2_CS/TMAX.asc
NCOLS 720 
NROWS 360 
XLLCORNER -180 
YLLCORNER -90 
CELLSIZE 0.5 
NODATA_value -9999 
[rows 224 to 251 of 360, columns 630 to 692 of 720]
40.6465622190263 41.0557813053641 41.4868751766689 41.9387496116357 42.197969258018 42.3746874931165 42.4253121615793 42.3315619826805 41.8865631221041 41.7384375928999 41.6884379982115 41.6879687903746 41.6842182873492 41.78125041705 41.8082816599911 41.7885935307973 41.4981256127703 41.0954686403597 40.9245310425813 40.5265622137073 40.0378125309173 39.2995316383352 38.9718749523131 38.58515638112 37.7631247042665 36.6549999116624 35.8609375353805 35.0078119627323 33.5443751802186 33.2298434370768 32.5797920823191 31.9366664886475 -9999 -9999 -9999 -9999 -9999 -9999 -9999 -9999 -9999 -9999 -9999 -9999 -9999 -9999 -9999 -9999 -9999 -9999 -9999 -9999 -9999 -9999 -9999 -9999 -9999 -9999 -9999 -9999 -9999 -9999 30.109375476837
40.2842186691848 40.7918748258697 41.3181250691853 41.6448438765964 41.8529694084267 41.9326560501998 42.1248439554094 42.2434372902905 42.0478128789836 41.8687502144418 41.8524994252198 41.8140614032196 41.8060933946708 41.9551560877663 41.8378126025592 41.4960936311382 41.2473438982046 41.1526560186061 40.9418743848455 40.6409371495231 40.1423437594387 39.3407815100935 38.8753125669219 38.5659371018833 37.9173434971123 37.2282811394905 36.4140624994556 35.871719121311 34.7304691662245 33.8632816667658 32.8944796616439 31.905416697316 -9999 -9999 -9999 -9999 -9999 -9999 -9999 -9999 -9999 -9999 -9999 -9999 -9999 -9999 -9999 -9999 -9999 -9999 -9999 -9999 -9999 -9999 -9999 -9999 -9999 -9999 -9999 -9999 -9999 -9999 -9999
39.7907812591387 40.7812500596641 41.2523432971369 41.5748440624793 41.7778126001436 41.8935935497104 41.9245315193684 42.0740630626819 42.0098440648823 41.9681251645307 41.8893747330338 41.8251565693675 41.952812373524 41.9054692388996 41.6399996281296 41.3409368991774 41.2443751691833 41.2584379911188 41.052031517028 40.6067184807692 40.0796875359301 39.3624998925833 38.8614062664726 38.7934374809844 38.0070306661615 38.1120312806432 37.6240621797103 36.8679694527536 35.9103133670348 34.8837500798358 33.8853121987274 32.8284369097216 -9999 -9999 -9999 -9999 -9999 -9999 -9999 -9999 -9999 -9999 -9999 -9999 -9999 -9999 -9999 -9999 -9999 -9999 -9999 -9999 -9999 -9999 -9999 -9999 -9999 -9999 -9999 -9999 -9999 -9999 -9999
40.2389061447472 40.7864059805192 41.1576559543867 41.4534365535297 41.7023440004573 41.8659374714537 41.9648435115588 42.0370314121722 41.8490629793196 41.928281128451 41.8396882415021 41.9132814407013 41.9504693747744 41.695000231475 41.5054687859242 41.3315622210737 41.3784376977579 41.26031267645 40.8799998167047 40.4923430085268 40.0464065073805 39.4135936499071 38.8890627028258 38.6129689815086 38.1645312303782 38.5184376236516 38.2343748805816 37.2490621804645 36.0893749599774 36.0950002662363 34.782030999031 33.8798435326702 33.2826564307044 -9999 -9999 -9999 -9999 -9999 -9999 -9999 -9999 -9999 -9999 -9999 -9999 -9999 -9999 -9999 -9999 -9999 -9999 -9999 -9999 -9999 -9999 -9999 -9999 -9999 -9999 -9999 -9999 -9999 -9999
40.6609379051451 40.853594183879 41.0923438073084 41.3389056922211 41.569999933361 41.7392188908295 41.8329688907735 41.8934371472634 41.8381250501799 41.8114063145433 41.7320312858647 41.848281443165 41.7785933615807 41.4753124117711 41.4343750477802 41.3003119826581 41.3649995924567 41.1189054848125 40.8348440527986 40.5067185165434 40.150000154972 39.4984377621437 38.5657814740193 38.2432814241381 38.404687225618 38.3789054758886 38.0848438742802 37.6864056585251 36.9290621869172 36.9810931081819 35.7750002737644 34.1146876813552 33.4993749862611 32.7057813999104 -9999 -9999 -9999 -9999 -9999 -9999 -9999 -9999 -9999 -9999 -9999 -9999 -9999 -9999 -9999 -9999 -9999 -9999 -9999 -9999 -9999 -9999 -9999 -9999 -9999 -9999 -9999 -9999 -9999
40.7589064836541 40.9360933898941 41.0707811712699 41.223125636649 41.4007815124225 41.550312519224 41.6726561190288 41.7078129054962 41.6501560213175 41.664218664243 41.6884375214282 41.7174997927465 41.5770312548994 41.4354681969488 41.24171894811 41.3157813548522 41.2084374428865 40.9975001216586 40.5437498097398 40.0328124171445 39.9704693558802 39.3920314910951 38.6923436521328 37.9324997667717 37.8937501917803 36.7078116556321 37.2228122960848 37.7384371162562 37.418906688632 37.2135936022666 36.1795313951816 34.4503128521474 33.6756249061604 33.0962504144946 32.2017185092833 -9999 30.7049999237061 -9999 -9999 -9999 -9999 -9999 -9999 -9999 -9999 -9999 -9999 -9999 -9999 -9999 -9999 -9999 -9999 -9999 -9999 -9999 -9999 -9999 -9999 -9999 -9999 -9999 -9999
40.7965628504707 41.0299999713155 41.1410937309118 41.2268754243913 41.35140639545 41.4039065242146 41.4757812024547 41.3984377386521 41.3224998118566 41.4110938908534 41.5621882082996 41.5935940148527 41.4679683448253 41.2415623665459 41.3551566004529 41.3490628004894 41.2198435666505 40.8448435668268 40.2829686998586 39.8573437927026 39.5406246782679 39.0423433782163 38.7057807445611 38.0218753811418 37.5112501975842 36.8325002185407 36.9167188995765 37.2120310071185 36.8448436851854 36.9704683417791 36.4560942052347 35.4159373039693 34.9437503208317 33.917656420584 32.8443747455644 31.8745308814971 30.4446869490907 -9999 -9999 -9999 -9999 -9999 -9999 -9999 -9999 -9999 -9999 -9999 -9999 -9999 -9999 -9999 -9999 -9999 -9999 -9999 -9999 -9999 -9999 -9999 -9999 -9999 -9999
40.748281300152 41.0393746495833 41.1631248593115 41.2081251740702 41.3134375811101 41.3589060306958 41.3473439813393 41.2123442888993 41.1260941625806 41.1429686548878 41.2471879723912 41.2350003723155 41.1412504319387 41.1932808160975 41.2642188073924 41.1835939290044 41.0121873022221 40.6287496089411 40.2909377217894 39.9806252718064 39.3545314075298 38.9462494850251 38.672031223821 38.2510933875536 37.5979683400797 37.6659373039276 37.2654690146963 37.3287496561806 37.5090627067717 37.4898432489901 36.6421874759961 35.9015619752061 35.560625135914 34.5471875071911 33.352499842326 32.1520313319436 30.6303122638777 -9999 -9999 -9999 -9999 -9999 -9999 -9999 -9999 -9999 -9999 -9999 -9999 -9999 -9999 -9999 -9999 -9999 -9999 -9999 -9999 -9999 -9999 -9999 -9999 -9999 -9999
40.5601571798809 40.8873441220045 41.1353123784604 41.1746870279574 41.2310932875364 41.275625825036 41.2264059186989 41.1284375191212 41.0443754196782 40.9960938693516 40.9321877361221 40.7451564076354 40.8660930993426 41.0681247714012 40.9904692174058 40.754687488339 40.8767183425449 40.6545307637422 40.3373437524065 39.9154683947694 39.2971875070587 38.9475000501448 38.5582811236435 38.1317190526724 37.7346873280233 37.8935933705461 37.6734372369259 37.7967187161331 37.7235932945843 37.3945314886454 36.7632818220623 35.895156263969 35.0607807041098 34.1682813769855 33.2268743524489 32.1360937960693 30.7859374283683 -9999 -9999 -9999 -9999 -9999 -9999 -9999 -9999 -9999 -9999 -9999 -9999 -9999 -9999 -9999 -9999 -9999 -9999 -9999 -9999 -9999 -9999 -9999 -9999 -9999 -9999
40.5123441219629 40.7987502218029 41.0621876717273 41.1310934424853 41.1424995661549 41.1490622163816 41.0815628768379 41.0046873690247 40.9103127123505 40.8465623260572 40.8267184496777 40.6832810638564 40.5923439862575 40.6987500790002 40.7598437669615 40.5353122950597 40.5710942151762 40.386875987375 40.3068749308862 39.8793749809725 39.4279687999475 39.0023442505126 38.6548435090339 38.3210944531438 38.2685939067972 38.3206246491934 38.3348435160791 38.3343753810771 38.1046879881707 37.6265624159477 37.0773439999675 36.3371871705943 34.9740623832284 33.4599997406605 32.9953119153084 31.565624594854 30.7103120090648 -9999 -9999 -9999 -9999 -9999 -9999 -9999 -9999 -9999 -9999 -9999 -9999 -9999 -9999 -9999 -9999 -9999 -9999 -9999 -9999 -9999 -9999 -9999 -9999 -9999 -9999
40.303124666422 40.4971873168321 40.7826563123154 40.9495315554105 40.9626560809147 40.9401561024183 40.8856244685682 40.7014058831435 40.536875605834 40.576718747901 40.5517186525489 40.4378122095835 40.2903121710451 40.4318752289858 40.4396870734311 40.3543747663896 40.3189061286749 40.1585931778573 40.232031822369 39.8153129222226 39.4575001001572 39.0960940719209 38.921717822424 38.817187130156 38.79296910728 38.7414065000145 38.6865625379558 38.6528128385009 38.2939063910057 37.8574997189475 37.225156009175 36.3035936951828 35.3671875596673 33.3965625166418 33.0968742959709 32.2245312320405 30.6309371586224 29.441874384718 -9999 -9999 -9999 -9999 -9999 -9999 -9999 -9999 -9999 -9999 -9999 -9999 -9999 -9999 -9999 -9999 -9999 -9999 -9999 -9999 -9999 -9999 -9999 -9999 -9999
40.1264066100921 40.3176561592797 40.4742190839622 40.6649997832678 40.7475000025428 40.6659377815428 40.5715621116476 40.314218461836 40.214374840534 40.2021879557043 40.1443749669843 40.0656253100966 39.9964064363821 40.171719193778 40.2334380747245 40.1706246736258 39.991718113687 40.0901562572021 40.0112500788733 39.6915627717773 39.4237495065071 39.0581248998703 39.0342184304635 39.1124995945024 39.1707813141054 39.0896870491464 38.8421866297096 38.6185933948653 38.1968749759782 37.8096873758195 37.2481243014183 36.3181248306801 35.1871870162405 33.5118753312615 32.7331250024762 33.1924995180864 31.163906395006 30.2603123781244 -9999 -9999 -9999 -9999 -9999 -9999 -9999 -9999 -9999 -9999 -9999 -9999 -9999 -9999 -9999 -9999 -9999 -9999 -9999 -9999 -9999 -9999 -9999 -9999 -9999
39.8373441701406 39.9512504345665 40.1879692084639 40.4021879438189 40.424218654904 40.3740625980116 40.1765620711126 39.8746878506228 39.866562545669 39.7690624598566 39.690312743526 39.6218754652508 39.4981255534991 39.6842188243576 39.6351569300062 39.7270308137601 39.8074997666478 39.6631252174961 39.6451561453809 39.6057807805184 39.4035941363666 39.0534371136965 39.1218753456157 39.2756247519078 39.3720313310403 39.2487502097658 38.9617182015285 38.685155987681 38.2376557587687 37.7764064669541 37.2390624286523 36.4262495635298 35.141562878868 32.9942186195335 31.7023436729283 32.0135937337981 30.3334374424952 30.4576559365716 -9999 -9999 -9999 -9999 -9999 -9999 -9999 -9999 -9999 -9999 -9999 -9999 -9999 -9999 -9999 -9999 -9999 -9999 -9999 -9999 -9999 -9999 -9999 -9999 -9999
39.3099998835054 39.3803116681997 39.54343760048 39.9235938791607 40.0857816341306 40.0426567199613 39.8362496498097 39.5484377149573 39.4118751887176 39.2862499956258 39.2365623716497 39.1442185644724 39.0096877817569 39.035468638546 39.2774995566082 39.5099995139111 39.4925000669694 39.204687953203 39.2673435810495 39.320781231185 39.1739063861419 39.0853124857085 39.1692190170432 39.3046875596941 39.3499994874577 39.250625431577 39.044687509511 38.7582810520527 38.3135939240114 37.6596874596644 36.9676568510763 36.3728120925544 35.1082816722713 31.3578124650331 30.638750167008 32.3224994530359 31.2521872210399 30.2607810795451 -9999 -9999 -9999 -9999 -9999 -9999 -9999 -9999 -9999 -9999 -9999 -9999 -9999 -9999 -9999 -9999 -9999 -9999 -9999 -9999 -9999 -9999 -9999 -9999 -9999
38.6962503200554 38.9062497621015 39.1859378223625 39.44656217138 39.6259375218613 39.6690620785207 39.3964061145965 38.9140630372113 38.7923440344264 38.7773444061326 38.7042181495972 38.5401563649481 38.3904682998583 38.3374994998108 38.7560935025927 39.067812681626 39.0334372525088 38.7850001459403 38.7456251982019 38.8979689482903 38.8712496164364 38.8951566818211 39.0057813527702 39.1689063312853 39.2184370759128 39.0046877267955 38.774843693122 38.5840622785927 38.0693748596505 37.2631244662689 36.3851559761081 35.089062513274 33.6123444754394 30.6048438566707 29.8062500365401 32.0084376933473 30.6535938984975 -9999 -9999 -9999 -9999 -9999 -9999 -9999 -9999 -9999 -9999 -9999 -9999 -9999 -9999 -9999 -9999 -9999 -9999 -9999 -9999 -9999 -9999 -9999 -9999 -9999 -9999
38.0465627913425 38.270624518898 38.5475000148357 38.6914064296317 38.8815617569285 38.6814062010001 38.5235934862651 38.0482810145904 37.7460940489993 38.0095318563377 38.1618747715794 37.9654687647234 37.8190624718405 37.8335941437125 38.2582806947387 38.4771873956189 38.3537504679305 38.2712498310454 38.4362502695969 38.4310941699657 38.4615623954652 38.5318748953973 38.71468746684 38.8764064314461 38.8176560405391 38.5434373621619 38.3309373859314 38.1303122643741 37.7360935809421 37.0043753386448 35.7715620405501 34.074687540813 31.4317188279663 28.6632810844674 29.680156081343 31.4309376187182 30.1846871974029 -9999 -9999 -9999 -9999 -9999 -9999 -9999 -9999 -9999 -9999 -9999 -9999 -9999 -9999 -9999 -9999 -9999 -9999 -9999 -9999 -9999 -9999 -9999 -9999 -9999 -9999
37.5640624765715 37.6775000696314 37.8993749624452 37.892344356119 38.0371877557497 37.9017192127432 37.582656622293 36.8256251230785 36.1398443581365 37.4425001144319 37.6268750433663 37.4506251219813 37.4106249216255 37.4757813219667 37.6832816012291 37.8595309857755 37.9121875765059 38.1465629338722 38.2896870375837 38.2198435666078 38.201874792666 38.2534379366622 38.2059380417077 38.2321877486963 38.2095314270152 38.0131248836499 37.7631251221406 37.5320311790689 37.301562786711 36.7850000861373 34.0731248251578 32.7887501124956 30.323125153882 27.2607812269693 27.7192187316728 28.8770313545474 29.7928125256263 -9999 -9999 -9999 -9999 -9999 -9999 -9999 -9999 -9999 -9999 -9999 -9999 -9999 -9999 -9999 -9999 -9999 -9999 -9999 -9999 -9999 -9999 -9999 -9999 -9999 -9999
36.9068751341529 37.0217192774648 37.1221871978603 37.1699997192865 37.2332816130415 37.552031219354 37.0665629510771 35.3828126796397 36.3925002211569 37.2606247070449 37.0671876077335 36.9457813505562 36.8331249362474 36.7956251508512 36.8474997287873 37.2782810931541 37.7246877551963 38.0237499477937 38.0998440386746 38.0131246448972 37.8207811718412 37.669843972307 37.6003131275129 37.4423433547489 37.4243748194733 37.3924998050153 37.024375379721 36.6442192801158 36.1756250870236 35.957187236373 35.1742186536665 33.1107810428154 29.5646872829574 28.1307813824999 29.0410937638321 30.2621874802566 29.7756246334559 -9999 -9999 -9999 -9999 -9999 -9999 -9999 -9999 -9999 -9999 -9999 -9999 -9999 -9999 -9999 -9999 -9999 -9999 -9999 -9999 -9999 -9999 -9999 -9999 -9999 -9999
35.854061783312 36.2014067775768 36.3601561789937 36.3315624001885 36.4734374885139 36.8226564532767 36.6501564985462 35.3474998478036 36.4393749837381 36.6765623694092 36.5462500458943 36.3981248741432 35.9923435455614 35.8934374459244 36.2493746878988 36.711093723963 37.5081253651301 37.7214058640331 37.7596873644077 37.5764063005424 37.0392188432679 36.9637497071576 36.7626560932318 36.6843745713068 36.7312501077875 36.6946876650572 36.3131241803302 35.4632814533902 34.2985935816142 34.5653126254765 34.5570308575859 33.115625501725 29.720156283632 27.1293747407057 28.0312501778965 29.352343738573 -9999 -9999 -9999 -9999 -9999 -9999 -9999 -9999 -9999 -9999 -9999 -9999 -9999 -9999 -9999 -9999 -9999 -9999 -9999 -9999 -9999 -9999 -9999 -9999 -9999 -9999 -9999
34.5715621124669 35.183281720633 35.6551563149757 35.7573432928256 35.7553126819058 35.9400006540506 35.6451565633362 34.6167193062863 35.5937499413132 35.8717187054417 35.7170308239556 35.6800000673949 35.1359376318916 35.2029685381465 35.8687502745598 36.4106255176574 37.0684372786209 37.2282817368872 37.3382815722294 37.034062385948 36.7987498641997 36.4898443225465 36.0918754940062 36.2132806780852 36.2910938861005 36.1898440721206 35.7421879176511 34.789687395434 33.8054692744158 32.5112502294598 32.265312495516 32.0192188329539 29.5139064777679 29.1014064239005 29.6132814272144 29.0992188452773 -9999 -9999 -9999 -9999 -9999 -9999 -9999 -9999 -9999 -9999 -9999 -9999 -9999 -9999 -9999 -9999 -9999 -9999 -9999 -9999 -9999 -9999 -9999 -9999 -9999 -9999 -9999
33.1868746884412 34.1304681311197 34.6939069639583 34.609999419557 34.2160935417255 34.3543751849669 34.0026562822623 33.8765625957552 34.8046870837227 34.6054681549466 34.5937499407846 34.9101558328826 34.8360939618189 35.2729684112235 35.7637493610798 36.2301560047401 36.6367188099441 36.8645313385499 36.9164065720842 36.7546876074562 36.5295313599867 36.0546870234258 35.7335940004531 35.7579688431682 36.0223436955537 36.0200005174129 35.5314060450454 34.4612493515935 33.4001568561885 32.3028131139405 32.5693755161756 33.0010937756705 30.8645314253243 29.8750000586153 29.5017189087808 29.4150003195997 -9999 -9999 -9999 -9999 -9999 -9999 -9999 -9999 -9999 -9999 -9999 -9999 -9999 -9999 -9999 -9999 -9999 -9999 -9999 -9999 -9999 -9999 -9999 -9999 -9999 -9999 -9999
32.1649999925027 33.1099997168892 33.3242181550341 32.9253125204406 32.3256255104812 32.7043747020112 32.5200002502257 32.8875003468831 33.5517188916942 34.1329680678792 34.5426556464937 34.964531361856 35.1825001834075 35.3999999761789 35.6165627839092 35.8579691055214 36.1759374741635 36.4135942462891 36.6164063217811 36.4603130224344 36.1278122666712 35.8146874309756 35.816093206162 35.8517183062089 35.7153126598367 35.7565623525523 35.2384374741515 33.7703123102649 32.1720315529362 30.5557812169883 30.1965623523574 31.3764063735258 31.3398437217373 30.1060938245311 29.2650000156394 -9999 -9999 -9999 -9999 -9999 -9999 -9999 -9999 -9999 -9999 -9999 -9999 -9999 -9999 -9999 -9999 -9999 -9999 -9999 -9999 -9999 -9999 -9999 -9999 -9999 -9999 -9999 -9999
30.4774998745285 31.7267186065562 31.6287497002524 31.1749998643448 30.9696872533298 32.1406253577431 32.3303118644328 31.7570309046054 33.0284371378121 34.1379681231519 34.6090627315481 34.8856249453616 35.1114059687894 35.2871875764461 35.3795315029681 35.5131246450517 35.7045314910856 35.9834374193379 36.1343753342084 35.99703156987 35.7381253842024 35.6935939196412 35.9804688694818 35.8548434977792 35.7459378842187 35.5935939551854 34.8415622704491 33.0303121202808 30.1689065708388 28.9276563238363 28.9873438799649 30.6303126813562 29.6992186609482 29.3837501109296 -9999 -9999 -9999 -9999 -9999 -9999 -9999 -9999 -9999 -9999 -9999 -9999 -9999 -9999 -9999 -9999 -9999 -9999 -9999 -9999 -9999 -9999 -9999 -9999 -9999 -9999 -9999 -9999 -9999
28.1506247238209 29.205780984945 29.6126562072126 30.1165622773098 31.0281250476838 31.8685938124858 32.1948443059092 31.4260936083493 32.5489062672349 33.7203125958313 34.2082815173771 34.6170315744738 34.9187500478634 35.0832813979881 35.062656045214 35.1146869662737 35.3276564481974 35.5446875694315 35.6421874765101 35.5807813408648 35.4367189408608 35.4399999976512 35.4929679041081 35.289999425797 35.224687397935 35.3423437478654 34.77734339314 33.5370312033441 29.8140628329893 27.0821875351617 28.0817187120639 30.5318749844999 29.4189060927299 -9999 -9999 -9999 -9999 -9999 -9999 -9999 -9999 -9999 -9999 -9999 -9999 -9999 -9999 -9999 -9999 -9999 -9999 -9999 -9999 -9999 -9999 -9999 -9999 -9999 -9999 -9999 -9999 -9999 -9999
26.6117190734396 26.911718697763 27.6871878810043 -9999 30.3432296120313 30.6838541241805 31.7153122730634 31.0117187801847 31.3023438762335 32.904530675067 33.6251567011712 34.2504684929403 34.5365629200733 34.6898440128425 34.5835942032427 34.7298436167858 34.9932807091121 35.1798440817549 35.2723433378478 35.3224995734833 35.3514063359621 35.3518746495834 35.3540623784227 35.2621879578415 34.9876558780898 35.1329690222031 34.1943748600787 32.7534379967225 30.5801561179205 28.2021874777392 28.7815625676542 28.9887497438322 29.1800003051758 -9999 -9999 -9999 -9999 -9999 -9999 -9999 -9999 -9999 -9999 -9999 -9999 -9999 -9999 -9999 -9999 -9999 -9999 -9999 -9999 -9999 -9999 -9999 -9999 -9999 -9999 -9999 -9999 -9999 -9999
25.4465628864874 25.3654686222651 -9999 -9999 27.6997917497333 28.8618229544513 31.0473438802301 29.6368750351438 30.2603124683801 31.8203121432196 32.8245310790303 33.5679689652113 33.9464068417443 34.1109376552956 34.2287501099799 34.3440623882463 34.4851557021093 34.6267185812344 34.7928124670591 34.9821871521884 35.1329683067515 35.3204686641598 35.4004683493682 35.256562292507 34.965625286114 34.684844315347 33.8704682586198 32.2860938309825 30.6082809564589 29.2203124455669 28.4585938449773 28.2284374533752 -9999 -9999 -9999 -9999 -9999 -9999 -9999 -9999 -9999 -9999 -9999 -9999 -9999 -9999 -9999 -9999 -9999 -9999 -9999 -9999 -9999 -9999 -9999 -9999 -9999 -9999 -9999 -9999 -9999 -9999 -9999
-9999 -9999 -9999 26.1949996948242 26.2293750075499 27.4087501772295 24.9912501282041 27.4801562741016 29.2603127972167 30.6196878860544 31.7860937722465 32.5932817765061 33.2068746693775 33.5017189985485 33.7142183785056 33.8243745569471 33.7776563768952 33.7987503415136 34.1151559954722 34.4259378318703 34.7523436551003 35.1498429183606 35.4812504056618 34.9346879130989 34.2653126726289 33.9071877017295 32.3096874388037 30.0718747713449 29.8528127685479 28.8229687822093 27.8862496016989 27.7399996519595 -9999 -9999 -9999 -9999 -9999 -9999 -9999 -9999 -9999 -9999 -9999 -9999 -9999 -9999 -9999 -9999 -9999 -9999 -9999 -9999 -9999 -9999 -9999 -9999 -9999 -9999 -9999 -9999 -9999 -9999 -9999
-9999 -9999 -9999 23.4168747663498 23.9418749519012 23.9489059152467 24.0984374888169 26.5475004911423 27.6843748101382 29.2785939286978 30.8893749719951 31.6796875900341 32.1732809551881 32.6495316631953 33.0762501364515 33.1962494855862 33.0843747263628 33.1223435406682 33.3900002246605 33.6867192394383 34.0342188483998 34.4007815129828 34.6529683480088 33.9460934409572 33.2012496001435 32.4170310505875 29.0199999232596 26.3096874376741 27.5868749936573 27.563906253127 27.7187500302039 -9999 -9999 -9999 -9999 -9999 -9999 -9999 -9999 -9999 -9999 -9999 -9999 -9999 -9999 -9999 -9999 -9999 -9999 -9999 -9999 -9999 -9999 -9999 -9999 -9999 -9999 -9999 -9999 -9999 -9999 -9999 -9999
