2050_A2_CS/TMAX.asc
NCOLS 720 
NROWS 360 
XLLCORNER -180 
YLLCORNER -90 
CELLSIZE 0.5 
NODATA_value -9999 
[rows 28 to 55 of 360, columns 441 to 503 of 720]
-9999 -9999 -9999 -9999 -9999 -9999 -9999 -9999 -9999 -9999 -9999 -9999 -9999 -9999 -9999 -9999 -9999 -9999 -9999 -9999 -9999 -9999 -9999 -9999 -9999 -9999 -9999 -9999 -9999 -9999 -9999 -9999 -9999 -9999 -9999 9.1257811636158 9.01515640478701 8.90265633656723 8.74375006963903 7.86812497958355 7.1181249098302 6.58874996487568 6.32109382175072 6.41421868833354 6.6687499086243 7.24578127557797 7.22281256210409 7.43124988675118 7.68625000119209 7.18000012636185 7.58875000476838 7.71000003814697 -9999 -9999 -9999 -9999 -9999 -9999 -9999 -9999 -9999 -9999 -9999
-9999 -9999 -9999 -9999 -9999 -9999 -9999 -9999 -9999 -9999 -9999 -9999 -9999 -9999 -9999 -9999 -9999 -9999 -9999 -9999 -9999 -9999 -9999 -9999 -9999 -9999 -9999 -9999 -9999 -9999 9.73999977111816 9.64125037193299 9.31875002384183 8.62500020861625 8.36953111171609 8.48546882880274 7.94734373805041 7.98296881215129 8.79296877560839 8.67859374239594 9.07281259673398 9.43828118863571 8.95828127005926 8.58875000476836 8.57749992609027 8.99000000953675 -9999 -9999 -9999 -9999 -9999 -9999 -9999 -9999 -9999 -9999 -9999 -9999 -9999 -9999 -9999 -9999 -9999
-9999 -9999 -9999 -9999 -9999 -9999 -9999 -9999 -9999 -9999 -9999 -9999 -9999 -9999 -9999 -9999 -9999 -9999 -9999 -9999 -9999 -9999 -9999 -9999 -9999 -9999 -9999 -9999 -9999 -9999 10.108124991258 9.66828107911729 9.06640633956558 8.09156254606547 7.79484364034947 8.3678123983685 9.39999997328085 10.0854685430287 10.3751561475183 10.6543750166893 -9999 -9999 -9999 -9999 -9999 -9999 -9999 -9999 -9999 -9999 -9999 -9999 -9999 -9999 -9999 -9999 -9999 -9999 -9999 -9999 -9999 -9999 -9999
-9999 -9999 -9999 -9999 -9999 -9999 -9999 -9999 -9999 -9999 -9999 -9999 -9999 -9999 -9999 -9999 -9999 -9999 -9999 -9999 -9999 -9999 -9999 -9999 -9999 -9999 -9999 -9999 10.3099999427795 10.4370312292996 10.2168748723643 9.68093752780032 9.14187498355377 9.37875009068478 9.9707811454166 10.8010937997515 10.6703125830427 11.0637497901916 11.0525002479553 -9999 -9999 -9999 -9999 -9999 -9999 -9999 -9999 -9999 -9999 -9999 -9999 -9999 -9999 -9999 -9999 -9999 -9999 -9999 -9999 -9999 -9999 -9999 -9999
-9999 -9999 -9999 -9999 -9999 -9999 -9999 -9999 -9999 -9999 -9999 -9999 -9999 -9999 -9999 -9999 -9999 -9999 -9999 -9999 -9999 -9999 -9999 -9999 -9999 -9999 10.960000038147 10.642968713611 10.7296875270079 10.5339063566332 10.1349999597343 10.0696875155286 10.2524999509818 10.7845312935029 11.3028122480123 -9999 -9999 -9999 -9999 -9999 -9999 -9999 -9999 -9999 -9999 -9999 -9999 -9999 -9999 -9999 -9999 -9999 -9999 -9999 -9999 -9999 -9999 -9999 -9999 9.1337502002716 8.9350003004074 -9999 -9999
-9999 -9999 -9999 -9999 -9999 -9999 -9999 -9999 -9999 -9999 -9999 -9999 -9999 -9999 -9999 -9999 -9999 -9999 -9999 -9999 -9999 -9999 -9999 -9999 -9999 11.0150001049042 10.5537500977516 10.2585937247906 10.1465625925079 9.88562510961127 10.6145311441927 11.1204688223706 11.7181248497457 11.4825001955032 -9999 -9999 -9999 -9999 -9999 -9999 -9999 -9999 -9999 -9999 -9999 -9999 -9999 -9999 -9999 -9999 -9999 -9999 -9999 -9999 -9999 -9999 -9999 -9999 9.67000007629395 9.35218760315082 9.14218771404436 8.9790624675172 -9999
-9999 -9999 -9999 -9999 -9999 -9999 -9999 -9999 -9999 -9999 -9999 -9999 -9999 -9999 -9999 -9999 -9999 -9999 -9999 -9999 -9999 -9999 -9999 -9999 10.7050001016688 10.4656250174197 10.5232813361084 10.6390624053707 10.5565625270356 11.2192186456318 11.681875069662 12.0499997138977 -9999 -9999 -9999 -9999 -9999 -9999 -9999 -9999 -9999 -9999 -9999 -9999 -9999 -9999 -9999 -9999 -9999 -9999 -9999 -9999 -9999 -9999 -9999 -9999 -9999 10.5143748813961 10.2298438244058 10.0251563482115 9.80296876951178 9.66671863118091 9.65781222229259
-9999 -9999 -9999 -9999 -9999 -9999 -9999 -9999 -9999 -9999 -9999 -9999 -9999 -9999 -9999 -9999 -9999 -9999 -9999 -9999 -9999 -9999 11.8400001525879 11.7608332236608 11.0684894526171 10.580468803811 10.5129688230629 10.7792187769185 11.3590623874617 12.0451563186749 12.3399998741257 -9999 -9999 -9999 -9999 -9999 -9999 -9999 -9999 -9999 -9999 -9999 -9999 -9999 -9999 -9999 -9999 -9999 -9999 -9999 -9999 -9999 -9999 -9999 -9999 -9999 11.2218750708199 11.0614063582617 10.8139062813861 10.617656274844 10.4390625050844 10.307499974126 10.2254686346506
-9999 -9999 -9999 -9999 -9999 -9999 -9999 -9999 -9999 -9999 -9999 -9999 -9999 -9999 -9999 -9999 -9999 -9999 -9999 -9999 -9999 12.3331247864477 12.1606249952575 12.0114582615634 11.7695833127726 11.501562637553 11.5128124926275 11.854843763692 12.3057812145369 12.7871873074446 13.514999851495 -9999 -9999 -9999 -9999 -9999 -9999 -9999 -9999 -9999 -9999 -9999 -9999 -9999 -9999 -9999 -9999 -9999 -9999 -9999 -9999 -9999 -9999 -9999 12.7975001335144 12.3932813999789 11.9535936703855 11.7571874996545 11.4839062533422 11.2770313017178 11.1645312302497 11.1051561526918 11.0667185774821
-9999 -9999 -9999 -9999 -9999 -9999 -9999 -9999 -9999 -9999 -9999 -9999 -9999 -9999 -9999 -9999 -9999 -9999 -9999 -9999 -9999 -9999 12.383749961853 12.5786456463609 12.9208334226783 13.0260938541248 13.0785938040378 13.1153123960667 13.1134375769127 13.2276561702296 13.5818749516389 14.0299999713898 -9999 -9999 -9999 -9999 -9999 -9999 -9999 -9999 -9999 -9999 -9999 -9999 -9999 -9999 -9999 -9999 -9999 -9999 -9999 -9999 13.4566666285197 13.2976562974745 13.0595313452951 12.8370312443241 12.6603125176094 12.4668749264119 12.2160937924723 11.8789063535058 11.7087499194172 11.6934374116279 11.666250094097
-9999 -9999 -9999 -9999 -9999 -9999 -9999 -9999 -9999 -9999 -9999 -9999 -9999 -9999 -9999 -9999 -9999 -9999 -9999 -9999 -9999 -9999 -9999 -9999 -9999 -9999 13.8799996376038 13.8049998283386 13.8800001144409 14.2256248735038 14.3146874894822 14.5496875038064 14.7559374860683 14.799687444536 15.0237497090816 -9999 -9999 -9999 -9999 -9999 -9999 -9999 -9999 -9999 -9999 -9999 -9999 -9999 -9999 -9999 -9999 -9999 13.9593749642372 13.9756249176153 13.8954687106273 13.7012498963581 13.4687498947562 13.1999999274767 12.8685939598702 12.5879689296771 12.3657813957956 12.3342186951785 12.2249999038831
-9999 -9999 -9999 -9999 -9999 -9999 -9999 -9999 -9999 -9999 -9999 -9999 -9999 -9999 -9999 -9999 -9999 -9999 -9999 -9999 -9999 -9999 -9999 -9999 -9999 -9999 -9999 -9999 -9999 -9999 -9999 14.9275002479553 15.0774997472763 15.0462498664856 -9999 -9999 15.8570311810937 15.7279687373722 16.1831252574921 16.3700008392334 -9999 -9999 -9999 -9999 -9999 -9999 -9999 -9999 -9999 -9999 -9999 -9999 -9999 14.8099998376709 14.7593750198895 14.5417187948794 14.2346874465353 13.9359374186593 13.6635936936754 13.400312631181 13.099375038305 12.9051560750836 12.8114063881366
-9999 -9999 -9999 -9999 -9999 -9999 -9999 -9999 -9999 -9999 -9999 -9999 -9999 -9999 -9999 -9999 15.4949998855591 15.6162501573563 -9999 -9999 -9999 -9999 -9999 -9999 -9999 -9999 -9999 -9999 -9999 -9999 -9999 -9999 -9999 -9999 -9999 -9999 16.4099998474121 16.3537497520447 16.4662498235703 16.8599999834088 16.8857813765777 16.5728128545659 16.6093752088303 16.5704689032407 16.6314064566495 16.463750243187 16.5762495994568 16.8224999904633 -9999 -9999 -9999 -9999 15.8562501065749 15.7095311570566 15.4995314171897 15.2521875337993 15.0300000897524 14.7365624299477 14.386406167256 14.0750000766108 13.7740624390739 13.543906270743 13.344687520718
-9999 -9999 -9999 -9999 -9999 -9999 -9999 -9999 -9999 -9999 -9999 -9999 -9999 -9999 -9999 15.9135937391608 15.632812499651 15.8192187691556 16.2856249658497 16.5700003306071 -9999 -9999 -9999 -9999 -9999 -9999 -9999 -9999 -9999 -9999 -9999 -9999 -9999 -9999 -9999 -9999 -9999 17.6900005340576 -9999 17.3634373841842 17.6985938836228 17.2787501502848 16.8385935715841 16.5971876375635 16.5132813452499 16.6418750281592 16.9681249847026 17.2049999823422 17.2617187796065 16.9812502861023 17.2024998664856 17.2700004577637 -9999 16.1637499332428 15.8525002002716 16.107656329069 15.7940626878571 15.5010936995015 15.1874999692529 14.8104687174208 14.4195311656431 14.1692189118507 13.922187640539
-9999 -9999 -9999 -9999 -9999 -9999 14.460000038147 14.826250076294 15.3037501573563 15.7487502098084 16.0787502527237 -9999 -9999 -9999 -9999 16.3593751192093 16.4493750333786 16.6443748474121 16.8187506198883 -9999 -9999 18.4275002479553 18.3750004768372 18.39333375295 18.0366148842824 17.9185938826342 17.9120313810369 17.5900001525879 -9999 18.7724997997284 18.5081251859665 18.5412499904633 18.8187495470047 18.9618749616777 18.6314058897877 18.5434379277126 18.5715622298833 18.7112498275899 19.0850005149841 19.0387504099094 18.804843991181 18.6181251693746 18.2201560719815 17.870312182079 17.7100002149374 17.5232812451099 17.6868753429294 17.7543749808744 17.6470313661226 17.420156060653 17.4721873391104 17.3920310731805 17.4145313207967 17.4701559546631 17.5625001192093 17.3475003242492 16.3446875204459 16.2160937628288 15.8649999788577 15.4645314506569 15.0796875203143 14.6000000528243 14.3271874327986
-9999 -9999 -9999 -9999 -9999 -9999 14.460000038147 15.5040627998895 15.5812497579011 15.7703125327282 16.1115625648863 16.7050004005432 -9999 -9999 -9999 -9999 -9999 -9999 -9999 18.6724998950958 18.6143749952316 18.6628126794124 18.5835938150389 18.7470834444976 18.7067708263314 18.7557810532634 18.8785935628782 19.178124666214 19.2781244516373 19.0785938493636 18.8971874704082 18.9532814611531 19.199843882553 19.3546876899189 19.0495311609301 18.9479685120013 19.0140621658001 19.3253122267293 19.5696873657832 19.3992189161539 19.20890644172 19.0212502778333 18.9875002201871 19.0796874155152 19.1443752332435 18.5765621052636 18.3492186056705 18.3056249009097 18.1617187553633 18.2193751324927 17.3953124596177 16.5689062351803 16.7587503057718 17.2554687263982 17.6248437760688 17.8191146946628 17.3703644665851 16.9623437215779 16.521249889547 16.0673436664341 15.6501563182485 15.3931251454449 15.0781251332543
16.9232815204009 -9999 -9999 -9999 -9999 -9999 -9999 16.8720315679358 17.007499931595 17.0710940350789 17.0931253433228 17.1337497234345 -9999 -9999 -9999 18.7212501764297 18.5618750151006 18.7445311237998 18.9179688381664 19.2585933793948 19.3898437011466 19.397812544079 19.4756247687127 19.5582812118022 19.6693746438073 19.7515625350569 19.7154690317954 19.6360937050864 19.6060936444738 19.5095313481021 19.5653123550179 19.6051559140859 19.6440620707521 19.8870315541123 19.9957815400621 19.8199998427877 19.8195311715827 19.7953124932487 19.9842187758354 19.8378126020502 19.7201558940422 19.5273440174997 19.3646876206988 19.5615625372759 19.7626565096532 19.3821876043872 19.1520310035684 18.9520314918071 18.6989060627245 18.6864058665013 17.5337499674829 16.767656310249 17.2692188023494 18.3220314670942 18.3674998272196 18.0376564553244 17.8374998263203 17.4801560928762 17.1149998894068 16.7460935405445 16.3781249514098 16.1067189267023 15.8071875264668
17.4975002693657 17.803593753959 -9999 -9999 -9999 -9999 17.8074998850501 18.0870313927317 18.3424999994814 18.6414064450801 -9999 -9999 -9999 -9999 19.4185937632695 19.280937700057 18.9064061935015 19.3454688782642 19.8400000919041 20.1674999582388 20.3324999797248 20.3531247365567 20.4253121006652 20.4217188050988 20.3584375373623 20.4031249275413 20.2770312421653 20.1957812303245 20.1376563303472 20.2829684008049 20.3373433935534 20.3846875716927 20.6162498283714 20.6159374110146 20.6656254223164 20.668437181817 20.5779685964354 20.4745313217999 20.3906247609499 20.3750001481303 20.3248436442888 20.2365624595982 20.2932812557117 20.2459373763638 20.1306250982415 20.0309373427213 19.9793748247339 19.8389059594696 19.3720312710724 18.5073435617426 17.8960939639959 17.4215624625432 18.1256248930458 18.7228124142188 18.9595313962563 18.8425003875054 18.5537501265784 18.2367185642819 17.8589060893088 17.4482811978128 17.1098437299922 16.9012498546776 16.5974998761776
18.82973944943 18.8733336130778 -9999 19.9925003644229 20.0299997922184 -9999 -9999 20.1231245395213 19.571875243018 19.7834375190355 20.0468753264943 20.4043749561862 20.5909371664018 20.6878125359318 20.7267186033616 20.5940624459133 20.2176562530455 20.4537503110301 20.5540627828361 20.7046873562738 20.8912499243995 20.914218604213 20.9657809432876 21.1650001994908 21.1800000957504 21.0842186204178 20.9651562564223 20.7660939385655 20.9114064565528 20.9946876160137 21.1418751767751 21.2585937072431 21.3340623070499 21.3542185415327 21.3312501600764 21.226718514171 21.1910938610701 21.1709373286346 21.0799999825628 20.925156294033 21.0287503588972 21.1051561827806 21.0029685787934 20.7196875798605 20.7112503342067 20.4587497721107 19.8910934054729 19.4218748505321 19.2868750661168 19.3170312596612 20.0665625006998 20.2801562225094 20.4217191026886 20.1717188946321 19.8946876521057 19.5546875890048 19.1056247350308 18.8420312397941 18.5396877221146 18.2278124680624 17.8650001579086 17.5942186706363 17.2182806132801
19.618332862854 20.9075000286102 20.7143748998642 20.4490622274164 20.4598433666186 20.5223434858749 20.7337497472763 20.5545308880458 20.5868750202745 20.7790627764923 21.0673435616148 21.2209376383269 21.5312499986478 21.5765626716492 21.6407811034766 21.6740622211695 21.4720312640757 21.4681251930669 21.4517189250623 21.3135937741829 21.4073438636463 21.4949998248511 21.4453125289455 21.7692185632999 21.7673438780828 21.6420312816243 21.5075000816253 21.4415622346394 21.5995310238411 21.8089061367143 21.9139063049403 22.0554684390922 22.1520310034018 22.1168749919788 21.9617187671572 22.0099998106727 21.760625093734 21.7043748791573 21.7779687931062 21.7778127482765 21.5551563201281 21.3878123757758 21.4093751904532 21.1992188990104 20.4131250396635 19.6595310578916 20.4221873246412 20.9476559724534 21.1895312351416 21.5060937992216 21.5637502959531 21.5481250278872 21.2242186957067 20.8631249656917 20.4848438193369 20.0276563457766 19.6193751385123 19.3585936718883 19.0562501544838 18.7832809682165 18.4654688826493 18.1604689352329 18.1820314822386
21.0973437127354 21.1168751415591 21.1464064414197 20.9673435981133 20.8881254491003 21.1004690226718 21.2439066760229 21.340937047454 21.483906029768 21.6209371678319 21.7648437612566 22.0337500567471 22.2826558344007 22.4243745796522 22.4853123121455 22.4275003068383 22.2226561599451 22.0876564377543 22.1406253274506 22.1540626279939 22.1835936597881 22.1884372225323 22.1270310866604 22.3334375317343 22.0081247384443 21.8982813349766 22.0257814815337 22.1171873202511 22.2864060992093 22.2828124758606 22.3789061003358 22.5559375579369 22.7945315833068 22.8431249551896 22.7081250843574 22.4862501616607 22.2504687004599 22.2260937398206 21.7756248735925 21.2662500167327 20.9503125262032 20.754374954311 20.1571873747963 19.8492186943793 19.9195310132104 20.9784378087392 21.7860937710324 21.8131249843903 21.9049997620284 22.0751558240327 21.9875004289004 21.8543750044778 21.6045314367872 21.2921873327625 20.9307814832319 20.5037497873201 20.2989064449209 19.955781220531 19.6014062456633 19.2948437328573 19.0909371073445 18.9949998849217 18.7704689495323
21.555937408566 21.5195313088995 21.5870316916736 21.4112499052072 21.3742188802356 21.651718496218 21.8106247179972 21.9249998621936 22.0271874661513 22.110312461397 22.351249843036 22.5376560382149 22.787968903269 22.926406412794 22.9746873373491 22.8329688605735 22.6450000997288 22.4504690167189 22.2292187811476 22.342968911212 22.6340622600689 22.5442187488208 22.6951561270098 22.5964061317782 22.5115622274333 22.5207815461306 22.60609376378 22.6093745526705 22.5564063786583 22.6071877474431 22.8467189366429 22.9534380728798 23.2074998611653 23.3423436874674 22.9401563701032 22.7642191050133 22.4257814588419 21.4882815195131 19.5331250461756 18.6023435038833 19.1273439858389 18.8784376993866 19.897031335326 21.9121876327248 21.9515625528981 22.0429686603299 22.0617188212625 21.935468941734 22.3971873516963 22.3573434349729 22.2176566716793 22.1206248398853 21.9312500651207 21.6399999255663 21.237812429318 20.8862499590011 20.7095314557889 20.4489059742535 20.1957814388189 19.779062478979 19.5371875756367 19.490468799468 19.3643749348832
22.626093654892 22.3364061998811 22.0748436142255 21.9948441379278 22.066562294304 22.2159376436713 22.3026564115912 22.3517187530032 22.4506254788618 22.5870313045083 22.8950000402417 23.1148440236223 23.116718530404 23.3289065361151 23.578281342786 23.3601566545774 23.1173436929223 22.9500002853459 22.5749997491562 22.3634378014571 22.5429691377115 22.5815623400891 22.6064062120013 22.6471872630513 22.6593753096267 22.7967189545836 22.9167188404228 22.8218751545612 22.7079688900845 22.8490627403102 23.0426567192586 23.2729682921208 23.3100002110285 23.3790624440954 23.4428128301234 23.0203124579709 22.063125042646 20.5156247910195 19.5678125890809 20.3045315111511 20.9364059521732 21.4043747443971 22.1810936612276 22.5507811598635 22.3885936131268 22.4195311660528 22.5385934413425 22.530156255038 22.6037499907014 22.6904684302261 22.5751565988152 22.4292186792615 22.1976565121005 21.983906120014 21.7101562913953 21.3443748053387 21.0729686913458 20.7804687018272 20.5339065487613 20.2912500496804 20.1257808203505 20.0503121909281 19.8267187768497
23.059219181392 23.0517188901299 22.9110938896545 22.7035936404512 22.6178127520083 22.5885941978716 22.6739066835315 22.8228123778077 22.8640623383987 22.8640625473226 23.1298438903722 23.3801561592996 23.5943749835661 23.5543751710882 23.6378127038968 23.6732816695713 23.6695313152401 23.4131251569601 23.118281095373 22.9235938178913 22.7515623859519 22.9514059714932 22.8904687753721 22.5384373664786 22.8585939703589 23.1121878620677 23.1070310470471 23.097968250237 23.0712504085663 23.1612503227729 23.3435935076824 23.3967187104687 23.4492186602191 23.5351561004769 23.5300000010616 23.1492187082616 22.7559373078097 21.5534374393715 21.2679685935075 22.165937452369 23.1465629031898 23.4129687836421 23.2728123655186 22.9726563390866 22.8653127250935 22.5385937096727 22.6295311447754 22.4523437618452 22.6806247826104 22.9365621801999 22.8943751451091 22.7648441191189 22.2689062654797 21.9960938990291 21.9178127346536 21.7217184299308 21.4446874552098 21.2365625196201 20.9365624481924 20.6784374708142 20.5340622062255 20.4721874587395 20.2767186159345
23.4315623934828 23.41156223364 23.3810937696481 23.1918752784381 23.0024997888786 22.9026560185747 22.8778125050312 23.0537497701447 23.2210939529826 23.2679687736477 23.2792185836863 23.3554685408221 23.5935938954039 23.9401563110654 23.9462501997693 23.9071874318158 23.7665622528902 23.6929684276337 23.5078121417977 23.4854686851072 23.4081248634177 23.4574998017963 23.4453122015279 23.1903124443846 23.1289063089337 23.2801566717113 23.4418752786567 23.370937346847 23.275781064657 23.2668751472567 23.4159376617362 23.5632811483454 23.7967186271319 23.8098435403975 23.4039061372012 23.0789063577198 22.6110937001891 21.4862500119037 22.3651561721932 23.0565623028897 23.3424999113293 23.6665624375344 23.54984387789 23.3053121855702 23.093906372082 23.0478123419716 23.1059373320103 23.1640624400116 23.2906249757395 23.3295312222784 23.226874679341 23.0417191980699 22.8232813475318 22.6837500329972 22.4798437648751 22.3021876808748 22.0799999232223 21.7557810539188 21.4881250256027 21.3529686922923 21.154687463593 21.047031401982 20.9195310764849
23.6481249331267 23.745780855112 23.7518754598461 23.5940626854813 23.2612498993442 23.2068752044457 22.9556253547887 23.1606247122228 23.2689061160411 23.3673436343148 23.5726566313548 23.6835939881667 23.8064060802272 23.9242185351946 24.1707810460976 24.0853127537092 23.9320310353594 23.9817184207676 23.8696877357117 23.865156381901 23.8721873457534 23.8240623766225 23.7682811018288 23.644062280309 23.4996871051689 23.4878126678599 23.5960938929618 23.6976565120155 23.7164066726695 23.6517187651061 23.7304687794112 23.8023438451016 23.8670312165297 23.8164059219528 23.3021872041636 23.1332814389775 22.5248435139226 21.9784375131014 23.17656248758 23.8285933431887 23.8881248822789 24.0739062125124 23.6703125232081 23.7389060257206 23.7637499859306 23.6632814994864 23.5217184413153 23.6093751184897 23.6079691942827 23.4823440014561 23.1096874478241 23.1228126585042 22.9437501727745 22.7442190947458 22.7217189371806 22.4718749522188 22.327030837407 22.0745313761494 21.8856247361853 21.6918746527481 21.589218735262 21.5049997264815 21.4028124803903
23.7173434497189 23.7996871473699 23.7851565479433 23.8401563464935 23.9400000571232 23.8450001473098 23.6307812322067 23.5054685760587 23.6128127271267 23.635781347389 23.8068752584988 24.0040619968325 24.0603119432301 24.0078129171283 24.1573439240838 23.9984374639986 24.0246871705352 24.0573433336317 24.0362502631282 24.1750001605526 24.2345315214902 24.1395311949587 23.9684375521532 23.9282811877134 23.8073436910186 23.57828152086 23.5623438352758 23.7253128881983 23.6629687842197 23.5185936982731 23.6315626198337 23.951718866437 24.0295314487262 24.0762500760159 23.8718747792265 23.3932809523614 23.3412496740952 22.6926560691448 23.1703123450164 24.017968564819 23.9893752326493 24.0995313521018 24.2218750413711 24.0300002093867 23.8762499988033 23.6514061985164 23.7409374414369 23.875937372263 23.7803125977771 23.7378129359793 23.3740625670665 23.2014060310812 23.1390624636418 22.9481252427328 22.8914063565875 22.9495310477381 22.7465624801596 22.5582811526423 22.474843799235 22.3326561741231 22.2309375099434 22.1931249193976 22.1401562087263
23.9835936419288 23.665624618632 23.6637497548081 23.9165624676909 24.1134372350247 24.1346876619188 24.1609376368849 24.1814062589551 24.2029688051346 24.1931252469424 24.0970311755595 24.0574997365197 24.0673434436772 24.1128125487209 24.192031323786 24.1971877214772 24.3935938174856 24.4764061265079 24.4693750731651 24.5664060705998 24.471249878129 24.3364061412386 24.2328121658602 24.2479687626216 24.2226563091479 24.055000096319 23.9814064497917 24.0632815058895 24.0431250625935 23.9742187553025 24.0576562876625 24.1560933588767 24.190311998085 24.1765623688998 23.9440627694708 23.7481246887944 23.4021876755498 22.8210935597959 23.2889061269335 24.1867185830966 24.4843752083943 24.4464060659795 24.4337498841959 24.1082811059845 23.7717190387489 23.7943751810686 23.8107810914297 23.9124998153181 23.6453123691774 23.7893754543863 23.8165629504007 23.9190621664001 23.7878123809768 23.5701561559356 23.4881249956513 23.5635937445136 23.3381249301648 23.1259374314471 22.9721875782827 22.9429687850309 22.8285938494455 22.7589062445668 22.7382812194634
