2050_A2_CS/TMEAN.asc
NCOLS 720 
NROWS 360 
XLLCORNER -180 
YLLCORNER -90 
CELLSIZE 0.5 
NODATA_value -9999 
[rows 224 to 251 of 360, columns 630 to 692 of 720]
25.1846810408699 25.3445052615531 25.6086262634002 25.9802278039477 26.2322461384798 26.395175715298 26.5560676482039 26.7031574498812 26.517168042511 26.6005663772285 26.624199225242 26.6174805412565 26.5012043900192 26.5392708255666 26.5197136290631 26.4969401511061 26.2823697851706 26.0543815402172 26.0941537005377 25.9356184471148 25.6470377216334 25.0615690492295 24.9532095811393 24.8335221766798 24.4035286819978 23.7650521435615 23.7173176788493 23.8009896133426 23.2966341099586 24.1345050566255 24.1972590445082 24.152083337307 -9999 -9999 -9999 -9999 -9999 -9999 -9999 -9999 -9999 -9999 -9999 -9999 -9999 -9999 -9999 -9999 -9999 -9999 -9999 -9999 -9999 -9999 -9999 -9999 -9999 -9999 -9999 -9999 -9999 -9999 23.1492187455296
24.5207942868703 24.776595061743 25.1457160804132 25.5167904608148 25.7409765743981 25.8812304014152 26.2043099190258 26.5207942229386 26.576347668916 26.6587500546534 26.6888670907974 26.5999999332348 26.5180794820501 26.6380012873079 26.4402408954827 26.0971354250345 25.8910025530793 25.9646549131506 25.9554232154954 25.8820247073873 25.5594401298098 24.8777018131456 24.4823112259993 24.4116666805244 24.0223177354546 23.7470637618414 23.5601496759254 23.8790169085906 23.6737630289984 23.8020638063794 23.9515950569802 23.9098763041526 -9999 -9999 -9999 -9999 -9999 -9999 -9999 -9999 -9999 -9999 -9999 -9999 -9999 -9999 -9999 -9999 -9999 -9999 -9999 -9999 -9999 -9999 -9999 -9999 -9999 -9999 -9999 -9999 -9999 -9999 -9999
23.7813541308083 24.6517643715078 25.012213549048 25.3875064928437 25.6344140541487 25.8299023282136 25.9559831230802 26.2864712964693 26.4311524526675 26.6058203083449 26.5666861256805 26.4361003096991 26.5361132280286 26.4771875660857 26.1503970972154 25.8885221010408 25.8067383181845 25.9529883800106 25.9100194561868 25.7141797030242 25.4034245420206 24.6953776230659 24.1786002541647 24.2482486535565 23.6352994414723 24.100650977696 24.13635412453 24.0760807513553 23.8984180098496 23.7678710710042 23.7893293912998 23.8927604076112 -9999 -9999 -9999 -9999 -9999 -9999 -9999 -9999 -9999 -9999 -9999 -9999 -9999 -9999 -9999 -9999 -9999 -9999 -9999 -9999 -9999 -9999 -9999 -9999 -9999 -9999 -9999 -9999 -9999 -9999 -9999
24.1895182390377 24.6603776057287 24.9787760519371 25.3098307246043 25.5878906787779 25.8115039595665 25.9879362958671 26.207506574144 26.146464913053 26.3532421634409 26.3202213144091 26.388912782167 26.4190038829501 26.1458008565572 25.9276822540691 25.7537565505801 25.8623436552557 25.8510351045482 25.607050743991 25.4192382273006 25.1940690981651 24.5075846339042 23.9019010040481 23.6823892921863 23.3914517974778 24.0325846266092 24.1496549415644 23.6841471216662 23.1210937426534 23.8446679551326 23.3095637471481 23.5754166072573 24.1274740181694 -9999 -9999 -9999 -9999 -9999 -9999 -9999 -9999 -9999 -9999 -9999 -9999 -9999 -9999 -9999 -9999 -9999 -9999 -9999 -9999 -9999 -9999 -9999 -9999 -9999 -9999 -9999 -9999 -9999 -9999
24.5353385789211 24.753072911228 24.9858071972041 25.256002504479 25.4866146259859 25.6941341423852 25.8735741657701 26.0188671817724 26.0512044310437 26.1061653199396 26.0732226212702 26.2058594588682 26.1430338779433 25.8198698132131 25.7879232023742 25.684798065023 25.7989062175327 25.6028905950671 25.4210742309374 25.2650585678054 25.0236263273995 24.3259505506185 23.2583008407418 22.946816443536 23.2763216058575 23.4417512008904 23.4402603212995 23.5076822954638 23.1895703180627 23.7518750275316 23.1062108971935 22.3694726948959 23.1072069514952 23.5893359941504 -9999 -9999 -9999 -9999 -9999 -9999 -9999 -9999 -9999 -9999 -9999 -9999 -9999 -9999 -9999 -9999 -9999 -9999 -9999 -9999 -9999 -9999 -9999 -9999 -9999 -9999 -9999 -9999 -9999
24.5702409850582 24.7897331028195 24.955436098404 25.1371549638954 25.3650911991717 25.5380404080566 25.6989452328137 25.7882226577403 25.7985285578888 25.85964193117 25.901406273915 25.9612695173506 25.8317643132905 25.7137369465455 25.5217904324185 25.6379818118556 25.5816015248821 25.41687501046 25.0465820350058 24.6050976397886 24.6273762631803 23.9575325038592 23.0762304670909 22.3483789109831 22.4299154676683 21.3178254632079 22.112213565752 23.0072135471548 23.0760742321375 23.2733398778694 22.6487108798072 21.5662696157536 21.8548241396621 22.8006835751501 23.2426497442112 -9999 23.6093749801318 -9999 -9999 -9999 -9999 -9999 -9999 -9999 -9999 -9999 -9999 -9999 -9999 -9999 -9999 -9999 -9999 -9999 -9999 -9999 -9999 -9999 -9999 -9999 -9999 -9999 -9999
24.5930598536815 24.7991926651314 24.9171613271996 25.0570247782354 25.2515820718969 25.3979883015125 25.5045182101124 25.4782877659208 25.4447005517086 25.5970833511396 25.7298503641192 25.7625260709365 25.6867187583769 25.4765624916984 25.5740364398413 25.6513410844657 25.5340363810826 25.2173176940263 24.7095182789358 24.3487760367322 24.0380533758897 23.4909243957339 23.0656770944799 22.3345637982048 21.8404948288841 21.1905534059251 21.4644270262054 22.0628059514049 22.0182096363291 22.5269205811974 22.3723828201273 21.7909570180211 22.1177409727755 22.3270963721115 22.8224803848473 23.174121031722 22.9456684202475 -9999 -9999 -9999 -9999 -9999 -9999 -9999 -9999 -9999 -9999 -9999 -9999 -9999 -9999 -9999 -9999 -9999 -9999 -9999 -9999 -9999 -9999 -9999 -9999 -9999 -9999
24.5122981305324 24.7488411600732 24.873684794059 24.9803840829121 25.1211523104457 25.2421289075281 25.3105728711708 25.2967057005917 25.2734701088111 25.3495051642619 25.405416739506 25.3971354443499 25.3401562854817 25.3919726415197 25.5338412291494 25.4816536756415 25.3145247547103 24.9731379697051 24.6865885509686 24.4266276219988 23.8136002422869 23.436979076801 23.1414778133021 22.6129231036127 21.7923111683899 21.8483659144073 21.5517513541926 21.8624934757775 22.3741081076777 22.7271353885102 22.1752343322202 21.8091406118113 22.0550650888202 21.90436192341 22.0778711090676 22.7824804992364 22.7592317325715 -9999 -9999 -9999 -9999 -9999 -9999 -9999 -9999 -9999 -9999 -9999 -9999 -9999 -9999 -9999 -9999 -9999 -9999 -9999 -9999 -9999 -9999 -9999 -9999 -9999 -9999
24.277246090987 24.5532617293719 24.7765428791056 24.8588281492173 24.9610285632889 25.0683919959823 25.0980533909633 25.1020377817121 25.1174414724484 25.1424999925065 25.1214712977642 24.9185220627052 25.0810221237089 25.3045963429778 25.2946354204864 25.0299674281589 25.1739517793716 24.9717642858604 24.6754231822534 24.2713801029552 23.7125455633947 23.4673112408217 23.1483398939604 22.5255273610633 21.8794726386704 21.8763085605602 21.6911588529597 22.0215299412254 22.2656770859806 22.277649750163 21.9456185354733 21.477083316894 21.1235806613342 20.9293034275366 21.04232418541 21.836894541825 22.3058202567448 -9999 -9999 -9999 -9999 -9999 -9999 -9999 -9999 -9999 -9999 -9999 -9999 -9999 -9999 -9999 -9999 -9999 -9999 -9999 -9999 -9999 -9999 -9999 -9999 -9999 -9999
24.1693163154864 24.433554720536 24.6696874745465 24.730586011381 24.8036458049729 24.8617903781282 24.8724088323004 24.8837760341026 24.8947656423645 24.9091015401017 24.9610806403593 24.8587368824016 24.8329947720041 24.9973893351675 25.0906705752796 24.8450455820999 24.9055143650015 24.6927799899372 24.6046809654431 24.1464973490764 23.7588931992611 23.4783269109999 23.1803320248586 22.6540820255973 22.3587696314352 22.2324414576133 22.261900975721 22.4071744888025 22.4275325761678 22.2617316815905 22.0322982219613 21.6505403302733 20.7737370101456 19.943483037938 20.4442968157552 20.9282030827349 21.9710937640834 -9999 -9999 -9999 -9999 -9999 -9999 -9999 -9999 -9999 -9999 -9999 -9999 -9999 -9999 -9999 -9999 -9999 -9999 -9999 -9999 -9999 -9999 -9999 -9999 -9999 -9999
23.9813346051744 24.0942056664862 24.3564258944118 24.5423241964263 24.5895702735367 24.6096288495762 24.6239193761063 24.5418098997079 24.4752864622828 24.6349934673947 24.7035026388663 24.611588480705 24.5050650189977 24.7203189793572 24.7741471015298 24.7256119695162 24.6808658821747 24.4773502219509 24.4368165252723 23.9436327412375 23.6368034148933 23.4205729720666 23.2436393216236 23.0426236534518 22.8493164886522 22.7142383145141 22.7153190374211 22.8124869587697 22.5998501860756 22.3833462874549 22.0501497292346 21.4422005133582 21.0067903435619 19.8470637999715 20.4364713516157 21.2419400886685 21.8975389775238 21.7492968204769 -9999 -9999 -9999 -9999 -9999 -9999 -9999 -9999 -9999 -9999 -9999 -9999 -9999 -9999 -9999 -9999 -9999 -9999 -9999 -9999 -9999 -9999 -9999 -9999 -9999
23.8657291816749 23.9426236585113 24.0949999399524 24.3029883065092 24.3732226424183 24.3384375655099 24.3110091825493 24.1908724503345 24.2215168679536 24.3470052899127 24.3545767614915 24.2859830525025 24.240533858592 24.5119791505306 24.5953385455582 24.5612174402512 24.388287706567 24.462330784669 24.1518359878714 23.5733398297355 23.3750455716819 23.3026042357595 23.3015690600813 23.2281119773218 23.138183609411 23.0797461576419 23.0452798829478 22.9926822299749 22.6279166670157 22.4015104466926 22.0351497136226 21.3721224392476 20.6661457950688 19.8031966181322 19.855377625804 21.3332681712383 21.5857226727912 21.6823827574366 -9999 -9999 -9999 -9999 -9999 -9999 -9999 -9999 -9999 -9999 -9999 -9999 -9999 -9999 -9999 -9999 -9999 -9999 -9999 -9999 -9999 -9999 -9999 -9999 -9999
23.7074285110322 23.6745963682733 23.8652082476924 24.0783333840558 24.1046484395172 24.0638281174342 23.9707421116561 23.8147461138854 23.9544987101016 23.9952018102577 24.0091470507849 23.9321158723793 23.7977083741736 24.0333919048815 23.9757032175874 24.0858398015025 24.1997785502535 24.0460481524953 23.7644856931789 23.3544465577129 23.1744986828921 23.2127213255432 23.2954622345944 23.3029035810686 23.2817253479522 23.2048893682646 23.1550781311524 23.0547265303277 22.6959569793271 22.4153711584589 22.0758528154556 21.3601887899434 20.4305858818663 19.1249413736232 18.7345768448949 20.0435417297795 20.3676301755367 21.3300976133078 -9999 -9999 -9999 -9999 -9999 -9999 -9999 -9999 -9999 -9999 -9999 -9999 -9999 -9999 -9999 -9999 -9999 -9999 -9999 -9999 -9999 -9999 -9999 -9999 -9999
23.3199283532385 23.2223502160238 23.3132942687814 23.6754817633806 23.7860156523328 23.7313085257465 23.6455272805216 23.5484765197235 23.5799089055458 23.6102409288367 23.6202409211692 23.4966862714873 23.3497590885874 23.4023958043285 23.6560937110536 23.91306640046 23.9048568065288 23.5957943283625 23.4605793790699 23.2954036196509 23.0811197740101 23.1388541572132 23.2300324894027 23.2697590745595 23.2529167002744 23.1531120036647 23.0098827988961 22.8354687546869 22.588828043495 22.269160093367 21.7523372842053 21.0880598643244 20.1348437831392 17.7247070077458 18.1074479490374 20.4110415875999 21.0682422259932 21.2689452984287 -9999 -9999 -9999 -9999 -9999 -9999 -9999 -9999 -9999 -9999 -9999 -9999 -9999 -9999 -9999 -9999 -9999 -9999 -9999 -9999 -9999 -9999 -9999 -9999 -9999
22.7749870152613 22.8318619795443 23.0699023301094 23.3092187087478 23.4209115610421 23.354739598464 23.1626823161294 22.9818034321319 23.1024478959282 23.2235807677596 23.2018423726248 23.0061588365628 22.8190559115356 22.7399739226842 23.1638606307104 23.5031966179627 23.4825195162609 23.2300194962892 23.1522069928939 23.1531054183471 23.0515429943731 23.0512500683055 23.0879817805317 23.1207747538646 23.0767383003323 22.9169336022742 22.717285131064 22.5370897995024 22.2999089077413 21.8908268489726 20.9562238852668 19.7229818025321 18.8713345879174 17.1618619615019 17.5629036651299 20.5366536998727 21.2489844232323 -9999 -9999 -9999 -9999 -9999 -9999 -9999 -9999 -9999 -9999 -9999 -9999 -9999 -9999 -9999 -9999 -9999 -9999 -9999 -9999 -9999 -9999 -9999 -9999 -9999 -9999
22.0505534142657 22.2046354191245 22.5204883045669 22.6771874686204 22.8505599784568 22.5023177712909 22.4789127064826 22.2760026183543 22.0988542159048 22.5468229425923 22.800729169837 22.5669010284868 22.3870832727633 22.3622005332245 22.791360668972 23.0040168887573 22.8454296939036 22.7763867352936 22.9715624899947 22.9649024113688 22.9187890652291 22.9171484296609 22.9318880657012 22.8948372579641 22.7773242300515 22.5927342862211 22.3991600479248 22.1860351469096 21.960865961966 21.4541666342295 20.1724739301816 18.8349349268643 17.1658854026231 15.5614127781678 17.4744270833728 20.300813784993 20.9967707950415 -9999 -9999 -9999 -9999 -9999 -9999 -9999 -9999 -9999 -9999 -9999 -9999 -9999 -9999 -9999 -9999 -9999 -9999 -9999 -9999 -9999 -9999 -9999 -9999 -9999 -9999
21.5945768120657 21.7166080454327 22.0174609383863 22.1171679968796 22.3418228754379 22.1544987534116 21.8085091238383 21.0031380371859 20.4039453470785 22.0907813208781 22.3559374778844 22.2077148199673 22.1664713803348 22.1723502619976 22.3355924258514 22.3932095637559 22.3174414042033 22.5167773692898 22.6976562232229 22.663398449001 22.6473827345652 22.665878954789 22.5930078667556 22.4763476770051 22.3802864282285 22.2164973831545 22.0155598885361 21.7553255150096 21.5148762768868 21.0394661136264 18.5978515303937 17.8149609221721 16.3211197961627 14.5474869482111 15.8999479227831 18.2876627718354 20.4009115325699 -9999 -9999 -9999 -9999 -9999 -9999 -9999 -9999 -9999 -9999 -9999 -9999 -9999 -9999 -9999 -9999 -9999 -9999 -9999 -9999 -9999 -9999 -9999 -9999 -9999 -9999
21.1007487129605 21.1877994954397 21.38884764995 21.59414061241 21.7359245018571 22.0464127376286 21.4020247490591 19.4512044008796 20.812226595231 22.0062890480397 21.8947851869518 21.7994727061176 21.6840103938533 21.5803777072575 21.5022916312438 21.6845963684374 21.9678906828526 22.2316797369966 22.3322265657098 22.3105077050666 22.1562694875575 22.0459765639037 22.0017187590896 21.8871092800493 21.8713411298763 21.7177474127255 21.437864594374 20.9893099721052 20.4004817802795 20.3345833349782 19.9134179109748 18.3859765871315 15.7512369774424 15.3149478891199 17.2991666641576 19.8644791963774 20.7042708235437 -9999 -9999 -9999 -9999 -9999 -9999 -9999 -9999 -9999 -9999 -9999 -9999 -9999 -9999 -9999 -9999 -9999 -9999 -9999 -9999 -9999 -9999 -9999 -9999 -9999 -9999
20.3943749653483 20.5612305202566 20.7257421837841 20.8153125121589 21.0540104589825 21.4607878586639 21.1559570337918 19.5726757364521 20.9548372464129 21.362395871219 21.312304774101 21.2533398248006 20.8746484144889 20.7395898244882 20.9821939687823 21.1450846460404 21.7153385496225 21.8275259761445 21.8855859846044 21.7794531189023 21.3334961160958 21.396328159699 21.2049218716612 21.1913671681021 21.3292708708311 21.1694075580999 20.7818749332685 19.8574609841804 18.6000260179379 19.1652994633167 19.4833853605605 18.4994010568391 16.1441992204166 14.787636733299 16.8344596337099 19.6435351586635 -9999 -9999 -9999 -9999 -9999 -9999 -9999 -9999 -9999 -9999 -9999 -9999 -9999 -9999 -9999 -9999 -9999 -9999 -9999 -9999 -9999 -9999 -9999 -9999 -9999 -9999 -9999
19.559453143546 19.7626368169296 20.119003951736 20.3402343934488 20.5181510521466 20.8803972078671 20.2114648258786 18.7411523831714 19.8760285812954 20.300227888899 20.2934569865036 20.4707421164624 20.0671874565205 20.089160119762 20.6408854403418 20.9101822912638 21.2983268219948 21.290690151246 21.3488281858147 21.1294921240753 21.0483398445205 20.8844726915567 20.4980273770973 20.6935937200231 20.8820247541444 20.7378060597034 20.3147265820866 19.3741406445987 18.4362956663438 17.6163541317443 17.6332486464722 17.6406706207965 16.2835937908207 17.0348828202682 18.8262565317035 19.6890234740927 -9999 -9999 -9999 -9999 -9999 -9999 -9999 -9999 -9999 -9999 -9999 -9999 -9999 -9999 -9999 -9999 -9999 -9999 -9999 -9999 -9999 -9999 -9999 -9999 -9999 -9999 -9999
18.6446483945509 18.9461718001507 19.3559960877921 19.5456835074169 19.6152929970562 20.0087304756023 18.8505923895109 18.0686588441374 18.9474022365329 18.7502538982056 18.9171029113867 19.5347786439619 19.679882775458 20.1570508066171 20.5607030563617 20.7808984217145 20.8852669004085 20.9014974091197 20.8836783990434 20.7729753124656 20.6796875106233 20.300117199726 19.9988866910332 20.097265609289 20.4296418741525 20.4313997508049 19.9908073014854 19.0659048959141 18.1905468678509 17.6974023939932 18.2257747915068 18.8647591753121 17.9392317516138 18.4885677406923 19.3920768419618 19.8349869660839 -9999 -9999 -9999 -9999 -9999 -9999 -9999 -9999 -9999 -9999 -9999 -9999 -9999 -9999 -9999 -9999 -9999 -9999 -9999 -9999 -9999 -9999 -9999 -9999 -9999 -9999 -9999
18.2910741799795 18.3299804663938 18.4170898024797 18.5996289116894 19.0369531397672 19.4997655886541 17.7447916928226 17.1660611761368 17.5956249967655 18.2414648676396 18.8425911268468 19.4658333837805 19.8455078225818 20.1020703063054 20.2710352034292 20.3508398120355 20.4054817440394 20.42569665742 20.4438737258895 20.4220572998893 20.2092773163621 19.9451366915888 19.9028515436045 19.9764452997059 19.8792708258296 19.9030012782615 19.3374869877597 17.9781705155323 16.8712891042278 16.0826562691833 16.4205598839276 18.0095247551625 19.158899736547 19.7543879942741 19.8798501628774 -9999 -9999 -9999 -9999 -9999 -9999 -9999 -9999 -9999 -9999 -9999 -9999 -9999 -9999 -9999 -9999 -9999 -9999 -9999 -9999 -9999 -9999 -9999 -9999 -9999 -9999 -9999 -9999
17.9875846843835 18.1208658361303 17.9480142926196 17.9060416778725 18.5614734850173 19.1178602031157 17.8867708477227 16.2553254755319 17.3776757472688 18.5591601067319 19.0501432258917 19.3594791524783 19.6083658892522 19.7711979632043 19.8372070069862 19.8812890264971 19.9312630208901 20.0060286519085 20.0390754624679 19.9889388022314 19.8649609359165 19.7804492480381 19.8280664179717 19.7349023467339 19.7309309902697 19.5479426706256 18.6943098906878 16.8725129973166 15.0556054836564 14.6330077763223 15.6960091307433 18.0785286378943 18.8535872189121 19.5063606386198 -9999 -9999 -9999 -9999 -9999 -9999 -9999 -9999 -9999 -9999 -9999 -9999 -9999 -9999 -9999 -9999 -9999 -9999 -9999 -9999 -9999 -9999 -9999 -9999 -9999 -9999 -9999 -9999 -9999
17.6152604224762 17.7266080568732 17.8210416530692 18.0926627735929 18.5145312808454 18.4284374653778 17.8138802524513 16.372981722147 17.5053906897372 18.5396874911359 18.8162760836054 19.1010026418584 19.2857681965701 19.3747721125 19.3784570104392 19.3674022841756 19.487102886422 19.6100326065338 19.6717513113064 19.6374349037758 19.5331640270299 19.4098632408603 19.1191211023098 18.9766796613456 19.0232747214083 18.9359114572981 18.108626288786 16.9424348993654 14.5249414052255 13.1705273615118 15.1773762954229 18.5820052585822 19.29419269805 -9999 -9999 -9999 -9999 -9999 -9999 -9999 -9999 -9999 -9999 -9999 -9999 -9999 -9999 -9999 -9999 -9999 -9999 -9999 -9999 -9999 -9999 -9999 -9999 -9999 -9999 -9999 -9999 -9999 -9999
17.2935221348171 17.1014713238882 17.4932616929984 -9999 17.9973004676325 17.8260374103047 18.0762044177081 16.85366537152 16.9801237131994 18.185455766096 18.3966015945303 18.7620117221859 18.8612239474586 18.9059115035982 18.8923046765931 18.955078189234 19.1095247144345 19.2484700667476 19.3275129959464 19.352610662201 19.2871223892189 19.1680403387858 18.9996940543756 18.8580534137018 18.4633137654536 18.3050911356873 17.1502864590861 16.1493880594804 14.8953971279033 13.8364517848678 15.7285937529831 17.7343033462736 19.1162499388059 -9999 -9999 -9999 -9999 -9999 -9999 -9999 -9999 -9999 -9999 -9999 -9999 -9999 -9999 -9999 -9999 -9999 -9999 -9999 -9999 -9999 -9999 -9999 -9999 -9999 -9999 -9999 -9999 -9999 -9999
16.9980729688644 16.8483853917848 -9999 -9999 17.32170140673 17.5004905038225 18.1516926463128 16.4354622382029 16.5455924385916 17.5224674451666 17.7492968426779 18.0855859337804 18.2397591314839 18.314681047639 18.453554721606 18.5360742016378 18.6862630329348 18.8160090983974 18.9261849491757 19.0019075811485 18.9787043723649 18.9169270190238 18.8737174579788 18.6776432543546 18.0831966305797 17.4683528954344 16.7609114260369 15.6836067648649 14.8703776116739 14.6375455507311 15.9981054992115 18.1218229756892 -9999 -9999 -9999 -9999 -9999 -9999 -9999 -9999 -9999 -9999 -9999 -9999 -9999 -9999 -9999 -9999 -9999 -9999 -9999 -9999 -9999 -9999 -9999 -9999 -9999 -9999 -9999 -9999 -9999 -9999 -9999
-9999 -9999 -9999 16.9797917207082 16.710091178754 17.2207942198286 15.8892383636604 16.120351558023 16.9181315012423 17.086901031303 17.2033919366387 17.3496614510479 17.6033072403491 17.744479186461 17.8731119386155 18.0561588289958 18.1746614545569 18.3050911573622 18.4397721623957 18.5378580696652 18.5872004870798 18.5958527997526 18.5493294377465 18.1346615349153 17.5481380020648 16.9122590884866 15.4975390763941 13.9345702651433 14.3606315104327 14.5613736970208 16.2460155834726 18.5148436265252 -9999 -9999 -9999 -9999 -9999 -9999 -9999 -9999 -9999 -9999 -9999 -9999 -9999 -9999 -9999 -9999 -9999 -9999 -9999 -9999 -9999 -9999 -9999 -9999 -9999 -9999 -9999 -9999 -9999 -9999 -9999
-9999 -9999 -9999 15.3703645790617 15.735892005401 16.0470442567378 15.8892317995739 16.4596614328524 16.6057486534478 16.7386588287125 16.8378645851372 16.737571605597 16.7996353978817 17.0356706255882 17.2539517958725 17.4344791030118 17.5871810008293 17.7381770944413 17.8755143860478 17.928190095265 18.0458724025505 18.0880404479232 17.9368294543206 17.3800130064011 16.5434309943761 15.4930599628207 12.8688476554771 11.094531250829 12.6642643189024 14.6347721514371 17.6548828238777 -9999 -9999 -9999 -9999 -9999 -9999 -9999 -9999 -9999 -9999 -9999 -9999 -9999 -9999 -9999 -9999 -9999 -9999 -9999 -9999 -9999 -9999 -9999 -9999 -9999 -9999 -9999 -9999 -9999 -9999 -9999 -9999
