2050_A2_CS/TMEAN.asc
NCOLS 720 
NROWS 360 
XLLCORNER -180 
YLLCORNER -90 
CELLSIZE 0.5 
NODATA_value -9999 
[rows 224 to 251 of 360, columns 189 to 251 of 720]
-9999 -9999 -9999 -9999 -9999 -9999 -9999 -9999 -9999 -9999 -9999 -9999 -9999 -9999 -9999 -9999 -9999 -9999 -9999 -9999 -9999 -9999 -9999 -9999 -9999 -9999 -9999 -9999 -9999 -9999 19.1187955405445 17.911477804045 16.7806184967665 12.8024218525174 9.87826169507795 5.22125000140226 6.08085936375913 7.2336979233354 10.1627994520261 12.0375976231286 10.9808593985672 18.2659700870618 22.5509309602336 23.6042643492395 25.0175065261298 25.3412824623142 25.3770441577552 25.7428190480824 26.3362760931638 27.0028646494265 27.2969270869248 27.1834115191707 27.0048176991732 27.0319985844357 27.1813346150471 27.1316275637665 26.4805924526648 26.0952734229616 25.5881249785401 24.4004362121788 25.1749673795895 25.4645508475296 25.6218358227921
-9999 -9999 -9999 -9999 -9999 -9999 -9999 -9999 -9999 -9999 -9999 -9999 -9999 -9999 -9999 -9999 -9999 -9999 -9999 -9999 -9999 -9999 -9999 -9999 -9999 -9999 -9999 -9999 -9999 -9999 18.8274675018235 17.7637044275951 16.8795247268123 13.9195898349639 12.9725585917764 5.95070311696668 5.73253903330545 6.56188153616046 9.01444010026304 11.5362695003825 11.3242772806236 19.9386458500576 23.7472981810945 24.5972330573478 25.1491471483666 25.1595832867636 25.1177083416441 25.4841081179141 25.9461392459713 26.326438819974 26.5497786031115 26.5609114890137 26.4505794469571 26.5006705471672 26.7410611924501 26.6778580624695 26.0332096480586 25.8102148164965 25.0866796458495 24.6009245255153 24.6701627363834 25.1139062589629 25.0255664796378
-9999 -9999 -9999 -9999 -9999 -9999 -9999 -9999 -9999 -9999 -9999 -9999 -9999 -9999 -9999 -9999 -9999 -9999 -9999 -9999 -9999 -9999 -9999 -9999 -9999 -9999 -9999 -9999 -9999 19.978140215654 18.9833029344797 18.2775195469827 16.2290624630165 13.7529882659372 16.0791406254389 8.50983724760501 7.07647785000738 8.37208331526287 9.99454428931341 11.0330338548995 10.3480143449392 18.9182356744129 24.2754036195325 24.9627995390432 25.1132096693147 25.1084244444286 25.119850217063 25.2767187302566 25.4673438131794 25.6020898209873 25.7465625560294 25.8615820089873 25.7958593683007 25.8651887238259 26.2629426218027 26.2538932211662 25.8887565343312 25.3199218824087 24.9469336064423 24.5754036526688 24.1755598722464 24.4429557202732 24.4478580870563
-9999 -9999 -9999 -9999 -9999 -9999 -9999 -9999 -9999 -9999 -9999 -9999 -9999 -9999 -9999 -9999 -9999 -9999 -9999 -9999 -9999 -9999 -9999 -9999 -9999 -9999 -9999 -9999 -9999 19.4493315771721 19.0264669865359 19.1800781287989 16.428144515455 14.6098242598198 15.3092968588006 8.52106766314868 7.7449544294303 8.60686850010843 10.5667122382665 10.597877575549 15.1235416476788 21.4501496833256 23.583899697099 24.4159440036055 24.9519595716125 25.0309830650174 25.054655038541 25.0834961907798 25.0572070352133 25.0334765542474 25.1422070213039 25.3448633511883 25.4194726288073 25.5454623737814 25.8455988954797 25.7638737936322 25.4595572860007 25.0374805122771 24.755253846964 24.5753255385109 24.0301692574096 24.0661979140436 23.9815104146295
-9999 -9999 -9999 -9999 -9999 -9999 -9999 -9999 -9999 -9999 -9999 -9999 -9999 -9999 -9999 -9999 -9999 -9999 -9999 -9999 -9999 -9999 -9999 -9999 -9999 -9999 -9999 -9999 -9999 18.0428125773632 17.6467382788406 18.9333398551203 15.6431445552419 12.2750065443591 9.77861982008064 8.77962891038841 9.25935549399102 7.60652996967225 8.3046744828171 10.3808463562538 17.80184246068 21.4712760185661 21.6720182099614 24.25082680366 24.7141666130417 24.8479426996814 24.8120638681476 24.7411784415184 24.670846467527 24.6711588721979 24.7577408753334 24.9379101982134 25.1193359316552 25.298854067511 25.3976822864906 25.3154036833253 24.9884309453023 24.6558528272313 24.4127864253514 24.407805954155 23.9802669686391 23.4682421639004 23.3764452910049
-9999 -9999 -9999 -9999 -9999 -9999 -9999 -9999 -9999 -9999 -9999 -9999 -9999 -9999 -9999 -9999 -9999 -9999 -9999 -9999 -9999 -9999 -9999 -9999 -9999 -9999 -9999 -9999 -9999 18.1687500169659 16.8693424216915 17.5464062144522 13.5466992482561 9.96285805045552 7.76301431909771 11.2173827985815 9.73580080843018 8.07088540117475 9.11930336548034 13.2393228726727 19.1944205443402 20.0806705688035 22.4832485453526 23.8835025649986 24.2722526227363 24.4398958283066 24.4384700497693 24.3324870240766 24.3203385003134 24.3554362148055 24.4468815099633 24.5939258048009 24.801132830768 25.0096549909767 25.0008464247954 25.1329622418571 24.9757355711571 24.5429036287107 23.8912630220711 23.8747981779547 23.7070052799824 23.1606054145294 22.6661523628956
-9999 -9999 -9999 -9999 -9999 -9999 -9999 -9999 -9999 -9999 -9999 -9999 -9999 -9999 -9999 -9999 -9999 -9999 -9999 -9999 -9999 -9999 -9999 -9999 -9999 -9999 -9999 -9999 -9999 19.6864105664494 18.9513845604291 17.5488607040743 10.7413997359904 8.75350264650692 7.35611977025317 8.11728518374199 9.01001954760244 8.10136719114295 12.8596289524372 14.687519506657 18.8076367021838 21.1986653292398 22.9313606891046 23.6085742645731 23.8889452842402 24.0785025931599 24.1466470616917 24.1127278252972 24.1006965886666 24.1051300852698 24.1215755581835 24.2041796840389 24.3428905796813 24.476445295386 24.5104492681572 24.9302213662362 24.5607095871713 24.3704622151257 23.9134115281023 23.4905664563136 23.6125976533509 23.0445052396228 22.2667708760757
-9999 -9999 -9999 -9999 -9999 -9999 -9999 -9999 -9999 -9999 -9999 -9999 -9999 -9999 -9999 -9999 -9999 -9999 -9999 -9999 -9999 -9999 -9999 -9999 -9999 -9999 -9999 -9999 -9999 20.5118338160188 19.410466571495 17.8272395847903 10.9923567235918 7.88674477434149 7.71783851576884 9.04914062266355 6.89142578317701 7.16935546347488 13.6106054769361 16.6166015205721 18.5802343531274 21.2100520453675 22.6333724136837 23.3664648578312 23.6206445590331 23.8378971978315 23.9887760462621 24.0399348183647 23.9653254829229 23.8888606480642 23.8181770589255 23.7969335898355 23.8386132274128 23.9404492214735 24.1996288488612 24.4105925787363 23.9627995343833 23.6893098676697 23.4005989661994 23.0246875713533 22.8914257960902 22.7360091023529 22.0651496927761
-9999 -9999 -9999 -9999 -9999 -9999 -9999 -9999 -9999 -9999 -9999 -9999 -9999 -9999 -9999 -9999 -9999 -9999 -9999 -9999 -9999 -9999 -9999 -9999 -9999 -9999 -9999 -9999 -9999 20.4115495336575 19.1628580967507 16.8899934847692 11.0964583277454 6.11195961749486 6.38975262317323 9.41901696869091 8.51485674680997 7.17690104407937 9.74701819199054 16.36595698345 19.8484960868043 20.2746419251937 22.6023762914787 23.1391731290916 23.4051692388106 23.6333918815423 23.8451496979399 23.9282096925259 23.7871745156159 23.6028320450534 23.4642382484597 23.4217839070144 23.4369596816385 23.5356380431215 23.9711458398711 24.1026497652097 23.8097590858443 23.4506574829443 23.1646809464606 22.8598893501526 22.1543033638935 21.995983082371 21.2402018084162
-9999 -9999 -9999 -9999 -9999 -9999 -9999 -9999 -9999 -9999 -9999 -9999 -9999 -9999 -9999 -9999 -9999 -9999 -9999 -9999 -9999 -9999 -9999 -9999 -9999 -9999 -9999 -9999 -9999 18.9475065013115 16.9102604216294 14.048860700083 8.72923175091526 5.02627603891605 4.84610026582727 8.330520833707 8.78286456975875 11.1845768159341 14.077604236711 13.7399218723939 20.3824218828175 21.7642513501228 22.7133918980678 22.9839973202507 23.1997785824526 23.4002083169447 23.5472786112734 23.5849674067428 23.562526084661 23.3043944682651 23.0992968470203 23.0949869543222 23.1944205477055 23.4723177937354 23.8017121939841 23.9443294966119 23.8391146027604 23.5955208763563 23.4153645650749 22.9397916265345 22.2821354018952 21.6870377805752 20.8508072732532
-9999 -9999 -9999 -9999 -9999 -9999 -9999 -9999 -9999 -9999 -9999 -9999 -9999 -9999 -9999 -9999 -9999 -9999 -9999 -9999 -9999 -9999 -9999 -9999 -9999 -9999 -9999 -9999 -9999 17.9437629874606 15.9855989328697 12.4736458281636 6.86522785724159 3.05067706443442 5.38948566797456 13.4193164020837 12.1657617397736 16.8925586190108 13.6639257648906 18.7071679850779 21.8803711134637 22.0848307495055 22.6043228860959 22.8133268252676 22.9796744183164 23.1398892640713 23.2145767934548 23.2850520922848 23.3918685200558 23.240344989394 22.9687044875598 22.8284439576855 22.8846745066338 23.3660677711441 23.5418098757319 23.7912629968472 24.007551988017 23.931647144307 23.235787747803 22.6765885865225 21.9799479608103 21.4081055053121 21.5509570482939
-9999 -9999 -9999 -9999 -9999 -9999 -9999 -9999 -9999 -9999 -9999 -9999 -9999 -9999 -9999 -9999 -9999 -9999 -9999 -9999 -9999 -9999 -9999 -9999 -9999 -9999 -9999 -9999 18.5425000786781 17.805931044737 14.4455599078087 10.0077864928146 4.68993489769101 1.63583333051302 7.80339192491926 15.3416406145988 17.8991405995994 20.3142968254746 19.1021092983971 19.8161719195359 21.765996119658 21.6503190299375 22.2343229083149 22.5596353811268 22.7685806442549 22.8878384675324 22.9379166230171 23.0285091620035 23.151204367722 23.0948567237887 22.8128450527318 22.5848501755102 22.5407681858191 22.8786262726005 23.1896027739963 23.4980599020429 23.6991145385591 23.5408072682378 22.8751237115154 22.3694597136978 22.194772178394 22.0506249801721 21.740195286479
-9999 -9999 -9999 -9999 -9999 -9999 -9999 -9999 -9999 -9999 -9999 -9999 -9999 -9999 -9999 -9999 -9999 -9999 -9999 -9999 -9999 -9999 -9999 -9999 -9999 -9999 -9999 -9999 18.2986718626246 16.8674088744936 10.9689322991591 7.17039064430116 4.35478514955566 4.6973567473891 10.6618098813057 14.5048958251941 19.4306770660881 21.1828971835453 18.4720572818561 19.2167317609007 21.0882746711253 21.5244140473826 22.2427539007557 22.3797005453473 22.5390169827825 22.6428125683516 22.6810547744737 22.6954752751559 22.6886588581836 22.6021028308352 22.423196544652 22.2862369061037 22.3373306780737 22.427395822823 22.6287044328617 22.8753515456364 23.0015038189523 22.855826812408 22.5145181830665 22.3491536778827 22.3302669348365 22.1102018414294 21.5435416903949
-9999 -9999 -9999 -9999 -9999 -9999 -9999 -9999 -9999 -9999 -9999 -9999 -9999 -9999 -9999 -9999 -9999 -9999 -9999 -9999 -9999 -9999 -9999 -9999 -9999 -9999 -9999 -9999 16.5605078663525 14.2831510185559 8.53309245561777 3.43218750776997 5.52445313003351 9.10003253657348 15.7980207981195 12.4240169338608 15.1140364778341 20.1564908744642 20.3902213616404 21.2086849007149 21.5119661190957 22.0879491995262 22.3358398790695 22.1652864480742 22.1646419497123 22.1884961284925 22.1352734899413 22.119069004906 22.1171745364499 22.0527083089627 21.9080208631209 21.8784830940141 22.0515104621627 22.0034309535934 22.0166535848439 22.1415430338647 22.2686328061884 22.2112174337153 22.0095377494683 21.796770842138 21.6688411770991 21.4969986964399 20.9705338505382
-9999 -9999 -9999 -9999 -9999 -9999 -9999 -9999 -9999 -9999 -9999 -9999 -9999 -9999 -9999 -9999 -9999 -9999 -9999 -9999 -9999 -9999 -9999 -9999 -9999 -9999 -9999 -9999 15.9918685076233 11.3505403275577 4.50981769667108 2.3749674547642 6.44053384414475 11.2783268669964 17.1911002976501 13.8250130121633 17.7559700482126 20.5143424618656 22.5348307704561 22.2529231926096 22.1577669873363 22.3402213491786 21.9393033439166 20.8846875181886 21.4987109520918 21.5559830885019 21.5081901062012 21.5065884750496 21.5500260145474 21.5540950953589 21.4338020330813 21.4269596439834 21.6212174474199 21.5769726830044 21.357695332744 21.5042057778879 21.7254557457339 21.6575455755729 21.3140104542335 20.9114257910592 20.6255664258381 20.4363736838018 20.3586588194466
-9999 -9999 -9999 -9999 -9999 -9999 -9999 -9999 -9999 -9999 -9999 -9999 -9999 -9999 -9999 -9999 -9999 -9999 -9999 -9999 -9999 -9999 -9999 -9999 -9999 -9999 -9999 -9999 15.9242187843296 11.3831380279631 4.44591143197925 1.597760437239 7.76988931640671 12.2349088649835 18.4538932086647 17.2131770523756 19.141516925223 22.077584678894 22.5003971132064 22.2652278696004 22.5040559417733 22.1909244863569 20.3973502329347 19.3854686929631 20.8314062041599 20.9000845649958 20.8252213379458 20.8599674741125 21.0545182331303 21.1570637732059 21.1672005562162 21.1880142938732 21.2044987259068 21.154062553325 21.0326953259098 21.2217058330164 21.3843619670727 21.1597721500773 20.6951237356784 20.1903711066094 20.2384375491091 20.5716861907781 20.6957096486329
-9999 -9999 -9999 -9999 -9999 -9999 -9999 -9999 -9999 -9999 -9999 -9999 -9999 -9999 -9999 -9999 -9999 -9999 -9999 -9999 -9999 -9999 -9999 -9999 -9999 -9999 -9999 17.1530598812852 16.0251497333224 11.7314518797335 3.91330728623954 1.31967449318736 11.5389909021459 15.7507617129545 19.5396289365467 18.0483594261611 20.0664062368819 21.6635937714527 21.9164453620809 22.3517968365709 22.15363281636 21.2185155867657 18.2546679366757 19.2551366859849 20.2798827875608 20.2840624527562 20.2447069949577 20.3088932053449 20.5878775796534 20.8128775997167 20.9526626872799 21.0298567471165 20.9117707854664 20.7843880587822 20.7711068549326 20.8870703140306 20.9704296469489 20.8081966537382 20.3113801709627 19.9469791219274 19.9521158854132 20.2572851555888 20.3849023568047
-9999 -9999 -9999 -9999 -9999 -9999 -9999 -9999 -9999 -9999 -9999 -9999 -9999 -9999 -9999 -9999 -9999 -9999 -9999 -9999 -9999 -9999 -9999 -9999 -9999 -9999 -9999 17.201373709805 15.9285611606207 11.3723111977647 3.34188151247601 4.93311198282341 9.71217449721112 15.9182226453314 19.7053906684149 18.8672070575154 19.9183984011618 20.2193750176528 20.6306054985157 21.902206950941 20.7307421437589 18.4203124564171 16.5065820316449 18.8107421825188 19.6395507305353 19.715683561897 19.7113671499664 19.8558463693757 20.2360221469829 20.5145768016306 20.7065689783477 20.7935873514957 20.5757161176959 20.4026107071237 20.4145247331186 20.4931444963505 20.3685546565702 20.1288997003484 19.8380989371044 19.4895182045034 19.806315127252 19.9143750167818 19.4780859694826
-9999 -9999 -9999 -9999 -9999 -9999 -9999 -9999 -9999 -9999 -9999 -9999 -9999 -9999 -9999 -9999 -9999 -9999 -9999 -9999 -9999 -9999 -9999 -9999 -9999 -9999 -9999 16.1102734277236 14.3091796925681 8.23807943812051 2.45372395009986 5.25809897078155 10.9274153416376 15.4138020664716 18.3672981972515 16.840748677519 20.0039909082401 20.280742176821 20.6792969141128 21.4126692980182 18.5346223516847 15.0333528449212 17.3155012779747 18.5798892800809 18.9324088467358 19.0653319742081 19.1065429189214 19.3786913905331 19.9137695444125 20.2043033872986 20.2204557116673 20.1215039224955 19.9834766091757 19.9253515692655 19.9674219607834 19.9522851539527 19.89091798597 19.6913280877362 19.1707812227359 19.2967447025002 19.4285025684251 19.5011132493657 19.1999999375055
-9999 -9999 -9999 -9999 -9999 -9999 -9999 -9999 -9999 -9999 -9999 -9999 -9999 -9999 -9999 -9999 -9999 -9999 -9999 -9999 -9999 -9999 -9999 -9999 -9999 -9999 -9999 17.2086132801611 15.9119140464367 10.3584700164898 2.37081381772712 6.78866536959282 8.49136067937832 15.2548763523057 18.8417122650897 19.1388932344355 20.2275064495834 20.8505468573525 20.7679297423461 21.0734505123921 18.9542512796546 14.5055794305146 18.135677100695 18.4572916473855 18.4549088102533 18.5469531128813 18.6805077725693 18.965429633206 19.442792944118 19.6434049931333 19.53486981325 19.4501757865003 19.4042578471132 19.4020898749462 19.574824229431 19.4731640321939 19.3228515358779 19.0375976579968 18.8293554677113 19.1385611818595 19.1301042075278 19.0949414347204 19.1465039219646
-9999 -9999 -9999 -9999 -9999 -9999 -9999 -9999 -9999 -9999 -9999 -9999 -9999 -9999 -9999 -9999 -9999 -9999 -9999 -9999 -9999 -9999 -9999 -9999 -9999 -9999 -9999 17.4586588212115 16.0899674263319 11.9046874477723 2.54138672040456 3.98292969835105 8.41748050978423 16.9612891038659 19.4016211212517 19.6355794649503 19.5714583056171 19.9528385863274 19.7545768117968 19.0471094292953 18.6769531246575 15.1453320336849 17.7293945687314 18.0888151138541 18.1098502766985 18.1245051699639 18.3626497054753 18.5307226544312 18.8475780917887 19.1195051631079 19.1168098545588 19.1790950355652 19.1164973714706 19.1689973487218 19.4251496814704 19.2752669195148 19.2344660957402 19.0230012819832 18.8535091283183 18.995156293473 18.9855468952043 18.8709896231781 18.6850325471394
-9999 -9999 -9999 -9999 -9999 -9999 -9999 -9999 -9999 -9999 -9999 -9999 -9999 -9999 -9999 -9999 -9999 -9999 -9999 -9999 -9999 -9999 -9999 -9999 -9999 -9999 -9999 16.5807291938753 15.9632031424847 15.1805468949382 5.16251952082104 1.94931639807702 8.47261715729658 17.6666601816188 18.9153124560007 19.1622786234548 19.3714973933623 18.6827799947907 16.5343424164772 15.8194140409381 17.0130077697446 15.9252148721841 17.678476595111 18.1394400822301 18.0554166243321 17.9309114590612 18.1304427545187 18.1210741792081 18.1011914120444 18.3698372292583 18.9272982037561 18.9788802370271 18.9210286747645 18.9078254864015 19.1349739923182 19.0619075457715 19.0177083211601 18.9886458993464 18.9314778952794 18.8376366942021 18.5478320551872 18.174173222085 18.3190950282138
-9999 -9999 -9999 -9999 -9999 -9999 -9999 -9999 -9999 -9999 -9999 -9999 -9999 -9999 -9999 -9999 -9999 -9999 -9999 -9999 -9999 -9999 -9999 -9999 -9999 -9999 -9999 16.012643274308 15.485494768399 14.7086003234012 4.30469400774795 0.519270856301589 10.9934700224253 16.7372851640203 17.9956640132338 18.5786978983949 18.9096159026763 18.4056575349936 16.725481764537 16.6499023562539 16.3549609152838 17.2406836345959 18.0664257964745 18.1997981595812 18.0988216217085 17.8995572876041 17.7993619860749 17.7023241752942 17.603769579878 17.7517317853113 18.2573372419485 18.5560546761214 18.5489062277312 18.3836003223279 18.5333268445486 18.7758203088467 18.7682616855156 18.7039453136817 18.5951953668897 18.4298372934553 18.0606966079285 18.3191015918165 18.4572656444641
-9999 -9999 -9999 -9999 -9999 -9999 -9999 -9999 -9999 -9999 -9999 -9999 -9999 -9999 -9999 -9999 -9999 -9999 -9999 -9999 -9999 -9999 -9999 -9999 -9999 -9999 -9999 18.5158463583334 17.1492252573581 15.0432682251482 8.1422135359233 1.72477863483615 11.6003841124983 14.8141601573172 16.8677148765224 18.1223892995341 18.5199869862719 18.5142708604124 17.5033527994816 17.3378710993512 17.4362109404807 17.8630273497016 18.2029101735933 18.2020442396051 18.0158723531874 17.7104167061561 17.490865894491 17.3566015147583 17.3019922011245 17.400989540176 17.6852864841124 17.9692578326371 17.9872460832009 17.9089713130938 18.1236197459562 18.2964648188023 18.1757031143513 18.1871679509964 18.2431835867903 18.1495247219149 17.9815364324421 18.1349609541455 18.1127539001796
-9999 -9999 -9999 -9999 -9999 -9999 -9999 -9999 -9999 -9999 -9999 -9999 -9999 -9999 -9999 -9999 -9999 -9999 -9999 -9999 -9999 -9999 -9999 -9999 -9999 -9999 -9999 16.800266904307 16.4784700378032 13.8735221145288 5.93645180393301 3.0009505358718 10.0509310578465 13.7522786547982 16.5234505193793 17.773352846646 18.1710481822674 18.0401627089702 17.4103775947513 17.4801497679425 17.6754036884866 17.9461002981779 18.1039908984179 18.0235286625463 17.7766731600666 17.4917252687838 17.2465690137189 17.1110872247907 17.074114615854 17.1921289443675 17.4434765597586 17.6776302169199 17.5996419192018 17.4613693583263 18.1493966754766 18.3004361358972 18.1218228801915 17.9782617791938 18.0505468968831 18.1239191736582 17.7733919337072 17.5352538756108 17.4233983851729
-9999 -9999 -9999 -9999 -9999 -9999 -9999 -9999 -9999 -9999 -9999 -9999 -9999 -9999 -9999 -9999 -9999 -9999 -9999 -9999 -9999 -9999 -9999 -9999 -9999 -9999 15.5983204092867 15.6812239970959 15.4670637849811 11.2587565238605 4.35006509799425 6.15638021488827 11.6298372729104 13.6271810029151 16.4519661731276 17.5439973055061 17.830071650386 17.8339127635524 17.5040690091527 17.5594271267698 17.6840169858871 17.8497135834543 17.946256556534 17.7887630611864 17.551048141442 17.2765885093408 16.991295550077 16.8487434954418 16.889641933917 17.0251757522226 17.2608789476847 17.5241341433903 17.4749153313587 17.2802365433235 17.5219552993559 17.8247917458198 18.1722915495435 17.7825781341525 17.6639061946348 17.893567646389 17.8128645643923 17.5645702964786 17.4422851039664
-9999 -9999 -9999 -9999 -9999 -9999 -9999 -9999 -9999 -9999 -9999 -9999 -9999 -9999 -9999 -9999 -9999 -9999 -9999 -9999 -9999 -9999 -9999 -9999 -9999 14.1826128589619 14.3370334780178 15.0604622451671 14.2049935168945 8.77736980069083 5.64844401291986 9.35606770925352 13.320266923789 13.140891886277 15.2584895944135 17.3354557654176 17.5597526043492 17.5959049679221 17.5023503041837 17.4449023330937 17.4400976472137 17.493450587756 17.5664778861425 17.4642838587309 17.3537369372051 17.1479361724984 16.796490856648 16.5708984038666 16.7243163595026 16.8882421763195 17.0084570456622 17.1316406134671 17.1109179392223 16.968007829636 16.9752734515256 16.9947461346995 17.0094140498062 -9999 -9999 -9999 -9999 -9999 -9999
-9999 -9999 -9999 -9999 -9999 -9999 -9999 -9999 -9999 -9999 -9999 -9999 -9999 -9999 -9999 -9999 -9999 -9999 -9999 -9999 -9999 -9999 -9999 -9999 -9999 14.0911545147518 14.5326193564022 15.2543489634371 12.2405794360229 7.94065103569661 7.17053383002347 9.65817709941111 12.6374739718072 11.4439583893144 13.5756771063217 16.4091080809075 17.2287174403927 17.2610416495751 17.1904556790391 17.1350585787673 17.1171874871151 17.129856797515 17.1133528628392 17.1210026300937 17.1663150774707 17.1462174059286 16.8296353687176 16.5571484558318 16.523066376799 16.5689843815233 16.5919921516688 16.6226562135227 16.6369140487315 16.5677539219102 16.5195898084783 16.5094531178978 16.7439062462809 -9999 -9999 -9999 -9999 -9999 -9999
