2050_A2_CS/TMEAN.asc
NCOLS 720 
NROWS 360 
XLLCORNER -180 
YLLCORNER -90 
CELLSIZE 0.5 
NODATA_value -9999 
[rows 84 to 111 of 360, columns 189 to 251 of 720]
5.21659504481187 4.57425128600665 3.9131965859923 3.76077479187261 3.80534507930308 3.84416667931538 3.86555335737292 3.76500649525007 3.69959634924468 3.71784505572445 4.01958335914058 4.45729815504927 4.42216144370275 4.10638021214405 3.89116533446363 3.61219400175747 3.48381508771122 3.55598308030306 3.62217449957466 3.61824868215444 3.47121742222715 3.14673176928997 3.075227904365 3.48023439946528 4.21742187313095 4.68698564242246 4.27032549318105 3.41862632095747 2.25204427353506 2.62542317403936 3.95923180067289 4.7914713321517 4.43389320059425 4.39325523767529 3.89526692371782 3.86356771106767 4.10302078882259 4.43583333479801 4.73423177173307 5.83628252293075 6.16059894435401 6.23755209306187 -9999 -9999 -9999 -9999 -9999 -9999 -9999 -9999 -9999 -9999 5.39996740373746 5.2493359383405 5.41257812619248 5.38861977741084 5.54219400359919 5.57062501325848 5.96767577145624 6.39925781943394 6.54547524470857 6.70240232862696 7.02995444842266
6.08427083535977 5.47661460657277 4.49868489570498 4.23311850736536 4.29169272064918 4.35080731352472 4.42920576505558 4.25176430040457 4.15096352733963 4.35503255914926 4.73686850562718 5.00909507686185 5.06167321375304 4.48358722655441 4.2258333658079 4.11172524504005 4.08231118770636 4.14891276066553 4.19272136029197 4.34682294279927 4.31914716075847 3.9565559897491 3.6447591367021 3.96689451554112 4.47615236862768 5.11063798887267 4.80214191075002 3.88714192239871 3.45233722505107 4.18970050742845 5.318313837937 4.70868490373905 4.4832356969687 4.59743489037033 4.93839193124719 4.82903644632427 4.5635286228524 4.03493491922229 4.59261068006563 5.93065757041038 6.32452471890098 6.58230471631538 -9999 -9999 -9999 -9999 -9999 6.96841136262816 -9999 -9999 -9999 -9999 -9999 -9999 -9999 -9999 5.97869791618238 5.86546878966814 6.35937498447796 7.08847654072031 6.96059243570683 6.91945311093393 7.3048958272761
6.80089191875205 6.42820960119258 5.53598310435166 5.16716148230321 5.21606771475842 5.12652340449299 4.9315234544138 4.92365883723056 5.13580731076554 5.63731121653473 5.72654948695582 5.69933595088801 5.59599606050199 5.21291668110639 4.75779947241126 4.68817709060364 4.76489583267595 4.73472003714703 5.00987628962391 5.2364908634532 5.03584634776302 4.50263021135913 4.24712238423746 4.49277996354762 5.03670572518778 5.92301436158507 6.20942060572032 6.21311193065822 6.32143228010434 6.06031249430148 5.01931640093437 4.99958337405009 4.78727865774549 4.83112629408691 5.3973958029998 5.66273439256513 5.04699217027575 4.7950911519353 5.6087043843102 6.25054689803663 6.53691409437302 6.91413411387273 7.01885416886521 7.20739586325362 7.35671874353041 7.49770830719111 7.47020830879531 -9999 -9999 6.06350694807268 6.24853300738169 -9999 -9999 -9999 -9999 -9999 -9999 -9999 7.17125006765127 7.23906246417512 7.14234381945183 -9999 7.55208331843217
7.46243487404352 7.16125650420322 6.86668621172014 6.77647788310295 6.79350912198893 6.60906250683082 6.37615238650275 6.2264322471691 6.43705731586836 6.76781904056411 6.77309243034298 6.61527341307819 6.16054685355078 5.7003971439205 5.36633465609968 5.68712240303488 5.89737629468091 5.82009111474994 5.79647784898737 5.8494596182274 5.68912760713585 5.63684895281815 5.08778645316688 5.57453771934461 6.64322911126688 7.17951824477354 6.97883460874548 6.31885414668554 5.64729164926218 5.78083984481254 5.13874994503675 5.05057941167343 5.2413411429824 5.35944660251367 5.5926106543681 6.09082030731591 5.93046874173432 6.02907555407046 6.29641927706791 6.45408202235832 6.71015627557271 7.07069660980556 7.22279946016516 7.2701692526171 7.37816404402719 7.51796220737657 7.49098954142183 -9999 7.12681642962889 6.86122177103175 7.49784288839931 7.60458343600233 -9999 -9999 -9999 -9999 -9999 -9999 -9999 -9999 -9999 -9999 -9999
8.49927735317394 8.17508462912693 7.95233072936506 7.76324873558358 7.67459635589815 7.54658855035521 7.27627605875093 7.21102864088283 7.39940756625998 7.50559246951019 7.31850262260045 6.8371940336931 6.14848308133209 5.65479815437069 5.56460281648833 6.22020181093825 7.08547528050416 7.11985024308689 6.76682290754437 6.72438149039422 6.86914711038638 6.95727212578918 6.92455729683662 7.68034504526583 7.91778637951114 7.6061523684191 6.95287108730853 6.10962240684881 5.62919271921938 5.35164709819299 5.04082679987922 5.43492186883839 5.56521479238873 6.12218749624561 6.52152338918733 6.58131507990666 6.72901043025242 6.97171224241075 7.25155601004258 6.93705080434021 6.66607422494887 6.96515628036136 7.24513671355033 7.29033854657699 7.34522135514878 7.31058593735893 7.15386719554422 7.44181636925621 7.53121745066099 7.72561849825543 7.63207678203189 7.68916663900018 -9999 -9999 -9999 -9999 -9999 -9999 -9999 -9999 -9999 -9999 -9999
9.00275394532395 8.35736979337852 8.18459634632464 8.22404945533111 8.32242836357614 8.20381509753632 8.0587760619229 7.95741534408015 7.99544270151203 8.06440105805141 7.9860026197027 7.45580729511966 6.8892643436449 6.43307939790411 6.12309898990923 6.49057291799838 6.94100260548157 7.34336584498516 7.59760415722799 7.94352212018905 8.14348303842711 8.2474088534027 8.37776046655805 8.48378256838514 8.49979815569258 7.71253909559091 6.89144533171938 6.04995438718542 4.97761065207177 4.77551432774496 5.39516272191061 6.02896488547101 6.66843746997587 7.23824218572196 7.17410156306885 7.28582679487319 7.48953775954672 7.45069661600042 7.5002083310873 7.24298831814464 7.36183587713982 7.69990233098407 7.66646484744447 7.50177731817871 7.34003907298423 7.0631250095353 7.18039059971023 7.48388669116662 7.75070962528724 7.89817712735385 -9999 -9999 -9999 -9999 -9999 -9999 -9999 -9999 -9999 -9999 -9999 -9999 -9999
8.76026039484082 8.13585937866407 8.05562499839827 8.41996745643505 8.76070964353361 8.72691407272681 8.64830079774331 8.62024090618149 8.4840690264038 8.38857420061307 8.38187501249706 8.18814453057276 7.8381249845057 7.57026044484786 7.34625650226629 7.44560547046064 7.65330076709383 7.85756508249434 8.18965494172535 8.45294922884069 8.40429689456809 8.06257159480784 7.22171224319727 7.47044923295007 8.65835937799587 7.32595704873845 6.6295117209397 5.80692707705345 5.60929039139844 5.83666668570931 6.83371747762283 7.92322265605182 8.10832028756443 8.33192703409329 8.00120444091242 7.92128908262137 7.91026694040665 7.822916743656 -9999 7.84393230520634 7.78399087676718 7.71226559296685 7.70911458583585 7.68876955237555 7.73707031702617 7.55736976667928 7.4913541773955 -9999 -9999 -9999 -9999 -9999 -9999 -9999 -9999 -9999 -9999 -9999 -9999 -9999 -9999 -9999 -9999
8.50170571913922 8.5372265436564 8.67080078456777 8.99070962513874 9.26008463643748 9.19416013717458 9.16142578358615 9.11371747428925 8.74486981792734 8.0544726693275 7.80126954059792 8.62835940800669 8.58707032198224 8.47057293167399 8.38344401617513 8.68591796223951 8.86132811123937 8.85740888197808 8.99918619332652 8.84193357535164 7.86240234820072 6.78778646618369 6.30493490222162 6.72349609111664 8.62203121511773 6.92500001841843 7.03439454272981 6.45249347355656 6.06483724241591 7.75873699197853 8.58258463044826 9.08564453367021 9.09542971400888 9.19729166308719 8.88432285835816 8.28562503808643 -9999 -9999 7.97222659509192 7.77856770175223 7.73473960531636 7.79660157314419 7.98616539045138 7.89343748179575 -9999 -9999 -9999 -9999 -9999 -9999 -9999 -9999 -9999 -9999 -9999 -9999 -9999 -9999 -9999 -9999 -9999 -9999 -9999
9.30959636221166 9.59208332675008 9.89071614713248 10.0145898630092 9.81458983068912 9.53672529500399 9.63428385547369 9.45096353017367 8.7367056811719 8.1795377567078 8.112311168114 9.2230663754096 10.0268359021343 10.1798828308851 9.9246484637411 9.92724607987529 9.82830076358172 9.82350258343127 9.62494789957707 8.12411455332134 7.35091142387548 6.36790363279402 6.60548177380203 7.93548826079878 8.84490234731325 7.14998049836932 7.65576171081857 7.39392577189939 7.84957032081943 8.76099610950242 9.49931638161156 9.65455728916761 9.67401044381161 -9999 -9999 -9999 -9999 -9999 8.27874997506539 8.01623700217016 7.80471359951288 7.7197222361962 -9999 -9999 -9999 -9999 -9999 -9999 -9999 -9999 -9999 -9999 -9999 -9999 -9999 -9999 -9999 -9999 -9999 -9999 -9999 -9999 -9999
10.1770963552575 10.2294661677243 10.4498763009403 10.6117968663953 10.3460546804933 10.1440690187842 10.1230924429951 9.79828776712245 9.14672525777194 8.97881506670673 9.4106901026308 10.1463086056924 10.6346093618475 10.6655077959765 10.3804492055074 10.571054716847 10.6469531257606 10.5335807198426 10.2176627186777 9.38839193701347 8.69311849063434 7.7286067563947 7.95341145516781 9.10513669126956 8.67451173242276 7.65435547086339 8.05472657050295 8.72597654611027 9.06900393063059 9.83021486523129 9.92664060205073 -9999 -9999 -9999 -9999 -9999 -9999 -9999 -9999 7.95135425745199 -9999 -9999 -9999 -9999 -9999 -9999 -9999 -9999 -9999 -9999 -9999 -9999 -9999 -9999 -9999 -9999 -9999 -9999 -9999 -9999 -9999 -9999 -9999
10.5949153493805 10.375839827744 10.3859765621429 10.5829882272997 10.8438476160782 10.9932226393623 10.7153320179112 10.2370247069779 9.77151688722511 9.83439450486081 10.1457616867932 10.3733007621973 10.4513085654184 10.0185351462942 9.31859373336047 9.91365236310649 10.0053710609349 10.3565560052837 9.39536457778246 8.62662109044704 8.39435547198905 8.50654297667858 9.10343751192167 10.038476532911 8.50873045156365 8.18637366907302 8.64143229329972 9.31785151419677 10.3860742473777 10.8143164097958 -9999 -9999 -9999 -9999 -9999 -9999 -9999 -9999 -9999 -9999 -9999 -9999 -9999 -9999 -9999 -9999 -9999 -9999 -9999 -9999 -9999 -9999 -9999 -9999 -9999 -9999 -9999 -9999 -9999 -9999 -9999 -9999 -9999
10.8590755368534 10.5434179801794 10.5752343976055 10.9268164021993 11.4478320217178 11.4494726643468 11.3944726853237 11.0879817481644 10.7379036002675 10.7291992705752 10.9181640523346 10.3481640727327 9.72216797562934 8.82248046259662 8.5447070121256 8.66841795209002 9.21517575439884 9.63233722457471 9.52005207624203 9.1717968667822 8.43896487472482 7.83556640855331 8.19943359241091 10.1933398405962 8.77826174461943 9.65076821483835 9.61826824093462 9.95722655844351 10.9538476578386 11.3483464021357 -9999 -9999 -9999 -9999 -9999 -9999 -9999 -9999 -9999 -9999 -9999 -9999 -9999 -9999 -9999 -9999 -9999 -9999 -9999 -9999 -9999 -9999 -9999 -9999 -9999 -9999 -9999 -9999 -9999 -9999 -9999 -9999 -9999
10.9213476802703 10.714531253669 10.9832422191877 11.4527604008406 11.7258854133786 11.6878580845914 11.7594010219896 11.6778581036319 11.1720768358311 10.7867578460806 10.2641796850729 9.77115230866631 9.3271093512836 8.57534501783512 8.72341144662432 8.73501951497973 9.23656249786119 9.42285806997968 9.60944015511458 9.31499351408337 8.94487629510902 8.96319009382603 10.3441080773638 10.5973633202486 9.87703126195087 10.8758268513796 10.4751432319202 10.6407161412477 11.3222981956841 11.4580035338192 11.1424826143026 11.0370832930009 -9999 -9999 -9999 -9999 -9999 -9999 -9999 -9999 -9999 -9999 -9999 -9999 -9999 -9999 -9999 -9999 -9999 -9999 -9999 -9999 -9999 -9999 -9999 -9999 -9999 -9999 -9999 -9999 -9999 -9999 -9999
11.376249971536 11.3880468745893 11.48197267514 11.6227994547935 11.7410026273565 11.5620182432736 11.4784048846327 11.4258463732035 11.1109049063664 11.0771680048699 10.5975976469752 10.2248241828229 9.73431642027731 9.31786458866181 9.40669269300115 9.89287106709999 10.3573242259736 10.5952213730072 10.0993620041544 9.60870446049305 9.43253254139088 10.246334623278 11.1677604256888 11.7385546926481 11.4523437524211 11.6782487441865 11.5075456100436 11.0445833570557 11.5661458130053 11.6018055908563 11.1343055188837 -9999 -9999 -9999 -9999 -9999 -9999 -9999 -9999 -9999 -9999 -9999 -9999 -9999 -9999 -9999 -9999 -9999 -9999 -9999 -9999 -9999 -9999 -9999 -9999 -9999 -9999 -9999 -9999 -9999 -9999 -9999 -9999
11.7860416900629 11.8888020593755 11.8202864887953 11.7069140708626 11.7014843612526 11.1767122445861 11.0113997680037 11.3663801759836 11.4043293769894 11.2938476975786 11.344921863171 11.010592472427 10.5528190421602 9.90803385152989 10.1115885530714 10.9807616981671 11.3440039607274 11.4935612022291 10.6521549557578 10.8494922041841 11.3775585934161 11.2832682582508 12.5530924683772 13.1027864978249 12.5369270574164 12.1058853811119 11.699166632141 -9999 -9999 -9999 -9999 -9999 -9999 -9999 -9999 -9999 -9999 -9999 -9999 -9999 -9999 -9999 -9999 -9999 -9999 -9999 -9999 -9999 -9999 -9999 -9999 -9999 -9999 -9999 -9999 -9999 -9999 -9999 -9999 -9999 -9999 -9999 -9999
11.7914517916897 11.8476302322459 12.0453645995399 11.8401171863319 11.9827539242373 11.6837044136347 11.5518489584579 11.8878450763908 11.7495442857024 11.7195703252813 11.7130468640063 11.7341666301853 10.4276627787024 10.1147721353367 11.0905924414204 11.7181836162023 12.2147266019242 12.4912369594552 12.1781120168419 12.192695327344 12.7195898342749 12.8616861851547 12.8801237223022 13.3464584120084 -9999 -9999 -9999 -9999 -9999 -9999 -9999 -9999 -9999 -9999 -9999 -9999 -9999 -9999 -9999 -9999 -9999 -9999 -9999 -9999 -9999 -9999 -9999 -9999 -9999 -9999 -9999 -9999 -9999 -9999 -9999 -9999 -9999 -9999 -9999 -9999 -9999 -9999 -9999
12.1367122526451 12.2322851369237 12.8320312581988 12.5149674297814 12.5876627633226 12.469055944403 12.1318294458368 12.400774729191 12.1856965765862 12.0061914022964 11.9279882639218 11.4170182490051 9.90875650680748 10.9718359450712 11.9060742653895 12.4499153731683 12.6268880543481 12.8284895595287 13.0584114521725 13.270332054433 13.8277929567224 13.3602994479226 13.094752604512 -9999 -9999 -9999 -9999 -9999 -9999 -9999 -9999 -9999 -9999 -9999 -9999 -9999 -9999 -9999 -9999 -9999 -9999 -9999 -9999 -9999 -9999 -9999 -9999 -9999 -9999 -9999 -9999 -9999 -9999 -9999 -9999 -9999 -9999 -9999 -9999 -9999 -9999 -9999 -9999
13.0659504751218 13.2736327865239 13.168730464319 12.9716275517916 12.9925260666907 12.8058723489045 12.7748567268284 13.0413411593994 12.8620638310178 12.525429660825 12.2232812425407 10.8855533482205 10.395416680881 11.8352343407877 12.6311913790479 13.2824153860646 13.4253450974673 13.9953450470901 14.395599017061 14.0889452493843 14.0144140255975 13.816276053726 13.3792252142418 -9999 -9999 -9999 -9999 -9999 -9999 -9999 -9999 -9999 -9999 -9999 -9999 -9999 -9999 -9999 -9999 -9999 -9999 -9999 -9999 -9999 -9999 -9999 -9999 -9999 -9999 -9999 -9999 -9999 -9999 -9999 -9999 -9999 -9999 -9999 -9999 -9999 -9999 -9999 -9999
13.9132942539807 13.7847135416418 13.4647525628313 13.3321419601061 13.3299154310068 13.4329101045259 13.550898464313 13.4795312076315 13.1100781098234 12.6853841568304 11.2562239889564 10.1387695453427 11.1236913808279 12.195611992036 12.8935221502597 13.9227473909965 14.4415754785726 14.5699131818854 14.8228818949481 14.4881249733354 14.3707421645251 14.069583379974 -9999 -9999 -9999 -9999 -9999 -9999 -9999 -9999 -9999 -9999 -9999 -9999 -9999 -9999 -9999 -9999 -9999 -9999 -9999 -9999 -9999 -9999 -9999 -9999 -9999 -9999 -9999 -9999 -9999 -9999 -9999 -9999 -9999 -9999 -9999 -9999 -9999 -9999 -9999 -9999 -9999
14.232864522285 14.1682291871921 13.9193424893368 13.7228645506233 13.4615364654812 13.6741796771199 13.7089062732024 13.5597851909883 13.0318359494062 11.5263997337178 10.4844270985884 11.0106640474324 12.0337304363689 13.303912756756 14.222897155785 14.5683528799112 14.9843489692229 15.2632335011303 15.27491324686 15.002265636641 14.8142577869965 -9999 -9999 -9999 -9999 -9999 -9999 -9999 -9999 -9999 -9999 -9999 -9999 -9999 -9999 -9999 -9999 -9999 -9999 -9999 -9999 -9999 -9999 -9999 -9999 -9999 -9999 -9999 -9999 -9999 -9999 -9999 -9999 -9999 -9999 -9999 -9999 -9999 -9999 -9999 -9999 -9999 -9999
14.6833268128348 14.5832161274712 14.4103255114268 14.0370833627988 13.9337239745059 13.887356773157 13.7538606602999 12.9393359201813 12.1159570877451 11.7094531242542 11.996621086458 13.2007356574695 13.2094074990424 14.3134896266647 14.8021028915105 14.9089843573925 15.3242577926801 15.6069010030703 15.7701432123166 15.533723987108 15.4594010964663 -9999 -9999 -9999 -9999 -9999 -9999 -9999 -9999 -9999 -9999 -9999 -9999 -9999 -9999 -9999 -9999 -9999 -9999 -9999 -9999 -9999 -9999 -9999 -9999 -9999 -9999 -9999 -9999 -9999 -9999 -9999 -9999 -9999 -9999 -9999 -9999 -9999 -9999 -9999 -9999 -9999 -9999
14.8828776112012 14.5748763230535 14.3515364657948 14.0966731598748 14.0145833488777 13.7547395995614 13.5379231583713 12.6530273305657 12.0679492331476 12.4734961002501 12.9025781282549 14.5483918889757 14.7608528071657 14.7814779078399 14.8306380598018 15.1576172493307 15.6403320557128 15.8679165896602 16.0240690133959 16.0188152372736 -9999 -9999 -9999 -9999 -9999 -9999 -9999 -9999 -9999 -9999 -9999 -9999 -9999 -9999 -9999 -9999 -9999 -9999 -9999 -9999 -9999 -9999 -9999 -9999 -9999 -9999 -9999 -9999 -9999 -9999 -9999 -9999 -9999 -9999 -9999 -9999 -9999 -9999 -9999 -9999 -9999 -9999 -9999
14.9903450343439 14.4742708078315 14.3391535573293 14.0587760139513 13.5893619081867 13.598749967979 13.5854297082065 12.5003775878601 12.1165299090996 12.8230468931865 13.7456250029875 14.8884179879798 15.2254883030095 15.3367382913758 15.282558575719 15.4961588229231 15.8448893348119 16.1474609528276 16.6196093503432 16.7735806542675 -9999 -9999 -9999 -9999 -9999 -9999 -9999 -9999 -9999 -9999 -9999 -9999 -9999 -9999 -9999 -9999 -9999 -9999 -9999 -9999 -9999 -9999 -9999 -9999 -9999 -9999 -9999 -9999 -9999 -9999 -9999 -9999 -9999 -9999 -9999 -9999 -9999 -9999 -9999 -9999 -9999 -9999 -9999
14.6672200799198 14.2073762840913 14.4184895709304 14.7732877377334 14.7316080576057 14.3458007757192 12.8709765619409 12.1474479164075 13.7453580069676 14.9020898483122 15.5671484258215 15.7770703164926 15.7949219226638 15.8808789044843 15.9459960780414 16.2193815217537 16.321080746633 16.5747656058011 16.8793945152228 17.1717578220775 -9999 -9999 -9999 -9999 -9999 -9999 -9999 -9999 -9999 -9999 -9999 -9999 -9999 -9999 -9999 -9999 -9999 -9999 -9999 -9999 -9999 -9999 -9999 -9999 -9999 -9999 -9999 -9999 -9999 -9999 -9999 -9999 -9999 -9999 -9999 -9999 -9999 -9999 -9999 -9999 -9999 -9999 -9999
14.7587565275947 14.9846810146702 15.4531966236166 14.6944596562486 13.3596159133563 13.0400520350765 13.0455013109694 15.0341666494081 15.7860806838167 16.0447591210518 16.4701888335434 16.4667903686066 16.3865754718721 16.6553060105494 16.7369661217385 16.8666015426158 16.9746679352514 17.2418294760158 17.5415169294108 17.7642643706806 -9999 -9999 -9999 -9999 -9999 -9999 -9999 -9999 -9999 -9999 -9999 -9999 -9999 -9999 -9999 -9999 -9999 -9999 -9999 -9999 -9999 -9999 -9999 -9999 -9999 -9999 -9999 -9999 -9999 -9999 -9999 -9999 -9999 -9999 -9999 -9999 -9999 -9999 -9999 -9999 -9999 -9999 -9999
15.6679947380258 15.745091125514 14.5229427039794 13.139420623908 12.5466081116762 13.6625325174717 15.7129036462246 16.3906119300954 16.6672721094639 16.8007942096138 16.9948372627739 17.0622982049181 17.0737825640949 17.1686653040712 17.3139582665893 17.4500585725609 17.6303124741866 17.8810872311121 17.8839973881888 -9999 -9999 -9999 -9999 -9999 -9999 -9999 -9999 -9999 -9999 -9999 -9999 -9999 -9999 -9999 -9999 -9999 -9999 -9999 -9999 -9999 -9999 -9999 -9999 -9999 -9999 -9999 -9999 -9999 -9999 -9999 -9999 -9999 -9999 -9999 -9999 -9999 -9999 -9999 -9999 -9999 -9999 -9999 -9999
16.0893750013266 15.8391015287328 14.4921289295868 14.4093163838617 15.6036718684984 16.9093489791232 17.1361458587012 17.0862890134689 17.1858202348093 17.2276822703949 17.4275455340155 17.7834700465716 17.624270860062 17.5675911242081 17.8053646402894 18.0961219712135 18.2637587501776 18.3376736320141 -9999 -9999 -9999 -9999 -9999 -9999 -9999 -9999 -9999 -9999 -9999 -9999 -9999 -9999 -9999 -9999 -9999 -9999 -9999 -9999 -9999 -9999 -9999 -9999 -9999 -9999 -9999 -9999 -9999 -9999 -9999 -9999 -9999 -9999 -9999 -9999 -9999 -9999 -9999 -9999 -9999 -9999 -9999 -9999 -9999
16.6993163378002 16.5539648573971 16.1280273348864 16.5991992357844 17.2007031327249 17.4633724155742 17.4776497152995 17.6076171240945 17.9199022905949 17.9715690603804 18.0920963154569 18.3760091202085 18.1682942676971 18.0389192707508 18.2902278967677 18.5713237985381 18.4578472980195 -9999 -9999 -9999 -9999 -9999 -9999 -9999 -9999 -9999 -9999 -9999 -9999 -9999 -9999 -9999 -9999 -9999 -9999 -9999 -9999 -9999 -9999 -9999 -9999 -9999 -9999 -9999 -9999 -9999 -9999 -9999 -9999 -9999 -9999 -9999 -9999 -9999 -9999 -9999 -9999 -9999 -9999 -9999 -9999 -9999 -9999
