2050_A2_CS/TMIN.asc
NCOLS 720 
NROWS 360 
XLLCORNER -180 
YLLCORNER -90 
CELLSIZE 0.5 
NODATA_value -9999 
[rows 224 to 251 of 360, columns 630 to 692 of 720]
7.20468756649166 7.12687507382829 7.20359374654896 7.46984371604676 7.69140623547561 7.93234377385925 8.30656251324676 8.83484387409488 9.11453124870961 9.62687505778191 9.84187483790053 9.8278124631222 9.60906246307186 9.52421869335749 9.43874998401372 9.38390623066632 9.25906263318106 9.18734371692422 9.44703109593782 9.58484366555726 9.55187501042536 9.19703127463847 9.19296880127511 9.17281249232077 8.96734382284917 8.72781243252508 9.28062503098362 10.0990625324555 10.4589062335764 12.2767189453555 13.0181768691125 13.5708332061768 -9999 -9999 -9999 -9999 -9999 -9999 -9999 -9999 -9999 -9999 -9999 -9999 -9999 -9999 -9999 -9999 -9999 -9999 -9999 -9999 -9999 -9999 -9999 -9999 -9999 -9999 -9999 -9999 -9999 -9999 15.8893750309944
6.21468748225516 6.26906256410484 6.47984376598903 6.83749999895227 7.15000002139188 7.42468752765506 8.01078128850861 8.68671865774381 9.18578127024443 9.70796878625766 9.86718742542673 9.70125019563814 9.51906259370323 9.53125014901788 9.2681249679923 8.90250009345386 8.74484382629638 8.90796867029528 9.07437503368923 9.2839061173899 9.24531251214209 8.71890623927514 8.38062487617617 8.40265622797536 8.18218750565466 8.24921852353295 8.66515609666638 9.60593746658227 10.0798437450051 10.9737499814694 12.0838020454022 12.9683333347389 -9999 -9999 -9999 -9999 -9999 -9999 -9999 -9999 -9999 -9999 -9999 -9999 -9999 -9999 -9999 -9999 -9999 -9999 -9999 -9999 -9999 -9999 -9999 -9999 -9999 -9999 -9999 -9999 -9999 -9999 -9999
5.23937499499078 5.95703126503805 6.21093752240339 6.63984377694177 7.00453126428558 7.37765622130452 7.77265620975048 8.43500000991926 8.95015624201753 9.49859377785069 9.56359379040206 9.39203116312974 9.39796870963544 9.26203136180092 8.91562509563022 8.59875008481692 8.49296884244744 8.66593748362201 8.73593753609913 8.91781240749388 8.93703135880503 8.31171871746224 7.77812500328998 7.87656243215392 7.49171876256233 8.32046875385867 8.87359367312645 9.23124997368477 9.52687494514025 10.0003126418121 10.8262500030491 12.0321874027944 -9999 -9999 -9999 -9999 -9999 -9999 -9999 -9999 -9999 -9999 -9999 -9999 -9999 -9999 -9999 -9999 -9999 -9999 -9999 -9999 -9999 -9999 -9999 -9999 -9999 -9999 -9999 -9999 -9999 -9999 -9999
5.51968756295476 5.91109380865053 6.21750003838262 6.56203130633654 6.98109376436363 7.39218746876841 7.80171874907398 8.28828136638896 8.53812517258192 8.98812510114993 9.05218759217646 9.12531256704892 9.11109389395838 8.81343758146946 8.55937507781674 8.33812510992837 8.3795311154222 8.34015624248305 8.23109394362369 8.41156253255311 8.50203137139754 7.80781257957047 7.10968753775824 6.91703125924396 6.87718750545029 7.86203119951929 8.4090624533709 8.28859374033426 8.05218746701424 9.11765621694652 9.30890621371657 10.8832812322939 12.9814063762268 -9999 -9999 -9999 -9999 -9999 -9999 -9999 -9999 -9999 -9999 -9999 -9999 -9999 -9999 -9999 -9999 -9999 -9999 -9999 -9999 -9999 -9999 -9999 -9999 -9999 -9999 -9999 -9999 -9999 -9999
5.84765630196974 6.04124994564778 6.26468748596026 6.5937499404327 6.91390620921362 7.28515619051281 7.67359380440281 8.03734377045615 8.29046861108217 8.52390629092551 8.59734386246197 8.76234383912282 8.69171884699896 8.34953120364448 8.29562496422541 8.13718752579022 8.19421875505537 7.99078133732378 7.87531252972675 7.95687490762655 7.94781242363111 7.17859381491511 5.94968749653545 5.74203132175632 6.27781248141969 6.73578123148459 7.05421876273133 7.42031248734963 7.37234372686768 8.14765613602253 8.0060938087824 8.42468759648231 10.7221875595357 12.4912500697258 -9999 -9999 -9999 -9999 -9999 -9999 -9999 -9999 -9999 -9999 -9999 -9999 -9999 -9999 -9999 -9999 -9999 -9999 -9999 -9999 -9999 -9999 -9999 -9999 -9999 -9999 -9999 -9999 -9999
5.97656246271764 6.16874995817747 6.33546888074766 6.549218744076 6.86609377715659 7.174062401123 7.49828129274531 7.7579687240462 7.93562498721585 8.12687500592615 8.23078133186081 8.3549999300295 8.25109382002828 8.11984381104105 7.91312506084619 7.97406261425303 7.90031259526948 7.70953131483625 7.40703131313785 7.06250004557526 7.1335937463572 6.27156252510005 5.14671878578951 4.65078126737241 5.03937494538003 4.3400000098176 5.29640622989871 6.35156243395461 6.6148437791553 7.02312498649824 6.75687505385472 6.48499991090601 7.86140625332162 10.2365624849719 11.768437341549 -9999 15.6550002098083 -9999 -9999 -9999 -9999 -9999 -9999 -9999 -9999 -9999 -9999 -9999 -9999 -9999 -9999 -9999 -9999 -9999 -9999 -9999 -9999 -9999 -9999 -9999 -9999 -9999 -9999
6.13874997931885 6.29203129545447 6.43359372010255 6.58218745132477 6.83390624818635 7.08375003936692 7.32671875517236 7.45421874536543 7.54499998709736 7.77281244861988 7.98687503513787 8.02671878062808 7.99312508128506 7.81078129276813 7.87390616536373 7.92687496554996 7.76562495555018 7.44078121384972 6.95890613656372 6.62796868387983 6.25890625304336 5.54781247692277 4.9596874787274 4.39953119282309 4.1493750587291 3.79546875483205 4.20656248926968 4.95421876476841 5.19828119141864 5.89062500740109 6.04375004811369 5.97015620046758 7.04781247698472 8.55062499727145 10.6225000932113 12.4848435972593 14.2022917080919 -9999 -9999 -9999 -9999 -9999 -9999 -9999 -9999 -9999 -9999 -9999 -9999 -9999 -9999 -9999 -9999 -9999 -9999 -9999 -9999 -9999 -9999 -9999 -9999 -9999 -9999
6.26437492659684 6.44718749809926 6.56437501299271 6.68624991916167 6.85874994097599 7.04531250897618 7.21843755252459 7.29390630884091 7.38328129058747 7.50984371479052 7.62312502446998 7.63765622716525 7.63078126348706 7.65937504182197 7.7778125183352 7.7028125228981 7.50359376537731 7.13374999910592 6.8375000135005 6.56281250721887 5.90781246892502 5.43999994547099 5.07218746088644 4.58234374220434 3.914531264822 4.0795312186229 3.93093752906528 4.40296879783197 5.20624998942734 5.79453127106909 5.60593742906395 5.62374997917353 6.38124994275237 7.17812496565013 8.74515611100599 11.3823436661375 13.2237499360527 -9999 -9999 -9999 -9999 -9999 -9999 -9999 -9999 -9999 -9999 -9999 -9999 -9999 -9999 -9999 -9999 -9999 -9999 -9999 -9999 -9999 -9999 -9999 -9999 -9999 -9999
6.28453133249938 6.48609375198235 6.69968751058887 6.75828132773408 6.875937454364 7.02828124916669 7.11578121792039 7.17531251171365 7.26859375099636 7.34734378771781 7.34640626618784 7.16781236257628 7.3417187856532 7.52875009193574 7.49500007943104 7.21937505185333 7.28609369715258 7.05828121317662 6.74906241896381 6.34593744581359 5.79734373828248 5.52406246959701 5.1626562623839 4.55562499897056 3.94937499213275 3.95125003507582 3.9029687376321 4.44343746422301 4.94281245041625 5.25171875253299 5.28453122832351 5.14437501132795 5.2210937668781 5.63593746833874 6.77046875805243 9.29374993744166 11.5215627859392 -9999 -9999 -9999 -9999 -9999 -9999 -9999 -9999 -9999 -9999 -9999 -9999 -9999 -9999 -9999 -9999 -9999 -9999 -9999 -9999 -9999 -9999 -9999 -9999 -9999 -9999
6.41812492145426 6.62250003951747 6.8192187919653 6.85249999900164 6.90828122942183 6.9551562071437 7.01546861237079 7.07921875274893 7.12703127426948 7.1734374911774 7.24328123040485 7.1504687292025 7.13312502220709 7.25968753576078 7.30937494352281 7.03234370053964 7.03343752047876 6.7718749347723 6.66937506209311 6.24937503795323 5.89109382772499 5.64734374712071 5.32953121499091 4.75203134100874 4.44343756830195 4.31593746656207 4.4771874543554 4.81515620619185 5.03234373744901 5.2076562490305 5.32906244680002 5.1706250309484 4.77953124070017 4.61500002499006 5.80953121193364 8.07687493461547 10.7137498260097 -9999 -9999 -9999 -9999 -9999 -9999 -9999 -9999 -9999 -9999 -9999 -9999 -9999 -9999 -9999 -9999 -9999 -9999 -9999 -9999 -9999 -9999 -9999 -9999 -9999 -9999
6.51859379557691 6.54015629758986 6.74093748634141 6.84781251840862 6.86140622945705 6.8895312474302 6.88593746734132 6.86437498792786 6.83875004958504 7.03703130044469 7.11109372985753 7.02296874701002 6.89515630897114 7.06390632685253 7.06875003885311 6.94359371804499 6.84593747570736 6.59749998892114 6.51515624691976 6.0689062255814 5.86062496166204 5.71906250708068 5.51296878581686 5.22656250709424 4.99156258966196 4.91187498671091 5.07421872713824 5.27578116907417 5.1973436921812 5.26015626650369 5.22671866424653 4.95109372595569 4.84359378378748 4.58578123888673 5.76984380927999 8.01796876669491 10.709374786338 12.0128122572305 -9999 -9999 -9999 -9999 -9999 -9999 -9999 -9999 -9999 -9999 -9999 -9999 -9999 -9999 -9999 -9999 -9999 -9999 -9999 -9999 -9999 -9999 -9999 -9999 -9999
6.72953136233025 6.70046871109065 6.77890623349664 6.87734370680722 6.86046875266314 6.78734380012204 6.7471875325867 6.66796875762366 6.74406257275886 6.942343756632 6.97984363147749 6.89593749485278 6.79015623053864 6.99687499567606 7.00828122346449 6.90281251831209 6.65703128294497 6.65609376128142 6.31640623522461 5.7815625147541 5.75468747324349 5.89015630611976 5.79187507161314 5.51531250018364 5.33937500394663 5.39468747346134 5.66203118070908 5.78906254432681 5.44343746413721 5.35015620265384 5.18171881883953 4.82734375457632 4.56890630010614 4.37437504572956 5.08921876663115 7.14046877735077 9.48078125823922 10.6684376004484 -9999 -9999 -9999 -9999 -9999 -9999 -9999 -9999 -9999 -9999 -9999 -9999 -9999 -9999 -9999 -9999 -9999 -9999 -9999 -9999 -9999 -9999 -9999 -9999 -9999
7.01343759899997 6.81609375796223 6.87343747947139 6.93062496935835 6.84609367714929 6.68578126288418 6.56343752157779 6.42984373116447 6.63593754936087 6.74890626987253 6.84546882675999 6.71375001238925 6.53687501719109 6.72671873154463 6.6000000017912 6.60421873618829 6.59531250609275 6.37359375545642 6.04437500254838 5.66328129164341 5.63406252110949 5.92843741939537 5.90734369309048 5.70624998946578 5.56578125044626 5.60093752287328 5.86187499032947 5.9218749779767 5.53687499480283 5.34234378492422 5.18062506626453 4.60171877621159 4.04250000084539 3.52359378826637 4.08546877646715 6.24453125132824 8.50296870625944 10.0253126769827 -9999 -9999 -9999 -9999 -9999 -9999 -9999 -9999 -9999 -9999 -9999 -9999 -9999 -9999 -9999 -9999 -9999 -9999 -9999 -9999 -9999 -9999 -9999 -9999 -9999
7.06265631304521 6.78093748524068 6.65874993802635 6.84390629091485 6.74765620380108 6.5353125559047 6.37359374035247 6.31171879942476 6.3973438145724 6.48499999217777 6.59140627855555 6.45406246955377 6.30109375733071 6.31656250392046 6.4940625353359 6.60234380523967 6.45937504628152 6.1026563570396 5.9168750122614 5.78046876926158 5.70343745493633 5.82203130425312 5.87265631560831 5.75171875211573 5.67499992993725 5.62296878550343 5.58484370289859 5.44937495930945 5.2504687386735 5.05734374414709 4.62375001689073 3.90703125754624 3.35671875697029 2.50593752462656 4.09109380473522 6.68609373216205 8.64953120767338 10.1106251180142 -9999 -9999 -9999 -9999 -9999 -9999 -9999 -9999 -9999 -9999 -9999 -9999 -9999 -9999 -9999 -9999 -9999 -9999 -9999 -9999 -9999 -9999 -9999 -9999 -9999
6.89906248490644 6.72515629999892 6.77875006211885 6.79234378789506 6.63328128306468 6.32203120024277 6.02515629710939 5.90937492298566 6.07000001560437 6.2500000449091 6.28687500222827 6.16734385511658 6.00499999542211 5.93796877582729 6.26265621957803 6.42062500887852 6.25249992338212 5.93562506911549 5.84406246240524 5.86468746508744 5.81703131639492 5.8156251236494 5.80437498546338 5.68296868363228 5.59171874091926 5.44124998906082 5.27249999356443 5.07421874273159 4.93968745341746 4.57874998479608 3.39906248331887 2.22484373062157 2.14609376455777 2.03921876572653 3.61484375470959 6.74281252185705 8.93500004696983 -9999 -9999 -9999 -9999 -9999 -9999 -9999 -9999 -9999 -9999 -9999 -9999 -9999 -9999 -9999 -9999 -9999 -9999 -9999 -9999 -9999 -9999 -9999 -9999 -9999 -9999
6.45187507601446 6.46078128387335 6.61093743159485 6.54578129982234 6.4439062181338 5.79656253808605 5.59718749709106 5.44906250414413 5.32843750794097 5.82906249957779 6.11625009788426 5.93765630588787 5.84281244881084 5.79265621308206 6.0920312479146 6.1290625187111 5.8526562083503 5.71578124918809 5.88859370348049 5.91484370078924 5.92812503862845 5.91546872245147 5.79781249159956 5.54562496406882 5.39765626952602 5.32171879719244 5.15203128017344 4.89046873908695 4.70718742923779 4.19859378444246 2.57687500183722 1.38156249283578 0.944687497659147 1.09937500914511 3.36921874226028 6.42125008296858 8.55593757359863 -9999 -9999 -9999 -9999 -9999 -9999 -9999 -9999 -9999 -9999 -9999 -9999 -9999 -9999 -9999 -9999 -9999 -9999 -9999 -9999 -9999 -9999 -9999 -9999 -9999 -9999
6.30062502630721 6.33390623344823 6.50484370452645 6.46312493823704 6.4578124880535 5.95390626001519 5.4206249787802 4.61249994605913 4.06046878154191 5.65562497423347 5.96328119944352 5.87140628695412 5.86296872791395 5.81609379513153 5.83906253479424 5.70968745683883 5.49375000616188 5.64656251666977 5.84843750305389 5.88687498878033 5.91046876464899 5.93437500319066 5.72109369212669 5.37234373414798 5.21062496320444 5.13515629640027 4.96499998150409 4.63453120034018 4.3989062240193 4.00843744365535 1.5895312278006 0.905156240847217 0.582812496492508 0.609062501732305 2.41359376375097 5.34187499705889 7.87343753860323 -9999 -9999 -9999 -9999 -9999 -9999 -9999 -9999 -9999 -9999 -9999 -9999 -9999 -9999 -9999 -9999 -9999 -9999 -9999 -9999 -9999 -9999 -9999 -9999 -9999 -9999
6.22093755756494 6.21484366809682 6.32296874390863 6.44156245897921 6.34859378655891 6.33124999683093 5.50734367958773 3.59953122256415 4.80437498067954 5.92421875879608 5.85640618956498 5.8193750754838 5.73500002199247 5.55031258642396 5.30656246129016 5.2235937569844 5.3179686666337 5.56500000521627 5.72046868516208 5.78000000125804 5.7243749799862 5.63859368887024 5.43374995909159 5.11171875911679 4.97484377048363 4.82906246958686 4.52015628708921 3.95906255834039 3.40515621111172 3.47312503008067 3.17203122418053 1.97578123827406 0.318906252837428 0.789531254639291 3.41109374910963 6.83859376097651 8.88750013590368 -9999 -9999 -9999 -9999 -9999 -9999 -9999 -9999 -9999 -9999 -9999 -9999 -9999 -9999 -9999 -9999 -9999 -9999 -9999 -9999 -9999 -9999 -9999 -9999 -9999 -9999
6.11031249911639 6.09249997145851 6.09624996798087 6.13843753941229 6.14328118423176 6.30687499050212 5.79140619198621 4.15546873218806 5.36281256396679 5.74062492732203 5.74875000152683 5.75765616457119 5.44156248133358 5.17578118328475 5.16906252491288 5.05421876145928 5.35515623543497 5.4470312149162 5.58421876297415 5.57999991657825 5.3195312321896 5.44187496614789 5.06062503185046 4.74796877823609 4.67843744185194 4.50453121237744 4.05374996758759 3.06140624769358 1.81437499296166 2.57843754145279 3.17109372904261 2.57812500259485 1.0579687510933 0.776249997040071 3.51031251857055 7.14515620451751 -9999 -9999 -9999 -9999 -9999 -9999 -9999 -9999 -9999 -9999 -9999 -9999 -9999 -9999 -9999 -9999 -9999 -9999 -9999 -9999 -9999 -9999 -9999 -9999 -9999 -9999 -9999
6.05453129120541 5.86234372883957 5.8843750135809 5.91812495914993 6.00312496734559 6.32140619301575 5.47124997939749 3.88031247667515 4.79421879795117 5.15796884208241 5.23031243730929 5.5134375247225 5.2685937734119 5.03656250971707 5.24078130722715 5.19484376156257 5.33406260609179 5.25999997577665 5.32875004435476 5.22187501216826 5.25718753042668 5.18968739388433 4.64765628466973 4.52624998254775 4.48671872917934 4.36343745142072 3.89812499287421 2.89874999586044 2.01265622610231 1.68828127411373 1.96968746590905 2.18671874504909 1.76531250609877 3.17953118656046 5.68296875226159 7.5276562194743 -9999 -9999 -9999 -9999 -9999 -9999 -9999 -9999 -9999 -9999 -9999 -9999 -9999 -9999 -9999 -9999 -9999 -9999 -9999 -9999 -9999 -9999 -9999 -9999 -9999 -9999 -9999
5.98203120348177 5.65250005595615 5.59328123965072 5.60124999309108 5.78734377755059 6.39671873258854 5.00031242903575 3.8865624401685 4.40062501338543 4.13812500689385 4.37328129277112 5.09796877205151 5.34953122552663 5.53843741835295 5.56281253679295 5.4484374002053 5.30312499411381 5.1667187289837 5.10812502367753 5.06687504060247 5.04546882980468 4.72765629764937 4.32359374331554 4.22421881577978 4.41390630628909 4.45281259710655 3.99250005927091 2.93828127555701 2.17999997768893 2.08484376840186 2.67984376144955 3.53249998012503 3.62093750913072 5.16312500254558 7.07578123232751 7.9856250880277 -9999 -9999 -9999 -9999 -9999 -9999 -9999 -9999 -9999 -9999 -9999 -9999 -9999 -9999 -9999 -9999 -9999 -9999 -9999 -9999 -9999 -9999 -9999 -9999 -9999 -9999 -9999
6.47750002844901 5.77671876507579 5.5112499890223 5.60781250868742 6.19703119945001 6.85140624612823 4.82546875642058 3.72015629400003 3.73593751016718 4.15828133665589 4.71078120475902 5.32718747073182 5.68000005166645 5.70999991150191 5.59187505405773 5.3748437986511 5.16437501474829 4.98859372003814 4.89671874066396 4.90750005859326 4.76843747517192 4.50125002870502 4.23593754318225 4.19281249476919 4.17671874177015 4.35484381785495 3.89125005547871 2.31109373720645 1.5096874998645 1.22468749510336 1.78546874883107 3.2512499862701 5.13453123698146 7.21999999762594 8.3160937570665 -9999 -9999 -9999 -9999 -9999 -9999 -9999 -9999 -9999 -9999 -9999 -9999 -9999 -9999 -9999 -9999 -9999 -9999 -9999 -9999 -9999 -9999 -9999 -9999 -9999 -9999 -9999 -9999
7.29625002212367 6.71453121208148 6.40531249996216 6.2796874187968 6.68531246898956 7.24781238062818 5.81203120879158 3.69140623076726 4.31234381261728 5.1007812986001 5.36999999708742 5.52937495700491 5.66078126437822 5.62281242769998 5.45125006157295 5.2079687418333 4.99125003079976 4.86562501645035 4.79875004295079 4.71531253313817 4.58093749746694 4.35218749230633 4.06562497882455 4.0018750173493 4.13484375580363 4.08890621033455 3.38171878295383 1.69843748948497 0.799531261136148 0.709062489679977 1.78812498248626 3.63171878403393 5.83234379377134 7.37312501677495 -9999 -9999 -9999 -9999 -9999 -9999 -9999 -9999 -9999 -9999 -9999 -9999 -9999 -9999 -9999 -9999 -9999 -9999 -9999 -9999 -9999 -9999 -9999 -9999 -9999 -9999 -9999 -9999 -9999
8.29328113719892 7.92250009532501 7.82796872276665 7.73468732678813 7.34999996423723 7.19671873756473 6.18140632668685 4.49531251871328 5.25921873685508 5.71296877375042 5.59078124898887 5.58562501519035 5.61812495439655 5.5112500340306 5.28249997654155 5.0012499766034 4.85906250040256 4.78968756651955 4.77906249463116 4.69843748208768 4.49421861766515 4.11359369012014 3.60343752831015 3.56500000896837 3.77296874327549 3.65390623387449 2.87593750710567 1.76921875027075 0.568906243332018 0.312499995822373 1.73468749398016 4.40937497398196 7.0056250530299 -9999 -9999 -9999 -9999 -9999 -9999 -9999 -9999 -9999 -9999 -9999 -9999 -9999 -9999 -9999 -9999 -9999 -9999 -9999 -9999 -9999 -9999 -9999 -9999 -9999 -9999 -9999 -9999 -9999 -9999
9.05265641143389 8.65890620600046 8.82765628338229 -9999 8.06177091583291 7.56130211723676 7.19187500994484 5.84984379902918 5.57078128323845 5.90781249119289 5.59187498706021 5.61718755234051 5.50906260335826 5.38109378544641 5.12000000484469 4.91375006735912 4.77453139426012 4.75906249142045 4.81499991564181 4.81078118077273 4.56515621387678 4.20468746114393 3.85046870981606 3.79468747963312 3.51296873775902 3.27718748951191 2.10453125907495 1.25046874640388 0.732500004178087 0.627031246772584 2.04499999794551 4.8359374728411 7.21999979019165 -9999 -9999 -9999 -9999 -9999 -9999 -9999 -9999 -9999 -9999 -9999 -9999 -9999 -9999 -9999 -9999 -9999 -9999 -9999 -9999 -9999 -9999 -9999 -9999 -9999 -9999 -9999 -9999 -9999 -9999
9.55468730618976 9.47031247537799 -9999 -9999 9.05895823229834 8.43833326487838 7.75250016888549 6.23421876921083 5.5881249828283 5.78593754029021 5.37718755768095 5.38140629250153 5.28453122090275 5.12000000489718 5.02015633889068 4.87437499320108 4.78437510129569 4.75906249129439 4.82156249881523 4.82578132307789 4.58578123900313 4.29281248894825 4.12281253543666 3.94890628368585 3.45015628633025 2.73343752728285 1.78718753973958 0.948593745836224 0.75734374289618 1.15531248738866 3.28671871316095 7.13234382244636 -9999 -9999 -9999 -9999 -9999 -9999 -9999 -9999 -9999 -9999 -9999 -9999 -9999 -9999 -9999 -9999 -9999 -9999 -9999 -9999 -9999 -9999 -9999 -9999 -9999 -9999 -9999 -9999 -9999 -9999 -9999
-9999 -9999 -9999 9.7350001335144 9.18281260148987 8.99906268708123 8.46046858276586 7.07531257584683 6.79343753213927 6.19859375736145 5.65624997728632 5.30046874285108 5.12484376151824 4.98703123652369 4.88828114442284 4.87140624979173 4.85906250028781 4.86187495289774 4.81515634064502 4.70781248072918 4.52953123307906 4.33828125897207 4.16578125217882 3.82921874911524 3.31765624182646 2.4439062484965 1.03125002306348 -0.195468750486521 0.29093749046568 1.10234374504784 4.34015628441717 8.67375025145191 -9999 -9999 -9999 -9999 -9999 -9999 -9999 -9999 -9999 -9999 -9999 -9999 -9999 -9999 -9999 -9999 -9999 -9999 -9999 -9999 -9999 -9999 -9999 -9999 -9999 -9999 -9999 -9999 -9999 -9999 -9999
-9999 -9999 -9999 9.50937515497205 9.3346875454984 9.50249972929015 8.95218747782202 7.93687519431114 7.5870311406303 6.93734370125681 6.14890628267678 5.34875000260362 4.86796871593319 4.69078129552723 4.65296880170278 4.71062505261214 4.80515640238371 4.81499999770311 4.69937494410548 4.52171871829993 4.38984373226919 4.31390628219305 4.08468749004966 3.63000003263583 2.88171872703741 1.64937499014768 -0.439687503555861 -1.94906245464386 -0.972343750541898 1.93156244717432 6.65078128768753 -9999 -9999 -9999 -9999 -9999 -9999 -9999 -9999 -9999 -9999 -9999 -9999 -9999 -9999 -9999 -9999 -9999 -9999 -9999 -9999 -9999 -9999 -9999 -9999 -9999 -9999 -9999 -9999 -9999 -9999 -9999 -9999
