2050_A2_CS/TMIN.asc
NCOLS 720 
NROWS 360 
XLLCORNER -180 
YLLCORNER -90 
CELLSIZE 0.5 
NODATA_value -9999 
[rows 196 to 223 of 360, columns 252 to 314 of 720]
18.5423440338614 18.5962500873416 18.6620312334184 18.3465625046446 18.1862501795923 19.0506251157788 19.2746875281168 19.9084376391951 20.1709373592906 20.2126563489293 20.0939061048351 20.5326563122593 20.6767188016373 20.3767187301117 19.6907810576872 19.3500000542648 19.6817189158883 19.4862498940631 19.8817188443322 19.8864062725981 20.614062548228 19.7370310731234 19.8825000239961 19.6964060371096 19.7523437740869 19.3187498462623 18.0270310048824 18.018125176718 18.7885936498006 18.7421875880182 17.9881249946942 17.935625224512 17.6149999200789 17.8976562923871 17.1674998996031 17.3348439041471 18.1023437677398 20.2717186206648 22.3000001907349 -9999 -9999 -9999 -9999 -9999 -9999 -9999 -9999 -9999 -9999 -9999 -9999 -9999 -9999 -9999 -9999 -9999 -9999 -9999 -9999 -9999 -9999 -9999 -9999
18.3140622976131 18.3440626264988 18.5898434221973 18.7103125149645 18.6287500258404 18.9053124190544 19.5207812786584 20.087030917363 20.2984375057727 20.2360937595088 19.8754688800624 20.2846874298441 20.2651564482536 19.9131250088047 19.0321875218416 18.9824999571286 19.3620314303959 19.1046876018573 19.5207811300933 20.2778123610627 19.848125130777 18.7503124485846 18.4499999595181 19.4071873724749 19.3923437599418 18.373749852654 17.7396874726478 17.6660940054554 18.3798438616655 18.9521874795486 18.8590624930014 18.1892190578939 17.6792187988107 17.7340622838642 17.1937503220782 17.0053124430079 18.7665622521798 20.8178125317891 -9999 -9999 -9999 -9999 -9999 -9999 -9999 -9999 -9999 -9999 -9999 -9999 -9999 -9999 -9999 -9999 -9999 -9999 -9999 -9999 -9999 -9999 -9999 -9999 -9999
18.1398437323354 18.2734375895908 18.4703128635192 18.7946876881499 18.9373437761898 19.1534373760746 19.9000000055455 20.2960935232266 20.4104685485034 20.2937501669234 19.8198438287431 20.1399997177945 20.0237499775257 19.7190626564155 18.7476563750474 18.6323440971259 18.6670314377549 18.3346874125054 18.7557811738975 19.6285938936952 18.7359374771281 18.4392190872619 18.9070314464617 19.8093749275905 19.4598437837686 18.5153126417932 17.6268750727581 17.3789064590945 17.381249815924 17.5626559268666 17.655937701958 18.7307815539368 18.6454685611318 18.6867187904589 18.1757813374089 18.7068749948888 20.3957812773308 21.6000001429837 -9999 -9999 -9999 -9999 -9999 -9999 -9999 -9999 -9999 -9999 -9999 -9999 -9999 -9999 -9999 -9999 -9999 -9999 -9999 -9999 -9999 -9999 -9999 -9999 -9999
17.886718839645 18.0301561358123 18.4585936666435 18.9460937380076 19.0217185615341 19.4993750148242 20.2857812342243 20.5581246016458 20.5042189060287 20.3031249343878 19.8010935783075 19.6431250577925 19.761718720493 19.4064063134913 18.5278123324314 18.0440624364565 17.9625000662347 17.7651561799702 18.0146873604721 17.9439061892032 18.1312500835643 18.5559375583032 19.0106252432341 20.1506247821162 19.5765621668045 17.7446876182737 16.9734374594091 16.9378126266765 16.8829687835763 17.071406036384 17.1548436586152 18.5517188922242 19.4217188063405 19.8595314911511 19.2332812250611 19.9373441033744 21.2095317540711 -9999 -9999 -9999 -9999 -9999 -9999 -9999 -9999 -9999 -9999 -9999 -9999 -9999 -9999 -9999 -9999 -9999 -9999 -9999 -9999 -9999 -9999 -9999 -9999 -9999 -9999
17.4556250277538 17.8554691675253 18.3084371687811 18.9253126085828 19.4962500628688 20.0643747447713 20.603281139991 20.7945311364953 20.6328124104672 20.1982812287462 19.7740623953358 19.0798437598698 19.1364060350862 18.9967182880863 18.2035934631763 16.8484374438236 16.2528128193088 15.9504688541003 16.3679688142638 16.2179686453773 16.6590625512087 17.8262499874408 18.4171873041555 18.7837501476544 18.0125000489188 15.7685939373138 16.456562593497 16.6154689032392 17.3492187550887 17.0820312197236 16.6524998837897 17.9678127174157 18.7410937844876 19.421718537221 20.2577080422884 20.4442709085881 -9999 -9999 -9999 -9999 -9999 -9999 -9999 -9999 -9999 -9999 -9999 -9999 -9999 -9999 -9999 -9999 -9999 -9999 -9999 -9999 -9999 -9999 -9999 -9999 -9999 -9999 -9999
17.086249798861 17.4650002423999 17.9939062301135 18.8329686225088 19.9443751270652 20.6278125336853 21.1137501293624 21.0532812474091 20.7303124069682 19.9849998356686 19.1328122028823 18.5018749244057 18.3203126496158 18.5209374132099 17.7381252352038 16.539062649117 15.4545312670987 14.7935937951912 14.5571873799648 14.2904687382655 15.6962498277292 17.7732809181405 17.8743748964084 17.6798437545228 17.1715622546983 16.1932812771012 16.5404687523164 17.5979689949511 17.9576561448791 17.600468694711 17.4245314590058 17.9495314057432 18.5892186168396 20.8518751541959 21.3167712973263 -9999 -9999 -9999 -9999 -9999 -9999 -9999 -9999 -9999 -9999 -9999 -9999 -9999 -9999 -9999 -9999 -9999 -9999 -9999 -9999 -9999 -9999 -9999 -9999 -9999 -9999 -9999 -9999
16.62421864325 16.920468450161 17.5518752638298 18.4560936991348 19.8375000958249 20.9901562631723 21.435156553886 21.2429686784419 20.7845311164547 19.9548436701439 19.2310938237937 18.7529687878907 18.2625002263007 18.1649999613455 17.5431253605097 16.6239064033384 15.7901562745256 14.4692188499429 14.1912499958962 14.6684374654027 16.1245312095448 18.1668751249526 16.7450002749123 16.1895310596281 16.3590621061534 15.8124998818123 16.3798435931354 17.7542185787001 17.8687499464493 17.5992187857336 18.0032814142142 18.3642187712281 19.1334375139696 21.4635933935317 -9999 -9999 -9999 -9999 -9999 -9999 -9999 -9999 -9999 -9999 -9999 -9999 -9999 -9999 -9999 -9999 -9999 -9999 -9999 -9999 -9999 -9999 -9999 -9999 -9999 -9999 -9999 -9999 -9999
16.0017187005007 16.2234374291454 17.1403125528067 18.1078126134736 19.194843799561 20.6414059704185 21.2945312861099 21.1585938932335 20.7737499774002 19.9904685019672 19.4945313628967 18.8349999488499 18.5057811436681 18.8132815652595 18.6568751024267 17.6392188058576 16.8579686717206 15.5243749750725 15.0096874972845 15.3420311206787 16.088437482703 17.2040630288348 15.5093751999519 14.4012499616899 15.151093737702 14.6199999462626 15.7648435539066 17.3796874287792 17.9498438534748 18.1992187489636 18.398437678406 18.5526561139957 19.5121874209839 20.2514061928187 -9999 -9999 -9999 -9999 -9999 -9999 -9999 -9999 -9999 -9999 -9999 -9999 -9999 -9999 -9999 -9999 -9999 -9999 -9999 -9999 -9999 -9999 -9999 -9999 -9999 -9999 -9999 -9999 -9999
15.8085938096287 15.9656248091323 16.7662500144645 17.7956251505524 18.7895313802827 20.088437408556 20.7598437968777 20.8460937145436 20.4954690637737 19.9943749307457 19.5264065565065 18.7121873200056 18.0054688749381 18.9546875355187 19.8837499018133 18.8525000803582 18.4131252162701 16.8854687805103 15.1801562605021 14.6157813068344 16.0645311908575 17.0564064077205 16.2117189013749 13.741406365358 14.0504687429612 15.4070311323354 16.1356249149828 17.773906200768 18.3121876412828 18.7204690272337 18.7293752421308 19.2660937593613 19.9156253731538 -9999 -9999 -9999 -9999 -9999 -9999 -9999 -9999 -9999 -9999 -9999 -9999 -9999 -9999 -9999 -9999 -9999 -9999 -9999 -9999 -9999 -9999 -9999 -9999 -9999 -9999 -9999 -9999 -9999 -9999
15.7673437595856 16.0073439330451 16.6176559926115 17.4037502113449 18.4557811620311 19.7251563373185 20.3515623215223 20.502499878708 20.2695309521234 20.0524999201397 19.3140625061973 18.5265626314466 18.3893749709426 19.0643750429651 19.557031185446 18.9828123454999 18.4885937279059 17.0959374309695 15.5959375048559 15.380312352407 17.2120309912072 17.8326560253408 16.3382815275533 14.7693750848832 13.1870311512761 15.9399998341934 16.7698440097295 17.9440625012468 18.2076564140761 19.2417183514427 20.3826562445563 20.8082811520799 -9999 -9999 -9999 -9999 -9999 -9999 -9999 -9999 -9999 -9999 -9999 -9999 -9999 -9999 -9999 -9999 -9999 -9999 -9999 -9999 -9999 -9999 -9999 -9999 -9999 -9999 -9999 -9999 -9999 -9999 -9999
15.5410936775772 15.7876561434985 16.3667187395792 17.0862497392719 18.1160935761337 19.4506249727537 20.07812494062 20.2201564013652 20.2373437285134 19.9209376574934 19.4023437499248 18.9303125141581 18.1482813664812 19.1082810761287 19.4176564511424 18.1182813048816 17.638437361171 16.7928124968218 16.0245312451812 16.4871874001051 17.5910936601352 17.8039062030257 15.7614064522558 15.1253124479162 12.9196875232635 14.4042188673097 16.8237501236459 16.0728125574104 17.0115626751997 19.7964064177474 21.1731248497864 -9999 -9999 -9999 -9999 -9999 -9999 -9999 -9999 -9999 -9999 -9999 -9999 -9999 -9999 -9999 -9999 -9999 -9999 -9999 -9999 -9999 -9999 -9999 -9999 -9999 -9999 -9999 -9999 -9999 -9999 -9999 -9999
15.3128123880504 15.5579687061059 15.9668750021836 16.8157811464238 18.1887500581061 19.2518748940817 19.8601565660636 20.1934375763714 20.2673440575361 19.8904689251544 18.9898438759696 18.9692187608071 18.4853126392287 18.1867187633666 19.6140623688451 17.7015624053195 16.8542188115307 16.3503124717703 15.8210938278938 16.1192187229867 17.050624698618 17.063749999401 15.5410935576702 15.2017187918177 15.4481250909034 15.6993751206208 17.3276561934185 17.0421877037431 17.8960937395428 20.0790627895188 -9999 -9999 -9999 -9999 -9999 -9999 -9999 -9999 -9999 -9999 -9999 -9999 -9999 -9999 -9999 -9999 -9999 -9999 -9999 -9999 -9999 -9999 -9999 -9999 -9999 -9999 -9999 -9999 -9999 -9999 -9999 -9999 -9999
14.5276562428027 15.0264063486874 15.4804687504806 16.7882810981486 18.1542185844675 19.1142186522985 19.8064064979479 20.0689063370844 20.2015627923634 19.7764065566956 19.4443752171384 19.262031048943 17.7612498108154 18.7212500569577 19.4595312183647 17.3454685210335 16.0603125846751 15.8259373163261 15.6904688481008 16.1821876768356 17.018749952681 16.5926559716882 15.9326560799637 15.7104687246798 16.035156325527 16.779999868544 16.1489063522578 15.8990624712826 19.1821878855505 20.3226564527733 21.3099994659424 -9999 -9999 -9999 -9999 -9999 -9999 -9999 -9999 -9999 -9999 -9999 -9999 -9999 -9999 -9999 -9999 -9999 -9999 -9999 -9999 -9999 -9999 -9999 -9999 -9999 -9999 -9999 -9999 -9999 -9999 -9999 -9999
13.671718553655 14.1451562500111 15.0599999877387 16.5450000020733 18.0079687238616 19.0987500846157 19.7848436832879 19.9264059366672 19.5800002821205 19.5570313633054 19.219375163533 18.1145308033732 17.0468748220775 18.5806250577285 18.1287499534966 16.506875024796 15.4040624951518 15.2006251668869 15.134999901679 15.726562619601 16.6404687169188 16.9878125034398 16.2532813986154 15.0200000861327 14.9485937216745 15.7510940286937 14.276249976123 15.3904687009329 18.4495311387209 20.0245312456356 -9999 -9999 -9999 -9999 -9999 -9999 -9999 -9999 -9999 -9999 -9999 -9999 -9999 -9999 -9999 -9999 -9999 -9999 -9999 -9999 -9999 -9999 -9999 -9999 -9999 -9999 -9999 -9999 -9999 -9999 -9999 -9999 -9999
13.0235937541557 13.4014062738595 13.9475001251131 15.7817189245019 17.982968479314 19.1417184472256 19.7281248570633 19.4960934823323 19.048593699727 19.162968814266 18.9250001021614 17.9490624384714 16.7764060513064 16.9053122573114 15.7651562844674 15.4445312322779 14.7914064384991 14.5059375022997 14.7675000579636 15.7326564044766 16.5418749753452 17.2515624469556 15.6917189376409 13.9493749146988 13.995468794882 14.7946874642956 15.7075001600412 17.212187454214 18.4120311440925 19.2628126441992 -9999 -9999 -9999 -9999 -9999 -9999 -9999 -9999 -9999 -9999 -9999 -9999 -9999 -9999 -9999 -9999 -9999 -9999 -9999 -9999 -9999 -9999 -9999 -9999 -9999 -9999 -9999 -9999 -9999 -9999 -9999 -9999 -9999
12.7545311747881 13.2518749978598 13.8589061792827 16.1431250865338 18.0626564621347 18.9837503733826 19.5284377934879 19.1839062571436 18.6590627440688 18.9182814364987 17.3739064354478 15.9507812279845 14.8976562338113 14.8128125085103 14.8154687297021 15.0910937790658 14.3873436301547 13.6743749687491 13.739062445017 14.4398439100998 15.5668751461563 15.3779686864981 13.5026560894154 13.3746874039116 13.8342188156659 15.0707813203898 15.7585938270973 17.1606249362035 18.2076559366466 19.1779684724339 19.6221871974187 -9999 -9999 -9999 -9999 -9999 -9999 -9999 -9999 -9999 -9999 -9999 -9999 -9999 -9999 -9999 -9999 -9999 -9999 -9999 -9999 -9999 -9999 -9999 -9999 -9999 -9999 -9999 -9999 -9999 -9999 -9999 -9999
13.8514062754904 13.5621876566611 14.705312579628 16.1490628134321 17.8101560779683 18.3262499280236 18.755624980609 18.0862496797626 17.3889063302628 17.0200000417601 16.2053122085523 14.5974999671448 13.3154685795185 14.0035936840402 14.5684375013703 14.1625001434478 14.058593765549 13.185781225493 12.427812472033 12.9757812475717 14.2146876313551 13.225156352479 12.8334373977558 13.4629687071278 13.7732811712279 14.8050000219074 15.9812500631571 16.8268752406121 18.085156052865 19.2139065859353 19.5300006866455 -9999 -9999 -9999 -9999 -9999 -9999 -9999 -9999 -9999 -9999 -9999 -9999 -9999 -9999 -9999 -9999 -9999 -9999 -9999 -9999 -9999 -9999 -9999 -9999 -9999 -9999 -9999 -9999 -9999 -9999 -9999 -9999
14.0726561549836 14.277031316216 15.3015625021907 15.8720312112313 16.7784374961963 17.5420311099499 17.6779686520477 17.5950001482345 16.9262499515327 15.8682813503058 15.0062499800041 14.2168750615289 13.4729686972877 13.6407813279143 14.9785937514955 14.607812507775 13.8626562055853 13.3006250558986 12.5900001075569 12.5431247951578 13.425312534521 12.9124999195207 13.3471875334056 14.0231250812428 14.0296875240867 14.4539062835356 15.7126560657155 16.5287502552208 18.6331248278296 19.4904690680448 -9999 -9999 -9999 -9999 -9999 -9999 -9999 -9999 -9999 -9999 -9999 -9999 -9999 -9999 -9999 -9999 -9999 -9999 -9999 -9999 -9999 -9999 -9999 -9999 -9999 -9999 -9999 -9999 -9999 -9999 -9999 -9999 -9999
14.8003125481498 14.6831249142868 15.2775000044138 15.7232811307436 16.0968749675602 16.6607813840245 17.1728126706326 17.4915625450748 16.6890625504166 15.6531250775151 14.7440625129238 14.2903124989389 14.0085939316074 14.4801563616323 15.5087499609702 15.4187500471016 14.5945313721887 13.3664064704781 13.0542186943454 13.0917187485522 13.3770312072746 13.3587498958837 13.6317185761299 13.6875001650122 13.5687501129287 15.1840624797091 16.9701561925136 17.91281238137 19.0842187106262 19.6635935603837 -9999 -9999 -9999 -9999 -9999 -9999 -9999 -9999 -9999 -9999 -9999 -9999 -9999 -9999 -9999 -9999 -9999 -9999 -9999 -9999 -9999 -9999 -9999 -9999 -9999 -9999 -9999 -9999 -9999 -9999 -9999 -9999 -9999
16.1999998075817 15.0450000612477 15.2470310918609 15.7223438764121 16.2721876346592 16.5928123291389 17.1475000380277 17.6167188882916 16.590625077902 15.347968817253 14.8485937416642 14.431406125053 14.7210937877038 15.2840626826229 16.3051561559313 15.7187498957563 14.4928124846785 13.6823437358064 13.0589063020697 12.7898436786542 12.9260937130352 13.4112498912363 13.0874998428088 13.3106249864387 14.1931250534856 15.9321874379387 17.2495313284629 18.2006249428957 19.0879685282989 19.7137496173253 -9999 -9999 -9999 -9999 -9999 -9999 -9999 -9999 -9999 -9999 -9999 -9999 -9999 -9999 -9999 -9999 -9999 -9999 -9999 -9999 -9999 -9999 -9999 -9999 -9999 -9999 -9999 -9999 -9999 -9999 -9999 -9999 -9999
17.2301561531824 15.7245311132354 15.4762500822737 16.2393753382478 16.5287500614743 17.2585936186326 17.0565625720021 17.5918750760367 16.7684376828249 15.7081248754144 14.8974998900069 14.8234375722766 15.3257813461385 15.6914062206986 16.3345313373693 15.3965625321131 14.446249961853 13.9339063316415 12.926093712437 13.0259375127341 12.1951561427291 12.294062510932 12.4381248814779 14.3370313646171 15.3064062139384 15.8234374977193 17.0918748531239 18.1025000513758 18.8737503292782 -9999 -9999 -9999 -9999 -9999 -9999 -9999 -9999 -9999 -9999 -9999 -9999 -9999 -9999 -9999 -9999 -9999 -9999 -9999 -9999 -9999 -9999 -9999 -9999 -9999 -9999 -9999 -9999 -9999 -9999 -9999 -9999 -9999 -9999
17.1054684822498 16.3985938873973 15.7275001551191 16.2445312586432 16.796874672229 17.3312501014402 17.3701563479288 17.5932814481416 17.1354684830987 15.5449998983652 13.7429686795802 13.8039063672242 13.7849999684882 14.5471874341046 15.3215624256893 14.6310937859549 13.9821873464178 13.9564060866616 13.0821873245073 12.7489062699269 11.7217188032462 11.657499924594 11.5081249180567 14.4153125283008 16.1735937589458 15.6064062860325 16.7810938211148 17.8929689230965 18.4651561380515 -9999 -9999 -9999 -9999 -9999 -9999 -9999 -9999 -9999 -9999 -9999 -9999 -9999 -9999 -9999 -9999 -9999 -9999 -9999 -9999 -9999 -9999 -9999 -9999 -9999 -9999 -9999 -9999 -9999 -9999 -9999 -9999 -9999 -9999
17.0357813537785 16.6781250531324 16.8009377415582 16.8154686984113 16.4773433510079 16.9020314523074 16.8462498794813 16.4299999636966 15.9835936139113 15.044218749023 14.0118750328732 13.7156250917762 13.3526562304608 13.3282812099052 13.562499986196 12.7435936794337 12.883281380737 13.4781248875093 12.9503124955883 12.7098437846131 12.157968877864 11.8682813644369 12.8976563219694 14.873906137663 14.9524998535005 16.0076562018826 16.6168751264621 17.9096879359878 18.5729690491218 -9999 -9999 -9999 -9999 -9999 -9999 -9999 -9999 -9999 -9999 -9999 -9999 -9999 -9999 -9999 -9999 -9999 -9999 -9999 -9999 -9999 -9999 -9999 -9999 -9999 -9999 -9999 -9999 -9999 -9999 -9999 -9999 -9999 -9999
17.1037497816652 17.2214063997898 17.0910937487497 17.0001559555666 16.2345311046197 15.8984374412614 15.4053126587359 15.1971875437687 15.1581249241112 14.8768749684797 14.5767187471589 14.5898437789243 13.9367186862915 12.8042187838367 12.078437583089 11.1357812595289 11.7475001525314 12.3029686970031 12.3137501336457 12.3207813209531 12.3979687397425 11.8889061659264 12.9731250548614 12.8329688622386 13.490468845348 15.3092185865176 16.089531333646 18.1304685621872 -9999 -9999 -9999 -9999 -9999 -9999 -9999 -9999 -9999 -9999 -9999 -9999 -9999 -9999 -9999 -9999 -9999 -9999 -9999 -9999 -9999 -9999 -9999 -9999 -9999 -9999 -9999 -9999 -9999 -9999 -9999 -9999 -9999 -9999 -9999
17.4039061961864 17.31437486434 16.9928124547752 16.8385939303981 16.2532815783667 15.1085937178163 13.8984373216585 13.9059374485019 14.3343749797269 14.5856248295232 14.6401562099866 14.6846874064879 14.1978125721773 13.2514061178116 11.5432811672071 10.6212499586946 10.9778125437452 11.4399999830105 11.829375043944 11.360624865006 10.4554686097008 11.5907812119064 12.7582810982182 11.1223437061411 11.3357812264794 12.4640625708051 14.1275000857822 19.1389061506388 -9999 -9999 -9999 -9999 -9999 -9999 -9999 -9999 -9999 -9999 -9999 -9999 -9999 -9999 -9999 -9999 -9999 -9999 -9999 -9999 -9999 -9999 -9999 -9999 -9999 -9999 -9999 -9999 -9999 -9999 -9999 -9999 -9999 -9999 -9999
17.3406248393435 17.0514059962912 16.6473440234992 16.3328126822589 15.9926562910268 14.3614063269609 13.6124998927243 13.6157813073545 13.7906250957005 14.0278123918765 14.1479689333027 14.0378124420205 13.6170313069555 13.1051562584568 11.6731250736309 10.9184374209967 10.885937586349 11.3790624288785 11.1571874476577 11.0371874722253 11.2771873462494 11.8092187042778 11.5151562548774 10.5359374870401 11.3714062323398 15.0914062373326 17.0595313869434 18.8131253121856 -9999 -9999 -9999 -9999 -9999 -9999 -9999 -9999 -9999 -9999 -9999 -9999 -9999 -9999 -9999 -9999 -9999 -9999 -9999 -9999 -9999 -9999 -9999 -9999 -9999 -9999 -9999 -9999 -9999 -9999 -9999 -9999 -9999 -9999 -9999
17.0549997390835 16.7545313540371 15.9684373591752 15.4270313686713 14.7164062867237 13.6659375432143 13.2168749572745 13.2731249937111 13.4423436380883 13.7099998898788 13.8121874637047 13.2717186367507 12.5971875487888 12.1167188433713 10.8371875434876 10.7546875328158 10.9949999753299 11.2420313373453 11.093281255785 10.9948437816817 11.8309374451843 12.6226562555421 13.1479687684067 13.1203123771224 15.0259375723953 16.5212500095494 17.3699998855591 -9999 -9999 -9999 -9999 -9999 -9999 -9999 -9999 -9999 -9999 -9999 -9999 -9999 -9999 -9999 -9999 -9999 -9999 -9999 -9999 -9999 -9999 -9999 -9999 -9999 -9999 -9999 -9999 -9999 -9999 -9999 -9999 -9999 -9999 -9999 -9999
16.9101558030574 16.1540625847287 15.3440624183592 14.759062350268 13.7878124719939 13.4390625805499 12.9215623590446 12.5798436555338 12.5498437740085 12.8596875525454 13.1006249492795 12.6290626083718 12.5245312454406 11.9090625351275 10.3482812353491 9.75953117177115 10.475624844943 9.75093747775271 8.91546886619914 9.68609386834187 11.6087499562459 12.460937560294 12.9098438184188 13.599375113725 14.205156223094 16.7284373339379 -9999 -9999 -9999 -9999 -9999 -9999 -9999 -9999 -9999 -9999 -9999 -9999 -9999 -9999 -9999 -9999 -9999 -9999 -9999 -9999 -9999 -9999 -9999 -9999 -9999 -9999 -9999 -9999 -9999 -9999 -9999 -9999 -9999 -9999 -9999 -9999 -9999
