2050_A2_CS/TMIN.asc
NCOLS 720 
NROWS 360 
XLLCORNER -180 
YLLCORNER -90 
CELLSIZE 0.5 
NODATA_value -9999 
[rows 224 to 251 of 360, columns 567 to 629 of 720]
-9999 -9999 -9999 -9999 -9999 -9999 -9999 -9999 -9999 -9999 -9999 -9999 -9999 -9999 -9999 -9999 -9999 -9999 -9999 -9999 13.0065624116294 13.3117187172235 13.541718721701 13.4890624585992 13.3849999908849 12.9517187924742 11.9907811135801 11.6456249955746 11.6254685530478 11.944062369487 11.796406136658 11.1707812701155 10.1948437838212 9.62109379470428 9.961875066674 10.3968749798368 10.5806251622931 10.9454687842069 11.3045311875482 11.1334375147849 10.9426562342426 10.7457812878364 10.6928125772251 10.6867187921142 10.6051562582103 10.5743750786862 10.5443751520471 10.3150000278429 10.2484374794923 9.99812504680623 9.65218754137103 9.18359380986653 8.47296877220236 7.76937495196246 7.22890625909092 7.09921881583332 7.08281250325553 7.03875003039924 6.96796874772216 7.29796878370608 7.55343748002177 7.40187491587597 7.32499996674356
-9999 -9999 -9999 -9999 -9999 -9999 -9999 -9999 -9999 -9999 -9999 -9999 -9999 -9999 -9999 -9999 -9999 -9999 -9999 -9999 13.1795834898133 13.0854687694461 13.1354689452766 12.9467187231678 12.8103124355721 12.6709376427704 11.9687499850612 11.4693750291592 10.6307812638448 10.279999912171 9.9410937293605 10.186406092058 10.1020312610371 9.67359374454693 9.37593765603717 9.6248438066237 9.87468764227792 10.156093687314 10.3393749752579 10.508593634338 10.3360937542563 10.2067187881682 10.2071874593513 10.1954686347992 10.1560936275054 10.046093806906 10.0554688425558 9.84578131175436 9.69765627441052 9.4946876024526 9.24859371824567 8.78703121881188 8.17624993657127 7.57484369733378 7.07375003408445 6.80109374248278 6.69468751587213 6.63890624828484 6.45281250791018 6.20671879560938 6.11625005427488 6.04249998298772 6.11468752574776
-9999 -9999 -9999 -9999 -9999 -9999 -9999 -9999 -9999 -9999 -9999 -9999 -9999 -9999 -9999 -9999 -9999 -9999 -9999 -9999 13.0322915265989 12.8409375697765 12.5831250702975 12.2385936087893 11.6751562661503 11.5248437686346 11.7334375542918 11.5182814303462 10.7846876082599 10.2054687146478 9.08093743020153 8.92312504374604 9.23249997247391 9.15093749851842 8.82093736602716 8.82953129760315 9.23359379214016 9.63859370405668 9.79046878250016 9.7912501250649 9.67265616406681 9.57312502013883 9.55578136494072 9.62437485210067 9.60515615379949 9.64874978401686 9.7462499595173 9.56843750217764 9.21734367344555 8.84390635824655 8.6296874882746 8.17593759336334 7.49953121757877 6.88671877308147 6.3528125517363 5.88890623409127 5.61749994157719 5.58953128161071 5.45218756205835 5.22468754029405 4.74515617716963 4.51874998248468 4.76578127593976
-9999 -9999 -9999 -9999 -9999 -9999 -9999 -9999 -9999 -9999 -9999 -9999 -9999 -9999 -9999 -9999 -9999 -9999 -9999 -9999 12.9368748367862 12.6609375628454 12.0023436252382 11.4937500661579 11.0118750785345 10.6023438425767 10.355312527279 10.4125000402437 10.4073437609806 9.67015621114212 8.94359380035726 8.55890627242576 8.39859367997134 8.2415624267033 8.21250004349416 8.36500009920267 8.59187479382395 8.92328137223697 9.1735936559423 9.19312515905376 9.01828125178877 8.95578126665249 9.01437497179224 9.04781247719877 9.0482813274586 9.19546866454292 8.97796887222914 8.922031120153 8.82546873422418 8.49140622489342 8.18296872879262 7.6007811656413 6.93140620021989 6.21781254598283 5.53484383284327 4.9115623539232 4.38984373268564 4.2779687128273 4.39234380444848 4.21734376666892 4.37484378351362 4.68890625918663 5.16656253419015
-9999 -9999 -9999 -9999 -9999 -9999 -9999 -9999 -9999 -9999 -9999 -9999 -9999 -9999 -9999 -9999 -9999 -9999 -9999 12.7356771976266 12.6861457380446 12.2203125360848 11.4173438254262 10.859218761839 10.5517186526038 10.1010937246477 9.81515629643925 9.26968762315733 9.08546881483244 8.86187496925084 8.33687488864457 7.73124992225585 7.48046876577618 7.48515627572944 7.61828130515906 7.7967187690407 7.93359377258897 8.16203133797274 8.42593770514486 8.51046872194123 8.4757810539728 8.41468752974607 8.43671863581252 8.42046871096415 8.39562495109438 8.60515621361056 8.33421874827862 8.45609378849309 8.39468756352471 8.10890635124997 7.85625015239629 7.27718748939779 6.77281254576153 6.04546876258615 5.14968755070216 4.52140626282288 4.0985937751215 4.0609374714809 4.36421872253502 4.48156247216899 4.62078125717537 4.98718745978646 5.52578124387077
-9999 -9999 -9999 -9999 -9999 -9999 -9999 -9999 -9999 -9999 -9999 -9999 -9999 -9999 -9999 -9999 -9999 -9999 -9999 12.5345832706098 12.3209895792899 11.8106250915519 11.1032812895353 10.4771875740292 10.2132811399369 9.72281262313456 9.2231249962651 8.7924999747888 8.26515635878525 7.82406240730059 7.09234374093073 6.51015622993028 6.68828128322078 6.99812496494477 7.16359374715221 7.38656249683791 7.54171883356033 7.59671875147656 7.85781248712723 7.88187500138424 7.81765621197771 7.83812502068131 7.82078116434053 7.72062499131972 7.7857812796507 7.91890633163392 7.78015624042022 8.06796866685056 7.95453120806617 7.68421880949177 7.07296883404118 6.44093743807727 6.00265628180802 5.64609380870629 5.16656253509983 4.58515620250007 4.05546881644278 4.07031251881727 4.47625002295692 4.99203123883742 5.12421867970316 5.34437497673888 5.63546872882717
-9999 -9999 -9999 -9999 -9999 -9999 -9999 -9999 -9999 -9999 -9999 -9999 -9999 -9999 -9999 -9999 -9999 -9999 -9999 -9999 11.8625000121437 11.4092187883983 10.7974999848214 10.2468749886143 9.8367186938435 9.29625006068947 8.92218744805063 8.59078133153175 8.15296869020844 7.58921875088758 6.77312494073667 6.29484386742192 6.32578129309813 6.52703128739857 6.61328127231075 6.8642187941041 7.01328128600642 7.17750004709902 7.36359378721553 7.44250001787417 7.31734374201808 7.28124992588709 7.25781249288199 7.19718749113717 7.31859372592174 7.21640621930076 7.18499996575003 7.21499998954444 7.22859369289273 7.03234375328622 6.25609377811599 5.40625003746634 4.91968751007039 4.72750006318452 4.43828123127738 4.02343747443185 3.66250002783939 3.97374999160536 4.5268750115363 5.05031243705989 5.35265631227371 5.58359379297593 5.73312502325304
-9999 -9999 -9999 -9999 -9999 -9999 -9999 -9999 -9999 -9999 -9999 -9999 -9999 -9999 -9999 -9999 -9999 -9999 12.0100002288818 11.7606253624775 11.5206250551766 11.0398437384361 10.4042186740353 9.78046883666039 9.34499986503987 8.90296874956358 8.64843744034445 8.40421880765531 8.13656268975782 7.599531285157 6.94656245377586 6.37453124658984 6.31546869142131 6.46140621628526 6.53640621172237 6.6073437706924 6.83093747502313 6.98296883703435 6.98906261509525 7.02484375278136 6.9123438152737 6.78812501621479 6.87015626610141 6.8099998908877 6.74156252353854 6.53015620315185 6.43968757302891 6.44296877126499 6.5114062060673 6.35218753717355 5.79953119939046 5.1090625303764 4.43124998388018 4.02249999758214 3.69531255272939 3.4403125052203 3.36484373755227 3.770781234142 4.39562496945694 4.9729687945898 5.2528124900446 5.64078119411433 6.02374990265626
-9999 -9999 -9999 -9999 -9999 -9999 -9999 -9999 -9999 -9999 -9999 -9999 -9999 -9999 -9999 -9999 -9999 -9999 -9999 11.6016667783855 11.1247916521375 10.602343574487 10.0103124978604 9.4460938873652 8.99234382826434 8.62640611841139 8.52374997763324 8.30953117491926 8.11874996147231 8.02546872181429 7.4381250068053 6.58906247466339 6.30734373617788 6.23718753445533 6.30937498825442 6.4334374816933 6.59515622276875 6.80937510776517 6.75734385145823 6.64937502172221 6.57812497782053 6.57187505827449 6.5001562540154 6.3268749717712 6.11734373149293 6.12546879819784 5.99562504911267 6.15968753407155 6.16203133787954 5.81531240818306 5.42109373188556 4.78093746267749 4.11484374446541 3.70218752656044 3.52453125594836 3.0762500196486 2.97968752230776 3.39187501306926 4.30359383281877 5.06312496944785 5.42499998178023 5.8017186520892 6.05812507119987
-9999 -9999 -9999 -9999 -9999 -9999 -9999 -9999 -9999 -9999 -9999 -9999 -9999 -9999 -9999 -9999 -9999 -9999 -9999 -9999 10.9394790829531 10.3243748994031 9.7548436673236 9.15078133365583 8.74203136586076 8.50968751316669 8.23265627045959 7.88437491693078 7.80890629469763 8.05031243724745 7.5135938077421 6.55859376495556 6.07296873678708 6.12328120351173 6.12796872121368 6.22203124332107 6.22062500608882 6.29046871550475 6.35515613131956 6.3245312127167 6.19984372004871 6.2643750164368 6.03374994578689 5.92468749759539 5.85156241076021 5.86484373381958 5.58031249835708 5.79359378715917 5.90984376535179 5.54671874659167 5.47453131541202 4.9098437355525 4.38437501701362 4.10765621413239 4.04812503193675 3.80093752178095 3.82953122197835 4.06546874670484 4.4849999657598 5.1362499669532 5.73859373462522 6.04500006115353 6.23812498870628
-9999 -9999 -9999 -9999 -9999 -9999 -9999 -9999 -9999 -9999 -9999 -9999 -9999 -9999 -9999 -9999 -9999 -9999 -9999 -9999 10.5500001907349 10.2728126196661 9.60156254476617 9.04281237719758 8.60218735045809 8.27890624137356 7.90296867500595 7.76265633111354 7.87703117730605 7.72953115427737 7.2771874222987 6.46468751893905 5.80796871334389 5.56687497336278 5.93203124409384 6.15453121799145 5.99749992762757 6.04187498254815 6.10843741920226 6.0485936778258 5.81234376883739 5.92312496906064 5.73609375229491 5.68500003238533 5.6667186990969 5.5487499685808 5.39640626341507 5.44250003250596 5.55593749164942 5.20296869432242 5.33515622467032 4.96234381921687 4.53203119287319 4.44843752659727 4.32937489416027 4.35609372665229 4.38046879290521 4.62000010113961 4.94718746792781 5.37406249307494 5.6993749957709 6.01124999670954 6.37921876466202
-9999 -9999 -9999 -9999 -9999 -9999 -9999 -9999 -9999 -9999 -9999 -9999 -9999 -9999 -9999 -9999 -9999 -9999 -9999 -9999 -9999 10.4617188124163 9.52046872682356 8.96593736126296 8.38468733458729 7.83265617531062 7.43281248277587 7.44249999570132 7.6496874544506 7.56546874347015 6.90359372668412 6.32406254119276 5.92187504451742 5.8720312114695 6.04874996071497 6.35328125188259 6.30312499379248 6.01187510035147 5.84359377639302 5.87890625003125 5.84656256425559 5.78296872990749 5.57765638088175 5.5635937750332 5.56218742590353 5.44093757123211 5.24359370762809 5.27843753273007 5.34124997263981 5.09234371049025 5.24281250700246 4.99187509732939 4.78515630969386 4.76624999166056 4.69921866032998 4.7292186839287 4.7760937285041 5.09671876550474 5.40281250301749 5.79265630213873 6.07859370831172 6.18796870084895 6.47859375901837
-9999 -9999 -9999 -9999 -9999 -9999 -9999 -9999 -9999 -9999 -9999 -9999 -9999 -9999 -9999 -9999 -9999 -9999 -9999 -9999 -9999 10.4654688536033 9.43656252293406 8.85671864435149 8.2459374743411 7.58734376748377 7.2793750986548 7.2598437593581 7.40515625524811 7.04453120427397 6.73000006401417 6.53359378841533 6.4309375133791 6.3756250738611 6.32500005456559 6.37421873935099 6.51765625939002 6.40421885981011 5.9814062265892 5.72625003017637 5.57999992393718 5.63781252516929 5.66218747968121 5.58109378072148 5.5979687422035 5.3337501063 5.28828127690344 5.29046870023087 5.28765631463987 5.17562504831929 5.14937498396452 5.08781250554229 4.89703122524203 4.99687501035174 4.90828122177217 5.11796881239405 5.27312497006082 5.50296882494752 5.77437500631627 6.14062496255857 6.40359374111176 6.39468751082161 6.84140633776404
-9999 -9999 -9999 -9999 -9999 -9999 -9999 -9999 -9999 -9999 -9999 -9999 -9999 -9999 -9999 -9999 -9999 -9999 -9999 -9999 -9999 10.341249942725 9.86921870669572 8.91906234626699 8.08187497406892 7.48187506196152 7.13031258457254 7.05406251571099 6.76906245256863 6.44921873559539 6.366718724721 6.60203129074723 6.68500003955521 6.53781257548413 6.75015622365342 6.82937501319052 6.61703125356271 6.58000004279099 6.07703113556892 5.80171878616095 5.63296876816131 5.61109374454386 5.60031251594921 5.74000009121112 5.75125012526764 5.60984382743154 5.48984378535568 5.47328120440406 5.44937492138943 5.41656245278041 5.2510937378561 5.20125007623025 5.10468748925534 5.21156250658618 5.3001562501753 5.39593757663074 5.71421871306341 5.86156253503787 6.09500003578184 6.41390625362036 6.62203123409636 6.69187501790348 7.0598437188047
-9999 -9999 -9999 -9999 -9999 -9999 -9999 -9999 -9999 -9999 -9999 -9999 -9999 -9999 -9999 -9999 -9999 -9999 -9999 -9999 -9999 -9999 10.2799997329712 9.49500001919777 8.25984377375659 7.61406256255311 7.06843747917785 6.78796873255343 6.41015627979853 6.23531251405998 5.95687498950228 6.14656256223491 6.39312500561368 6.3345313073588 6.48546881962632 6.63062500213153 6.73375003804851 6.51656254374136 6.09703121330004 5.8578125237859 5.58078128105412 5.49359371518647 5.6717187241181 5.86187501221764 6.01468752321407 5.98437497021581 5.88734366750879 5.78687500963047 5.65703121573262 5.51703135657363 5.49875002331403 5.39234372946304 5.37968756977089 5.4993750527229 5.62500000002722 5.72453130006886 6.00484373393038 6.12953122682771 6.31656251082277 6.53796878460774 6.71562505517361 6.93031246224026 6.94531247026873
-9999 -9999 -9999 -9999 -9999 -9999 -9999 -9999 -9999 -9999 -9999 -9999 -9999 -9999 -9999 -9999 -9999 -9999 -9999 -9999 -9999 -9999 10.7299995422363 9.95437493893482 8.57156248378764 7.66234368826318 7.22921869903727 6.73406243319304 6.44484374666973 6.06703125707233 5.49749995789173 5.26437509862853 5.7823437680198 6.08468749400533 6.36921872973413 6.53171876829323 6.54203125845394 6.51515632874821 6.12374997138976 5.74765627854511 5.6548437772395 5.69187505505847 5.82499997288547 6.06531254199263 5.98609372236147 5.87890624270092 5.7551562489594 5.65656249981805 5.60968754447631 5.59296876191716 5.64640621095067 5.60468753420182 5.60187501450968 5.63953122476782 5.68921881156041 5.92046872524526 6.30062504837579 6.33109373589266 6.43515624852271 6.47749999171565 6.55671878925736 6.68140619279281 6.72312495886119
-9999 -9999 -9999 -9999 -9999 -9999 -9999 -9999 -9999 -9999 -9999 -9999 -9999 -9999 -9999 -9999 -9999 -9999 -9999 -9999 -9999 -9999 -9999 9.73156243535182 8.33328118937684 7.45281244840097 7.20015627144188 6.90062493092473 6.43140625946082 5.81234376121738 5.48703121367389 5.41031249591075 5.51015629614776 5.82734377697316 6.0921875760275 6.41562500593941 6.36078120754467 6.27750001108097 6.15937496740683 5.9064063056394 5.90265621980872 5.96406245224565 6.09484376756909 6.04359377924309 5.91843754787201 5.82390630231305 5.76718746107511 5.72453114374064 5.69171867501054 5.696562498605 5.79968751201604 5.80031242940347 5.69624996172977 5.63515619941948 5.8821875155378 6.28828122447489 6.41765632438522 6.47203122822249 6.41203117374739 6.38562498253688 6.36078128955216 6.35250003644902 6.36656250072681
-9999 -9999 -9999 -9999 -9999 -9999 -9999 -9999 -9999 -9999 -9999 -9999 -9999 -9999 -9999 -9999 -9999 -9999 -9999 -9999 -9999 -9999 -9999 10.1482812460317 8.61499999401207 7.31921872492333 7.2240624651088 6.83218756322438 6.64984375211066 6.1414062600119 5.77671875039746 5.7210937959111 5.74359381911194 5.84984375517783 6.07671880721373 6.51171865300982 6.43156258019072 6.24890623240837 6.08859372876466 5.88531254244369 5.95468758792435 6.1271873859648 6.14265631133058 6.07031251482173 6.07874993965244 6.03812503794315 5.99406246822819 5.9710936991045 5.91015625728647 5.98390625391531 6.17140625378042 6.18046875263477 5.99062501604357 5.78000009028433 6.01015628849799 6.49218749241605 6.78187500668968 6.58968753351026 6.43406257025704 6.35562505565841 6.37296875572763 6.31921880688571 6.19406241938108
-9999 -9999 -9999 -9999 -9999 -9999 -9999 -9999 -9999 -9999 -9999 -9999 -9999 -9999 -9999 -9999 -9999 -9999 -9999 -9999 -9999 -9999 -9999 10.397187426637 9.54593752259572 7.6149999497587 7.01687498434309 6.73718754966462 6.63734370493135 6.39406257877524 5.88265613489438 5.62203128637303 5.77953127032461 5.93656253813653 6.12171880165739 6.39031253773773 6.56187503047309 6.4406249448896 6.26906249685773 6.07015625384069 6.18546871090292 6.25875002889928 6.20015618936007 6.20093739016756 6.24406248315977 6.2764063176975 6.28109379087989 6.30343750832139 6.39249996793135 6.57921876699835 6.86093743818347 6.85750005323985 6.64140627475739 6.46265617700578 6.55031251113127 6.76281250985336 6.92734370378922 6.97265618272883 6.72656247740766 6.52437504371376 6.3593750222561 6.23296876242208 6.09281245598585
-9999 -9999 -9999 -9999 -9999 -9999 -9999 -9999 -9999 -9999 -9999 -9999 -9999 -9999 -9999 -9999 -9999 -9999 -9999 -9999 -9999 -9999 -9999 -9999 10.1970311995454 7.68765634304048 6.36109376759447 6.33031253562119 6.38093753176776 6.275468729528 5.76546876873298 5.57187491661907 5.75328122822717 5.95578119156734 6.28015630657156 6.51078127286811 6.64015623907226 6.43124993144571 6.11765626828445 6.08984380215631 6.28812509764434 6.27187506108284 6.32156246895344 6.40109363927471 6.48640619194883 6.59515619252402 6.66593752019856 6.87062504829473 7.11437499456115 7.4248436979794 7.76843737738588 7.29812505841253 7.00187507271766 6.82312488555908 6.85874998569489 6.93812495470047 7.08718751347217 7.2220312578656 7.13203118701059 6.81078121030108 6.54875006506147 6.51468756759617 6.31687496587336
-9999 -9999 -9999 -9999 -9999 -9999 -9999 -9999 -9999 -9999 -9999 -9999 -9999 -9999 -9999 -9999 -9999 -9999 -9999 -9999 -9999 -9999 -9999 -9999 9.97812503625303 7.0779687473365 6.04671867972874 6.19843745221081 5.9828125462129 6.14937498424636 5.90890636293222 5.76718746090787 5.90218742161338 6.26515620900463 6.64484370477938 6.65031246060985 6.76328129275507 6.54874998297792 6.28906248456551 6.38062500184549 6.31500001975363 6.37406247838932 6.49640625697949 6.66322908035028 6.81885420012888 6.98625007271769 7.30500012636185 7.42854169011117 7.62916672229767 7.76999998092651 -9999 -9999 -9999 -9999 -9999 -9999 -9999 -9999 7.40000009536743 7.24999994039534 7.29546876935031 7.37546874500837 6.90562495536368
-9999 -9999 -9999 -9999 -9999 -9999 -9999 -9999 -9999 -9999 -9999 -9999 -9999 -9999 -9999 -9999 -9999 -9999 -9999 -9999 -9999 -9999 -9999 -9999 8.93531256275281 6.09453124617321 5.89578125613778 6.30484376841448 6.09343757460978 6.14890626813869 6.11375001787428 6.12015619853043 6.30999995734002 6.79015622251331 7.12484376078498 7.30468750676478 7.36140632580588 7.0470312829231 6.86749999186924 6.82687509013395 6.67265627498018 6.67875004526873 6.8170312639711 6.90541653563895 6.95416669050853 -9999 -9999 -9999 -9999 -9999 -9999 -9999 -9999 -9999 -9999 -9999 -9999 -9999 -9999 -9999 -9999 8.40484392562022 7.52249999299612
-9999 -9999 -9999 -9999 -9999 -9999 -9999 -9999 -9999 -9999 -9999 -9999 -9999 -9999 -9999 -9999 -9999 -9999 -9999 -9999 -9999 -9999 -9999 9.69583304723088 7.5002083759128 5.53062506767785 5.90046869936605 6.47187505649445 6.44984379391323 6.35015616546377 6.45468748345956 6.5725000497814 6.82843746203409 7.15499997061891 7.65796876638257 8.02234386584849 8.11046884875482 7.9106250696482 7.51875008578578 7.35468744438572 7.22343739060864 7.4449999332428 -9999 -9999 -9999 -9999 -9999 -9999 -9999 -9999 -9999 -9999 -9999 -9999 -9999 -9999 -9999 -9999 -9999 -9999 -9999 8.71999979019162 8.14765619460207
-9999 -9999 -9999 -9999 -9999 -9999 -9999 -9999 -9999 -9999 -9999 -9999 -9999 -9999 -9999 -9999 -9999 -9999 -9999 -9999 -9999 -9999 -9999 9.46458325323013 7.16770834223961 5.86812499109878 6.28578121181314 6.59656254940559 6.627968802962 6.61359370477984 6.69843747443391 6.97937499696444 7.67687495705994 8.35781239606148 8.64562504643744 8.92046901510271 9.1215626291327 8.8242187417977 8.37468752939503 8.03249985666083 7.9715627053701 -9999 -9999 -9999 -9999 -9999 -9999 -9999 -9999 -9999 -9999 -9999 -9999 -9999 -9999 -9999 -9999 -9999 -9999 -9999 -9999 -9999 -9999
-9999 -9999 -9999 -9999 -9999 -9999 -9999 -9999 -9999 -9999 -9999 -9999 -9999 -9999 -9999 -9999 -9999 -9999 -9999 -9999 -9999 -9999 -9999 10.2837499081676 8.19968740549429 7.02609372773414 6.99843753801339 7.0779687608617 7.10890618674641 7.16828119732109 7.37859377951093 7.98203124068278 8.33874976629694 -9999 -9999 -9999 -9999 -9999 -9999 -9999 -9999 -9999 -9999 -9999 -9999 -9999 -9999 -9999 -9999 -9999 -9999 -9999 -9999 -9999 -9999 -9999 -9999 -9999 -9999 -9999 -9999 -9999 -9999
-9999 -9999 -9999 -9999 -9999 -9999 -9999 -9999 -9999 -9999 -9999 -9999 -9999 -9999 -9999 -9999 -9999 -9999 -9999 -9999 -9999 -9999 -9999 -9999 8.91218753140162 8.44031243660803 8.10984381187514 8.02531233328182 8.05484367796319 7.92578110003185 7.84312495575498 8.22249996662142 -9999 -9999 -9999 -9999 -9999 -9999 -9999 -9999 -9999 -9999 -9999 -9999 -9999 -9999 -9999 -9999 -9999 -9999 -9999 -9999 -9999 -9999 -9999 -9999 -9999 -9999 -9999 -9999 -9999 -9999 -9999
-9999 -9999 -9999 -9999 -9999 -9999 -9999 -9999 -9999 -9999 -9999 -9999 -9999 -9999 -9999 -9999 -9999 -9999 -9999 -9999 -9999 -9999 -9999 -9999 -9999 -9999 -9999 -9999 8.86750006675721 -9999 -9999 -9999 -9999 -9999 -9999 -9999 -9999 -9999 -9999 -9999 -9999 -9999 -9999 -9999 -9999 -9999 -9999 -9999 -9999 -9999 -9999 -9999 -9999 -9999 -9999 -9999 -9999 -9999 -9999 -9999 -9999 -9999 -9999
-9999 -9999 -9999 -9999 -9999 -9999 -9999 -9999 -9999 -9999 -9999 -9999 -9999 -9999 -9999 -9999 -9999 -9999 -9999 -9999 -9999 -9999 -9999 -9999 -9999 -9999 -9999 -9999 -9999 -9999 -9999 -9999 -9999 -9999 -9999 -9999 -9999 -9999 -9999 -9999 -9999 -9999 -9999 -9999 -9999 -9999 -9999 -9999 -9999 -9999 -9999 -9999 -9999 -9999 -9999 -9999 -9999 -9999 -9999 -9999 -9999 -9999 -9999
