2050_A2_CS/TSD.asc
NCOLS 720 
NROWS 360 
XLLCORNER -180 
YLLCORNER -90 
CELLSIZE 0.5 
NODATA_value -9999 
[rows 112 to 139 of 360, columns 567 to 629 of 720]
6.93199394807194 7.07097573146855 7.38506845881942 7.77907642062216 8.16919295133447 8.35843842671477 8.28413339291536 8.32275266304801 8.25131419997052 8.49103923455919 8.64169531635289 8.74573140239571 8.90794875677421 8.92580166696793 8.90576423903204 8.92838806028902 9.06303643112291 9.21943070980954 9.51829904761928 9.58756242826146 9.59247703548687 9.58232635172034 9.57229213715642 9.57129954765146 9.57624648144388 9.60854872965655 9.64115553359658 9.64026185325566 9.55339422976143 9.45527776864967 9.36967702560174 9.31614959293331 9.26828407024826 9.16268919233864 9.06981396775428 -9999 -9999 -9999 -9999 -9999 -9999 -9999 -9999 -9999 -9999 7.35516649198343 7.33981542845371 -9999 -9999 -9999 -9999 -9999 7.08030213816615 7.50590935469468 7.53995018492963 7.60853651542784 7.67918073689775 7.64326093041747 7.57676310967525 7.58938064584419 7.4723225647086 7.30363860842095 -9999
6.65261555158655 6.8349271761427 7.1617701932614 7.45582167502279 7.84029980317023 8.13904268788857 8.31522543391607 8.59234200525424 8.6759990465198 8.61883526409593 8.57644605662309 8.6654321032222 8.71332215830085 8.76253864576924 8.82779460395551 9.06646531641432 9.22102199793259 9.29134399664539 9.39492600880645 9.41550093569042 9.45391427799964 9.52178476533916 9.4920745754077 9.45607971714056 9.43883357082333 9.49706553609555 9.57165211973982 9.5728718061269 9.47463584717513 9.37947129060526 9.30758992098148 9.272663676589 9.22457158478344 9.06876195751969 8.89477851142652 -9999 -9999 -9999 -9999 -9999 -9999 -9999 -9999 -9999 -9999 7.30706792223623 7.22330962184579 -9999 -9999 -9999 -9999 7.02734744214271 7.26487931008863 7.63016033798388 7.81528360728619 7.70104515115097 7.40813864172342 7.24341200928473 7.16900097683808 7.12666764012401 7.13789487579658 -9999 -9999
6.4321746205031 6.61382856529205 7.04900521437909 7.44520924085869 7.78577885978449 7.85595824663278 8.02415983954841 8.19467404597119 8.23849007581126 8.4059980642128 8.53054975692133 8.55327382136233 8.58513599528261 8.66324175701823 8.78594951493582 9.00873712304572 9.24780543559263 9.28984258096637 9.28631343326417 9.28366711542745 9.33016316392661 9.45879275863632 9.43021529180959 9.36427393521037 9.33157736029571 9.38153062892024 9.48127670061545 9.53032409682592 9.40467771707011 9.30044256137301 9.26138130299709 9.29707454117776 9.22191506528798 9.01985551649034 8.80562941770183 -9999 -9999 -9999 -9999 -9999 -9999 -9999 -9999 -9999 -9999 -9999 -9999 -9999 -9999 -9999 6.978944425296 7.0632257964148 7.35393927646357 7.51775081234552 7.72003612463683 7.57165533852672 7.20573762571403 -9999 6.75558398723289 -9999 -9999 -9999 -9999
6.30466779975883 6.67638819906286 7.06832012370247 7.44560512292453 7.68313997650993 7.7421014400531 7.90634443225284 7.95807610625873 7.97289125267955 7.96395741220993 7.97969835040257 8.05909409167133 8.2978238100984 8.46694870993078 8.54643572336121 8.80305301107962 9.1089828559706 9.16651723747218 9.16056453538352 9.14087357027803 9.22186831922585 9.36291078375459 9.33509316317861 9.27741622372125 9.24156665587418 9.24860793659445 9.28939678207892 9.32547634213329 9.28840068677037 9.21297647871942 9.1642889639714 9.2906259911983 9.20701439188762 8.94338082866244 8.73589296658202 8.58846615418555 -9999 -9999 -9999 -9999 -9999 -9999 -9999 -9999 -9999 -9999 -9999 -9999 -9999 -9999 -9999 -9999 -9999 7.16165525271598 7.467334259633 7.27501176283259 7.02919655931618 -9999 -9999 -9999 -9999 -9999 -9999
6.31342009910581 6.91484035481386 7.39875652954632 7.54876748847392 7.59840437091029 7.71303568608647 7.84950462049305 7.93411141016644 7.85947176456949 7.80760475619158 7.69500494018149 7.68099090078599 7.88676630222425 7.97904112486162 8.17165061421148 8.44795754600251 8.7812396549408 9.02620024062517 9.05181855619068 9.13277355255972 9.15651657529088 9.19472966554124 9.18658951207741 9.08347340283248 9.01663638569632 9.03769565121709 9.01772348019909 9.09378070607912 9.17277769665342 9.20553167908494 9.12579278077499 9.10976331612259 8.9813162020625 8.75687089480722 8.6364737017225 8.56399583796457 8.39117415431049 -9999 -9999 -9999 -9999 -9999 -9999 -9999 -9999 -9999 -9999 -9999 -9999 -9999 -9999 -9999 -9999 6.97773450059719 7.14501078015528 6.96311719502083 6.7923817262062 -9999 -9999 -9999 -9999 -9999 -9999
6.68341258703465 7.25969013134946 7.4773948533345 7.55238583553253 7.62052667353183 7.7251247515947 7.82299264257718 7.90474218083554 7.88872273625392 7.89441616182413 7.8645510154306 7.83229113045798 7.9448937749772 7.9458545038137 8.10183153846892 8.27990584244067 8.64825419998977 8.89247290202929 8.97571246815171 9.05936852304938 9.18842838939385 9.2045432574583 9.13036991660624 8.92078576106843 8.7180380638119 8.6465448805188 8.64913648409323 8.8202004187394 9.05455903527957 9.19858457206593 9.13094161025857 8.94970879367956 8.74098374699206 8.55264928096895 8.53165229463181 8.52528587996414 8.35451552703502 -9999 -9999 -9999 -9999 -9999 -9999 -9999 -9999 -9999 -9999 -9999 -9999 -9999 -9999 -9999 -9999 6.58044477555573 6.57688772586628 6.5998945328257 -9999 -9999 -9999 -9999 -9999 -9999 -9999
7.11984631716237 7.25309731774795 7.37045581688573 7.52302286719206 7.6558541404661 7.77207853640326 7.83112122802471 7.84793752214477 7.88192733189262 7.87884485821193 7.85200015126857 7.76969051704991 7.80286995407784 7.854158385081 8.07000697252806 8.39280518003462 8.65691525535212 8.82305756932015 8.95423383206259 9.06463855816521 9.17581702911956 9.26608690578038 9.18725895123997 8.96639289343803 8.79057207494797 8.60910532834141 8.74240101871001 8.84418457271104 8.91914929804559 8.97478423640836 8.93194863310476 8.79641418901643 8.66503353112969 8.56592534829462 8.52430416661626 8.46235537401474 8.26165654666049 -9999 -9999 -9999 -9999 -9999 -9999 -9999 -9999 -9999 -9999 -9999 -9999 -9999 -9999 -9999 -9999 -9999 5.66649214449912 5.79315180363595 -9999 -9999 -9999 -9999 -9999 -9999 -9999
7.08306755214659 7.16700313799316 7.31210341135967 7.4710851720721 7.6211432875732 7.73633951347161 7.76240556797453 7.79731933761177 7.83092987134355 7.68886690010292 7.58777482732459 7.67595782120521 7.74304056524202 7.75793575856295 7.90868303671987 8.31974900874017 8.63189910848098 8.75041998951888 8.89174647449964 9.02955826705083 9.12270500195522 9.1700344265422 9.09656222520061 8.98209044163165 8.87350817382068 8.92557020068276 8.90950563466285 8.7754191829727 8.63367732140357 8.59642693464596 8.5525941700999 8.5904248634486 8.65238558838989 8.64142179490907 8.56176194368817 8.42392352712217 8.07827473433679 7.79217855332924 -9999 -9999 -9999 -9999 -9999 -9999 -9999 -9999 -9999 -9999 -9999 -9999 -9999 -9999 -9999 5.5939446787034 5.65791315498097 -9999 -9999 -9999 -9999 -9999 -9999 -9999 -9999
6.95732848140624 7.10530739980802 7.28731198138267 7.43273654046724 7.54245859524875 7.66047244192004 7.73923185217999 7.73504957025816 7.64314318187841 7.55736274937698 7.65416670168302 7.76021681090791 7.78430042390009 7.91804044254615 8.12441201815875 8.41035857572437 8.66526938800371 8.79341963511838 8.91713905469516 9.0203960788651 9.02193901545442 8.96457283081305 8.85503788559971 8.87665546795235 8.93082412861076 8.96486784309122 8.77492186651527 8.58672373966792 8.52426948815522 8.54723393075984 8.51750544082804 8.55934668764312 8.54352349333954 8.54451248356296 8.45834220503339 8.24636799177219 8.05860970356206 7.74869403833675 -9999 -9999 -9999 -9999 -9999 -9999 -9999 -9999 -9999 -9999 -9999 -9999 -9999 -9999 -9999 -9999 -9999 -9999 -9999 -9999 -9999 -9999 -9999 -9999 -9999
6.84499265663295 7.06586575485641 7.23251536073142 7.34304788126648 7.44847607040424 7.59788478585673 7.65956592916503 7.58130706258826 7.54271508084523 7.62526120059271 7.69597139988796 7.89858783475489 7.99816382073649 8.1094967895996 8.22654505458664 8.52758124038932 8.75070580226028 8.8987400530519 8.99798969048245 9.00989496904589 8.84755398054808 8.71739757162201 8.67941290512108 8.64057976798379 8.78057692506355 8.80090850592625 8.66454857871986 8.49185494367457 8.42682463817419 8.3398713742253 8.37196036466308 8.51487161620471 8.44230793708911 8.36201912882484 8.21151642705665 8.03119144067868 7.87220705051221 -9999 -9999 -9999 -9999 -9999 -9999 -9999 -9999 -9999 -9999 -9999 -9999 -9999 -9999 -9999 -9999 -9999 -9999 -9999 -9999 -9999 -9999 -9999 -9999 -9999 -9999
6.72757901233533 6.97087783932513 7.14428923713069 7.23091983134744 7.35999468897608 7.4630901520129 7.57772262193175 7.53740850088849 7.61446822317688 7.7002962662123 7.81639102052153 8.01473690781501 8.13161623012608 8.17068186220176 8.31282618765255 8.56129380317414 8.79382480258051 8.97678121166471 9.08822297007368 8.97427018122373 8.75426017856745 8.57652283731978 8.43802515030562 8.56556992172644 8.66433872603194 8.65356600640223 8.53592128065698 8.36352341212058 8.1646254081017 8.21764548704335 8.22799964076318 8.07731304003162 8.12867361716132 8.03303359129833 7.88463105492311 7.79596019618963 7.68050631383051 -9999 -9999 -9999 -9999 -9999 -9999 -9999 -9999 -9999 -9999 -9999 -9999 -9999 -9999 -9999 -9999 -9999 -9999 -9999 -9999 -9999 -9999 -9999 -9999 -9999 -9999
6.46753643354704 6.85853870367078 7.0286492342158 7.13790108724726 7.25214716486094 7.39374027226863 7.4893474519225 7.58279828476068 7.67845877767571 7.77745151785236 7.84213100814071 8.00222737236687 8.16160419995661 8.27493575830238 8.29384170579725 8.42390297265365 8.61291031473076 8.94313765940669 9.1397340457968 8.90169678297061 8.67796011488043 8.51268135128511 8.54692579946725 8.59743233040027 8.59922462233952 8.53191166402557 8.38051629325529 8.14826536619288 7.93444556381399 7.76897487356404 7.60530316155918 7.69564821537498 7.7288549122183 7.67376256491707 7.5841828912806 7.50956039480389 7.49154872629553 -9999 -9999 -9999 -9999 -9999 -9999 -9999 -9999 -9999 -9999 -9999 -9999 -9999 -9999 4.89714468488847 4.9241761928413 -9999 -9999 -9999 -9999 -9999 -9999 -9999 -9999 -9999 -9999
6.19947470707329 6.51168971595774 6.75152734630499 6.93038712573534 7.12357668902383 7.29704290496445 7.44213117822166 7.58669161497239 7.69407838651288 7.77093545249881 7.81252933469233 7.98720020247417 8.12363859562096 8.19664110598108 8.12195088526246 8.36810249464779 8.57770674013191 8.85243823320009 8.96168249942584 8.80072133470138 8.57613370732781 8.42722925134079 8.46672756863537 8.47750886215472 8.39886211775132 8.35677661387228 8.12762220459359 7.59122447451513 7.26956446882158 7.38944234496269 7.40438297323015 7.13544783512024 7.24077841460834 7.32367320570403 7.41208101973162 7.32534843342845 -9999 -9999 -9999 -9999 -9999 -9999 -9999 -9999 -9999 -9999 -9999 -9999 -9999 -9999 4.72417228888041 -9999 -9999 -9999 -9999 -9999 -9999 -9999 -9999 -9999 -9999 -9999 -9999
5.88457136409369 6.04548463405526 6.35450231318429 6.66404649438927 6.87179956035218 7.09803847662182 7.26256519521353 7.39758126868387 7.53747890366742 7.65411461670136 7.7994566492138 7.85813477853501 7.99005885763539 7.9956781729208 8.11674451715892 8.3215637215139 8.48639650281559 8.69273015718732 8.74542447625926 8.62957660842158 8.37851447738192 8.27848262560785 8.35736109949133 8.31905368977834 8.156530937604 7.97986962049754 7.83350982565753 7.30287511610875 7.13703349239483 7.16325162606153 6.99002677246976 6.79032663442513 6.92306684626554 7.02644932518791 7.11332778917004 -9999 -9999 -9999 -9999 -9999 -9999 -9999 -9999 -9999 -9999 -9999 -9999 -9999 -9999 -9999 -9999 -9999 -9999 -9999 -9999 -9999 -9999 -9999 -9999 -9999 -9999 -9999 -9999
5.48925448424785 5.61101884028955 5.94602743096681 6.35950197757192 6.65515399082062 6.85747453760893 6.98822268788529 7.0920002461979 7.27086350865488 7.42541348701649 7.52950467110622 7.67229668035672 7.80024582876516 7.82806854403302 8.03318286680961 8.19102927619276 8.42577732731626 8.56948169563985 8.59465743176859 8.4516702776026 8.20540841524911 8.05359906306711 8.1542172644635 8.02497618944748 7.77992026503116 7.7006215632894 7.30514752538532 7.00643015975101 6.84337869630143 6.70950681946853 6.52852082077735 6.56780086090024 6.78725442169234 6.81823791768395 -9999 -9999 -9999 -9999 -9999 -9999 -9999 -9999 -9999 -9999 -9999 -9999 -9999 -9999 -9999 4.61592663409261 -9999 -9999 -9999 -9999 -9999 -9999 -9999 -9999 -9999 -9999 -9999 -9999 -9999
5.19124687941018 5.42928889351975 5.8111206907641 6.17955004402992 6.38755794670808 6.55649505849438 6.67386251024263 6.79718308950824 6.96638372236173 7.06266234288831 7.21187960111527 7.38138071905958 7.52420391941505 7.46277582779901 7.65378705027659 8.05333904610772 8.14672360259911 8.18106649631581 8.30449937593042 8.21009321191679 7.65323206169942 7.64810477134043 7.822402278934 7.68636712043619 7.47539676108606 7.20757339557163 6.89160694455918 6.65702539374849 6.43320063609263 6.35985532193002 6.3542237826047 6.45374836364273 6.64519049716577 -9999 -9999 -9999 -9999 -9999 -9999 -9999 -9999 -9999 -9999 -9999 -9999 -9999 -9999 -9999 4.53817850387741 -9999 -9999 -9999 -9999 -9999 -9999 -9999 -9999 -9999 -9999 -9999 -9999 -9999 -9999
4.97320961353176 5.20826682062341 5.61064635125597 5.9542377322075 6.16270869882418 6.25732096319148 6.35937135165947 6.49161480077818 6.66145624443527 6.78884389330544 6.94808095528106 7.16495332224176 7.30636763855776 7.36493283334534 7.56258322551621 7.68201915402427 7.77414339054247 7.89775719642734 7.93872650818151 7.72993828465928 7.37158466612006 7.44296992032459 7.55221065446077 7.31908850255129 7.06320865655282 6.65878850865092 6.32502665703714 6.16476475205132 6.02362025471999 5.9298608380229 6.04727438708442 6.28920992254747 6.34428477304752 -9999 -9999 -9999 -9999 -9999 -9999 -9999 -9999 -9999 -9999 -9999 -9999 -9999 -9999 -9999 -9999 -9999 -9999 -9999 -9999 -9999 -9999 -9999 -9999 -9999 -9999 -9999 -9999 -9999 -9999
4.87040667344703 5.09380455435397 5.46175663780908 5.68669650688274 5.904346906107 5.99945694173478 6.09351976134066 6.20292903475497 6.37077807161206 6.56304494955826 6.70497858332402 6.97515229512225 7.09494583643644 7.30773690033211 7.21976895187265 7.31235247320274 7.26734960694195 7.27134118215438 7.37509430420122 7.24483123334619 7.16784219096356 7.03680159230496 7.04173641929816 6.81516780570972 6.56564093173918 6.24628657812924 5.85889643204595 5.73458836410616 5.67030179933301 5.83225823346106 5.95441922293599 6.15756898265569 6.32158844960728 -9999 -9999 5.08612434318462 4.7951775424097 -9999 -9999 -9999 -9999 -9999 -9999 -9999 -9999 -9999 -9999 -9999 -9999 -9999 -9999 -9999 -9999 -9999 -9999 -9999 -9999 -9999 -9999 -9999 -9999 -9999 -9999
4.8111578662477 5.05380612928751 5.32331001291455 5.52610023848119 5.66410729954399 5.74970632074439 5.834028829466 5.98001861272397 6.1636107542756 6.38599252988192 6.57519365144099 6.79803507483914 6.89611736326146 6.91541196987906 6.94284386234519 6.84775998368015 6.83762286655991 6.84264511662547 6.71376121457438 6.74273625812886 6.72267732226858 6.50886516143801 6.40598721197196 6.36520322238932 6.18479330054334 5.9672338610144 5.68238595602672 5.53128650366887 5.61745776609143 5.74440392031301 5.8456700954295 -9999 -9999 -9999 4.87601621655468 4.51687139862317 4.39483074789739 -9999 -9999 -9999 -9999 -9999 -9999 4.08354193595078 -9999 -9999 -9999 -9999 -9999 -9999 -9999 -9999 -9999 -9999 -9999 -9999 -9999 -9999 -9999 -9999 -9999 -9999 -9999
4.69083391430126 4.92307845528009 5.13148935451684 5.30605084840898 5.4360609866322 5.53818195736694 5.63163140047779 5.79664974428758 5.94223027652751 6.15751960319611 6.3315399817855 6.51439763223708 6.59903650060667 6.44292370209184 6.50386504304816 6.4670684215807 6.41472809633339 6.37042429092599 6.37778290825286 6.34549375764979 6.21613468302911 5.9798888373618 5.95646091157181 5.94939576593446 5.85010590497821 5.66600535465518 5.51574526659194 5.46226893386305 5.60137671572966 5.64783296778193 -9999 -9999 -9999 4.74151436931485 4.36160748910042 3.60102112349239 3.83479906685016 -9999 -9999 -9999 3.96570179844655 -9999 -9999 -9999 -9999 -9999 -9999 -9999 -9999 -9999 -9999 -9999 -9999 -9999 -9999 -9999 -9999 -9999 -9999 -9999 -9999 -9999 -9999
4.49725415212663 4.71422565245827 4.89572239342121 5.04799012302052 5.18009499186988 5.32877000979676 5.49614551859218 5.65459386029125 5.80350282754369 5.95625731154487 6.09777132053945 6.19611425486699 6.14061592567504 6.08231452183086 6.10132053368339 6.04300045959746 6.04727457478347 6.00787983815606 5.93616847143848 5.87296199129221 5.70565959176857 5.63173233547928 5.59847881497036 5.48063016460167 5.42291845991831 5.39033531206533 5.39233947463826 5.42747403587114 5.48741089925664 -9999 -9999 -9999 -9999 4.38584944619633 3.78298319608997 3.3227660069866 3.54432167143989 -9999 -9999 -9999 -9999 -9999 -9999 -9999 -9999 -9999 -9999 -9999 -9999 -9999 -9999 -9999 -9999 -9999 -9999 -9999 -9999 -9999 -9999 -9999 -9999 -9999 -9999
4.36161667886093 4.564617898842 4.71967633388063 4.8500482917446 4.98266121001477 5.1050289942251 5.30471682997679 5.49356972478384 5.66838245819537 5.78404092801363 5.86422021765211 5.89121909891217 5.85375475744944 5.76598532662476 5.71171003851941 5.67460836726635 5.63614271884925 5.61184167148373 5.60916276236061 5.5451943400196 5.42840338183988 5.33563819525718 5.22384371334429 5.13537115571518 5.12138508018124 5.16299694427648 5.22327612717917 5.34152022787097 -9999 -9999 -9999 -9999 -9999 4.04181349160356 3.25046038571732 3.16514710252727 3.36607670516445 -9999 -9999 -9999 -9999 -9999 -9999 -9999 -9999 -9999 -9999 -9999 -9999 -9999 -9999 -9999 -9999 -9999 -9999 -9999 -9999 -9999 -9999 -9999 -9999 -9999 -9999
4.17325479228173 4.4081183874492 4.57178673864292 4.75140128044475 4.87697797713596 5.07504874351794 5.25554598782122 5.384034990497 5.50274755146893 5.61364365305421 5.68633586204032 5.69050100608757 5.62881596754591 5.47530240947299 5.27664024188463 5.20184100762616 5.25799792603052 5.2935083294096 5.33077890870015 5.30752726792497 5.17232734604584 5.0334217015544 4.9545200475772 4.96606018082905 5.04536005858681 5.04049402769427 -9999 -9999 -9999 -9999 -9999 -9999 -9999 3.68071064555106 3.08720626518492 3.17755046138437 -9999 -9999 -9999 -9999 -9999 -9999 -9999 -9999 -9999 -9999 -9999 -9999 -9999 -9999 -9999 -9999 -9999 -9999 -9999 -9999 -9999 -9999 -9999 -9999 -9999 -9999 -9999
3.93106134577918 4.2256590479476 4.49090229453866 4.7001805735456 4.83372383401202 5.02080543311983 5.18097247163327 5.24899160380042 5.28558424425276 5.39380663488061 5.50124406256894 5.49085537580408 5.39172285217029 5.22542300673328 4.95293936340707 4.82605102918469 4.94615492005473 5.02045704395875 5.10582357522071 5.10179771937871 4.92504072555992 4.84681876526752 4.88068737216205 -9999 -9999 -9999 -9999 -9999 -9999 -9999 -9999 -9999 -9999 3.53133258228914 3.05885838011464 -9999 -9999 -9999 -9999 -9999 -9999 -9999 -9999 -9999 -9999 -9999 -9999 -9999 -9999 -9999 -9999 -9999 -9999 -9999 -9999 -9999 -9999 -9999 -9999 -9999 -9999 -9999 -9999
3.74688566333643 4.01309921675597 4.39023620509134 4.67182113800383 4.80066213550961 4.87767289121481 4.95407310885764 4.95769220780692 5.00644748928715 5.16961043372361 5.32486286711268 5.30389082496188 5.1765135372402 4.99756322612803 4.80947896881361 4.6989038973237 4.74888471346138 4.8711391877145 4.93028189621687 -9999 -9999 -9999 -9999 -9999 -9999 -9999 -9999 -9999 -9999 -9999 -9999 -9999 -9999 -9999 2.91741494917544 -9999 -9999 -9999 -9999 -9999 -9999 -9999 -9999 -9999 -9999 -9999 -9999 -9999 -9999 -9999 -9999 -9999 -9999 -9999 -9999 -9999 -9999 -9999 -9999 -9999 -9999 -9999 -9999
3.65052243635973 3.91582680314315 4.22558046233974 4.57576904471955 4.6864564652355 4.70517338384805 4.68558097280308 4.75223571820489 4.9137560370196 5.08910727386518 5.24752155683944 5.21485209876603 4.99190379557939 4.81450009811961 4.72476041748676 4.67035425569279 4.68583812203889 -9999 -9999 -9999 -9999 -9999 -9999 -9999 -9999 -9999 -9999 -9999 -9999 -9999 -9999 -9999 -9999 -9999 -9999 -9999 -9999 -9999 -9999 -9999 -9999 -9999 -9999 -9999 -9999 -9999 -9999 -9999 -9999 -9999 -9999 -9999 -9999 -9999 -9999 -9999 -9999 -9999 -9999 -9999 -9999 -9999 -9999
3.46579286490633 3.72889273212032 3.99424317023485 4.31534884513619 4.51769621667581 4.53706239883387 4.49820038798393 4.61693543827605 -9999 -9999 -9999 -9999 4.6604249644343 4.58327136574922 4.51059290797439 -9999 -9999 -9999 -9999 -9999 -9999 -9999 -9999 -9999 -9999 -9999 -9999 -9999 -9999 -9999 -9999 -9999 -9999 -9999 -9999 -9999 -9999 -9999 -9999 -9999 -9999 -9999 -9999 -9999 -9999 -9999 -9999 -9999 -9999 -9999 -9999 -9999 -9999 -9999 -9999 -9999 -9999 -9999 -9999 -9999 -9999 -9999 -9999
3.21721741160058 3.4578542246203 3.80737772112568 4.177421462694 4.43606399368223 4.50411631417109 4.48741395310795 -9999 -9999 -9999 -9999 -9999 -9999 4.26168810874533 4.06228199361154 -9999 -9999 -9999 -9999 -9999 -9999 -9999 -9999 -9999 -9999 -9999 -9999 -9999 -9999 -9999 -9999 -9999 -9999 -9999 -9999 -9999 -9999 -9999 -9999 -9999 -9999 -9999 -9999 -9999 -9999 -9999 -9999 -9999 -9999 -9999 -9999 -9999 -9999 -9999 -9999 -9999 -9999 -9999 -9999 -9999 -9999 -9999 -9999
