2050_A2_CS/TSD.asc
NCOLS 720 
NROWS 360 
XLLCORNER -180 
YLLCORNER -90 
CELLSIZE 0.5 
NODATA_value -9999 
[rows 224 to 251 of 360, columns 189 to 251 of 720]
-9999 -9999 -9999 -9999 -9999 -9999 -9999 -9999 -9999 -9999 -9999 -9999 -9999 -9999 -9999 -9999 -9999 -9999 -9999 -9999 -9999 -9999 -9999 -9999 -9999 -9999 -9999 -9999 -9999 -9999 2.21544063252648 2.33022334074149 2.49781261377617 2.61434208228423 2.77038086690785 2.88665944238245 3.10076395894737 3.33167618517026 3.64292053882352 3.93701809465294 3.76157677739059 3.39662772175769 3.43278814388317 3.51593262955251 3.73652778472 3.76434235103596 3.69949352892016 3.63480197862579 3.52582109843257 3.39026351609748 3.25951624270476 3.09977034397671 2.9228865525647 2.76357112694849 2.61859683007533 2.50614936128513 2.36665875906321 2.19139651672452 2.00707774608983 1.87280340646745 1.8947146582152 1.71469697659437 1.53783503476576
-9999 -9999 -9999 -9999 -9999 -9999 -9999 -9999 -9999 -9999 -9999 -9999 -9999 -9999 -9999 -9999 -9999 -9999 -9999 -9999 -9999 -9999 -9999 -9999 -9999 -9999 -9999 -9999 -9999 -9999 2.16942060636317 2.28221798576333 2.44620462269529 2.56940715458149 2.74037008855227 2.83570732758549 3.0325617433454 3.266080067508 3.5716837265943 3.83394768632496 3.73804101658985 3.55008080696848 3.73868201295146 3.83481891902403 3.92974598856296 3.873255691088 3.7977021114842 3.72620395961487 3.63418684592177 3.49477206422702 3.35372711919095 3.18604177516221 3.02037132585474 2.87864145716614 2.74904184994058 2.64860600933542 2.52707900489071 2.33424590413322 2.10481332332414 1.9996552963989 1.95500568347882 1.80652535504956 1.68052191373115
-9999 -9999 -9999 -9999 -9999 -9999 -9999 -9999 -9999 -9999 -9999 -9999 -9999 -9999 -9999 -9999 -9999 -9999 -9999 -9999 -9999 -9999 -9999 -9999 -9999 -9999 -9999 -9999 -9999 2.10534412218497 2.11094243475864 2.23486754870931 2.36575409562641 2.49236662718725 2.69183286945868 2.79254717489121 2.99005317279978 3.25472648106439 3.50851733658125 3.66148477688557 3.6625181922831 3.6213873724033 3.77696208821174 3.89304181880726 3.97939260221328 3.93728943712797 3.84569858931322 3.75882127419231 3.68927176664873 3.5978504122812 3.45141947326925 3.2579399442846 3.09755748236793 2.99306493310505 2.86313558948482 2.78005255012351 2.67524239064625 2.43101741083778 2.26767995646864 2.17851884541887 2.08997287193268 2.01353010113402 1.97681985395001
-9999 -9999 -9999 -9999 -9999 -9999 -9999 -9999 -9999 -9999 -9999 -9999 -9999 -9999 -9999 -9999 -9999 -9999 -9999 -9999 -9999 -9999 -9999 -9999 -9999 -9999 -9999 -9999 -9999 2.07329997910552 2.07553863592606 2.22824759615226 2.29043711145909 2.42016738941173 2.61355894059653 2.70997924786231 2.91196457642232 3.15860332873414 3.39299500679991 3.51422897465078 3.50782242194519 3.67376433584303 3.82313124139526 3.94433215984819 4.02269199622892 3.99519579870293 3.88178735311953 3.77896455657282 3.73646759326078 3.67306721369913 3.54302912840462 3.3540508413985 3.19477013216568 3.08625190564262 2.96407839015118 2.88055398587365 2.73503354825729 2.55212702257386 2.47137357699329 2.4179970989532 2.33927891948481 2.28961608486746 2.25765089094741
-9999 -9999 -9999 -9999 -9999 -9999 -9999 -9999 -9999 -9999 -9999 -9999 -9999 -9999 -9999 -9999 -9999 -9999 -9999 -9999 -9999 -9999 -9999 -9999 -9999 -9999 -9999 -9999 -9999 1.87409991575447 1.88130571070977 2.12421493925003 2.17859873141833 2.28972571003497 2.45392363769769 2.63036647915048 2.85350064945539 3.03044285706477 3.23787864316736 3.39042420515939 3.47255146938413 3.79315778957466 3.84778024000137 4.03909741657284 4.11034507841463 4.09033755014396 3.97687361187926 3.88006349772751 3.82333425398238 3.74342233036111 3.63514779784327 3.4957059038388 3.35043288102912 3.20643051526302 3.07615807893067 2.99313224098087 2.90945975398287 2.77151041072825 2.70439860906944 2.6674735751929 2.64124751612585 2.61570114634633 2.51843035784773
-9999 -9999 -9999 -9999 -9999 -9999 -9999 -9999 -9999 -9999 -9999 -9999 -9999 -9999 -9999 -9999 -9999 -9999 -9999 -9999 -9999 -9999 -9999 -9999 -9999 -9999 -9999 -9999 -9999 1.8371395580381 1.72209224628942 1.90485035654259 2.0261479592711 2.17366929632374 2.35245172164733 2.60131284573829 2.79565373249034 2.97267564912255 3.18771414002748 3.42093454915217 3.70692814380974 3.85011434816463 4.05592433244581 4.18239144993844 4.19384129087771 4.16128176939137 4.08753397419734 4.01229308622538 3.92478334315601 3.83541926718119 3.74001556659401 3.63029927244322 3.52537001444921 3.37214328139276 3.17389427052977 3.10368070642528 3.03297644809185 2.95012008792439 2.88090452332402 2.83979537433002 2.84875510113474 2.94412181203064 2.81231469260063
-9999 -9999 -9999 -9999 -9999 -9999 -9999 -9999 -9999 -9999 -9999 -9999 -9999 -9999 -9999 -9999 -9999 -9999 -9999 -9999 -9999 -9999 -9999 -9999 -9999 -9999 -9999 -9999 -9999 2.07190116108841 1.85422630272901 1.81385567658304 1.89981326353757 2.08306847177561 2.28860829302311 2.50294619668034 2.73748359090143 2.94651824399765 3.29443290784491 3.49481790171267 3.76369958027332 4.00742122213312 4.25965250990505 4.31591535264558 4.28259475168366 4.23493116649623 4.17341966724201 4.09949779252594 4.00212877788722 3.90720401263269 3.82662908149242 3.75213450668025 3.66480647304298 3.51173168439297 3.27851026709897 3.22635071330968 3.09493076855748 3.04074508280754 3.01566354398655 2.98219392982874 3.02506975733739 3.04027275319708 2.98209781017183
-9999 -9999 -9999 -9999 -9999 -9999 -9999 -9999 -9999 -9999 -9999 -9999 -9999 -9999 -9999 -9999 -9999 -9999 -9999 -9999 -9999 -9999 -9999 -9999 -9999 -9999 -9999 -9999 -9999 2.2117046732793 2.05236190603632 1.88087506123292 1.83053079716285 2.03743695042516 2.25524475718226 2.50714207032573 2.67207133181263 2.92383588083098 3.38814210129349 3.59065402185884 3.69795222573165 4.00771157806643 4.26548211882268 4.37236839606766 4.34896210417478 4.29431929591465 4.22957564673685 4.16050892658862 4.05893650735915 3.96411565660208 3.89955295599197 3.83550210417048 3.75969615927431 3.63283897929707 3.44644337366511 3.34698228281294 3.21083452309251 3.1447739658891 3.15976104217751 3.15689017357883 3.21718646962076 3.22214486037666 3.16053931371399
-9999 -9999 -9999 -9999 -9999 -9999 -9999 -9999 -9999 -9999 -9999 -9999 -9999 -9999 -9999 -9999 -9999 -9999 -9999 -9999 -9999 -9999 -9999 -9999 -9999 -9999 -9999 -9999 -9999 2.28756306308445 2.22139999211205 2.01962307704551 1.79617489986138 2.04016474995744 2.26599821317464 2.55436003796348 2.7844175159706 2.9814915516735 3.31643507619747 3.66631475541678 3.68211793497788 3.9561273946148 4.35950891640758 4.45830277553199 4.43293452196721 4.37434425323871 4.30190997137626 4.22518075404835 4.12713971407968 4.035715774444 3.97066792953396 3.90879727886163 3.85256591940231 3.77559692649345 3.5916377781869 3.46248754235067 3.36289889846188 3.36173586808087 3.40649074791361 3.35831450815489 3.31834615398025 3.39443080230487 3.25760774078179
-9999 -9999 -9999 -9999 -9999 -9999 -9999 -9999 -9999 -9999 -9999 -9999 -9999 -9999 -9999 -9999 -9999 -9999 -9999 -9999 -9999 -9999 -9999 -9999 -9999 -9999 -9999 -9999 -9999 2.27300490257423 2.20135585559645 1.93743497097337 1.86334180146324 2.08656111301708 2.28692877093154 2.60835027338789 2.88635685689647 3.36620192722815 3.82300787716389 3.76190411452519 4.10037646475201 4.39345240808386 4.59668248438466 4.60589006554951 4.55146069095427 4.47385774322363 4.40584724084351 4.31233078547658 4.21382705008332 4.11909563792607 4.04023383881515 3.97289176526154 3.91651316551622 3.85704125560671 3.74645939915957 3.61835923046271 3.55246773090889 3.60732874643393 3.65059015973073 3.51728393932886 3.30121569311102 3.30870070056859 3.20384163534049
-9999 -9999 -9999 -9999 -9999 -9999 -9999 -9999 -9999 -9999 -9999 -9999 -9999 -9999 -9999 -9999 -9999 -9999 -9999 -9999 -9999 -9999 -9999 -9999 -9999 -9999 -9999 -9999 -9999 2.41526248392474 2.43170265441617 2.11022280491105 2.00743790882008 2.17890344321194 2.40912609742334 3.29388731032003 3.44689407864816 4.36939329531347 4.13007218581224 4.40705034831026 4.5514979530802 4.709083362967 4.8001587633394 4.76493417524444 4.70129275810362 4.61865963151044 4.53164815423046 4.42566708958605 4.3142000972676 4.21244001568678 4.1098306615089 4.02364208541051 3.95669725921641 3.92880106300061 3.85564065052782 3.75067109502255 3.7483450143467 3.79326541024465 3.71672592834791 3.51404958019681 3.35528640597027 3.28240465085673 3.24035325009223
-9999 -9999 -9999 -9999 -9999 -9999 -9999 -9999 -9999 -9999 -9999 -9999 -9999 -9999 -9999 -9999 -9999 -9999 -9999 -9999 -9999 -9999 -9999 -9999 -9999 -9999 -9999 -9999 2.54213882747195 2.60547439751777 2.558932720481 2.18741977597745 2.15290573769046 2.29596165458001 2.65606490755147 3.83778588039195 4.68134581714736 5.22962882482297 5.06201216820041 4.88098869374171 4.71206299793256 4.79351952998058 4.88584959742026 4.88267158526227 4.83603980929309 4.76046439006209 4.65748109158177 4.53847897049752 4.41879548075099 4.29408392999353 4.18114268729474 4.07538293501112 4.001793170042 3.97392068751346 3.91264996783061 3.8176709527356 3.83308954468105 3.81818579807898 3.68371068215465 3.54468551416034 3.46491078430306 3.40616013215703 3.30662367828053
-9999 -9999 -9999 -9999 -9999 -9999 -9999 -9999 -9999 -9999 -9999 -9999 -9999 -9999 -9999 -9999 -9999 -9999 -9999 -9999 -9999 -9999 -9999 -9999 -9999 -9999 -9999 -9999 2.61275609116325 2.61439355781383 2.44963027080459 2.32913116631113 2.32378878169493 2.5485529634527 3.10577225649999 4.03604399119325 5.257721138536 5.54848848192898 5.18971326489862 5.12519867544175 4.96777388918934 4.9213000175811 4.95359213882121 4.94651634115933 4.93013259963124 4.89017980817183 4.76179815211208 4.63080791734841 4.48836600021829 4.35905256185725 4.24005527468815 4.14013132925985 4.06556735395224 4.03681162150113 4.02092151111415 3.98030490531881 3.95656524354431 3.91671489627161 3.8303916747506 3.70461093342349 3.60509370595057 3.55456837481136 3.40872153522534
-9999 -9999 -9999 -9999 -9999 -9999 -9999 -9999 -9999 -9999 -9999 -9999 -9999 -9999 -9999 -9999 -9999 -9999 -9999 -9999 -9999 -9999 -9999 -9999 -9999 -9999 -9999 -9999 2.47605406784145 2.56407271973525 2.53401957843952 2.396730778888 2.57621367709438 2.9840992754966 4.1996334232128 3.96555838614521 4.65258865165267 5.56958009788021 5.49042092156413 5.41048993717536 5.17322207417803 5.04771881623159 4.98478175101144 4.94824739090659 4.93883941375374 4.90481922461707 4.79652754383738 4.67485639583566 4.5362350071029 4.40960451517031 4.29813802952639 4.21567847772967 4.17636135554551 4.16800689000207 4.193601353975 4.16742848876532 4.12188413641526 4.06644005560787 3.99288715369534 3.86539812196768 3.73428282330096 3.64655307555964 3.50279768717229
-9999 -9999 -9999 -9999 -9999 -9999 -9999 -9999 -9999 -9999 -9999 -9999 -9999 -9999 -9999 -9999 -9999 -9999 -9999 -9999 -9999 -9999 -9999 -9999 -9999 -9999 -9999 -9999 2.44156610945085 2.61319199769629 2.57972450719831 2.60478752776055 2.91966696950125 3.67593147606847 4.83995779936298 4.46371040865828 5.20359567704227 5.59220656698985 5.64633851678486 5.43427345934378 5.21583479707414 5.05581163449366 4.9296017529613 4.81965759940671 4.85348980987333 4.83721353116276 4.77479768877951 4.68192462135198 4.56324790285964 4.44570800919572 4.34199377180358 4.28868131191093 4.30547139523811 4.31925677714935 4.34612440874128 4.32426629077018 4.26131404116809 4.19301195302258 4.12041669962254 4.00803687405419 3.86427440460269 3.70687278251816 3.57072045793829
-9999 -9999 -9999 -9999 -9999 -9999 -9999 -9999 -9999 -9999 -9999 -9999 -9999 -9999 -9999 -9999 -9999 -9999 -9999 -9999 -9999 -9999 -9999 -9999 -9999 -9999 -9999 -9999 2.49714006125183 2.80113727311448 2.81562577143255 2.8318590534094 3.45251480085611 4.17831004287288 5.38463775068386 5.22747972267178 5.47733113542956 5.67822685300872 5.48913409600908 5.29182633662564 5.1278060257888 4.95372368644733 4.72208608189249 4.62108561038675 4.74406067861621 4.76100746245833 4.74419781517217 4.68258186442812 4.58228184466826 4.47815895104433 4.38312641215015 4.35711370447133 4.37278428560518 4.40927352008217 4.42515059540577 4.40801199279172 4.35508958317615 4.2928700797959 4.23910817876057 4.14375713230467 3.9893379882849 3.802463784754 3.63396471532948
-9999 -9999 -9999 -9999 -9999 -9999 -9999 -9999 -9999 -9999 -9999 -9999 -9999 -9999 -9999 -9999 -9999 -9999 -9999 -9999 -9999 -9999 -9999 -9999 -9999 -9999 -9999 2.65230619913332 2.72623681356983 3.02991241699427 3.03001506554583 3.10623087998421 4.24494324781898 5.14174895233945 5.81284208975903 5.55283556670951 5.63926028554292 5.52006092448114 5.26542014878027 5.14842173118 4.98993639609101 4.76148461052697 4.40616250513659 4.49448174529349 4.64969064431429 4.70214931499128 4.71689703662198 4.67319809306825 4.59938966766087 4.52442920457173 4.46245804216916 4.43465535478474 4.45122325973454 4.48037337239544 4.50461001029336 4.49384075637912 4.44819870901035 4.4079514569921 4.36833661646498 4.25764126392922 4.05993727147798 3.82438346457687 3.61409890971754
-9999 -9999 -9999 -9999 -9999 -9999 -9999 -9999 -9999 -9999 -9999 -9999 -9999 -9999 -9999 -9999 -9999 -9999 -9999 -9999 -9999 -9999 -9999 -9999 -9999 -9999 -9999 2.77746967942591 3.03298288511338 3.24362954967791 3.24547369306577 3.56992937523318 4.16860087895985 5.38504839405511 6.03564792558369 5.77691407130996 5.65437569644683 5.43482177497082 5.183043153248 5.08552701606947 4.83918974221903 4.47401215535607 4.11379446337698 4.38396056910204 4.59103086856007 4.68499119483313 4.7240180436718 4.67525225956384 4.62266625353605 4.57500319975194 4.54576133871484 4.53497008154083 4.53819388196223 4.56793036661157 4.58866587709542 4.59637982678142 4.554218166674 4.5226588377557 4.49000155294532 4.36458784818472 4.13286423879086 3.83305798936063 3.57172264521551
-9999 -9999 -9999 -9999 -9999 -9999 -9999 -9999 -9999 -9999 -9999 -9999 -9999 -9999 -9999 -9999 -9999 -9999 -9999 -9999 -9999 -9999 -9999 -9999 -9999 -9999 -9999 3.10713126384388 3.16675499271813 3.37038620143183 3.45516256234693 3.86158386625742 4.51278842828507 5.47659614999379 6.01815198331927 5.59073001910928 5.729626154864 5.50707628796743 5.28409897701281 5.14584645972512 4.78758021483676 4.42633798285493 4.32524228725687 4.45648576105844 4.60576252118971 4.72677563197118 4.8018982512084 4.72547438524546 4.6620464248318 4.61973873850921 4.59596356987736 4.61215594583574 4.65122758627126 4.64883411290093 4.6163546826015 4.62392770288891 4.62374507381312 4.62075155475912 4.57619764693787 4.4685589558383 4.21095931833674 3.89077361802619 3.61251796424314
-9999 -9999 -9999 -9999 -9999 -9999 -9999 -9999 -9999 -9999 -9999 -9999 -9999 -9999 -9999 -9999 -9999 -9999 -9999 -9999 -9999 -9999 -9999 -9999 -9999 -9999 -9999 3.25465724491432 3.43451149657614 3.64798293321403 3.68114833901233 4.1012427714169 4.37761759600363 5.48182457001641 6.13899458254447 5.96246899889667 5.83481732486007 5.63014273218271 5.4060452399689 5.24486145272555 4.96847025947614 4.58365028838816 4.6926997325149 4.64985768834384 4.70789781972037 4.8004967417799 4.85447017957048 4.78590362241074 4.69509665854798 4.63117921502855 4.63779447592272 4.67451396317986 4.75532566973832 4.73734247500534 4.64754503583672 4.61326931252875 4.65242749342333 4.67733655667486 4.66734933535299 4.56834731406068 4.33189001996673 4.0620710730993 3.83047627356925
-9999 -9999 -9999 -9999 -9999 -9999 -9999 -9999 -9999 -9999 -9999 -9999 -9999 -9999 -9999 -9999 -9999 -9999 -9999 -9999 -9999 -9999 -9999 -9999 -9999 -9999 -9999 3.20755994003023 3.47147621315188 3.860910719261 3.9129735561097 4.15047664199025 4.45084408047086 5.66677646474519 6.14543079957702 6.03707643202977 5.83829081136237 5.65539262755095 5.44217609219175 5.23673445553592 5.0719109196095 4.73995742664616 4.83865116026712 4.82058881293162 4.82570694685587 4.8857324369377 4.88569287070745 4.7908419275587 4.68413044724462 4.61690296461464 4.63710310315809 4.6668541352012 4.73249645177897 4.74871369670225 4.714545971419 4.67212525587786 4.70807552535291 4.73656628449117 4.71577802120152 4.62901750818307 4.46834272981678 4.30594708035684 4.1743448140515
-9999 -9999 -9999 -9999 -9999 -9999 -9999 -9999 -9999 -9999 -9999 -9999 -9999 -9999 -9999 -9999 -9999 -9999 -9999 -9999 -9999 -9999 -9999 -9999 -9999 -9999 -9999 2.91131238695336 3.31643441884596 4.07805824482224 4.1690546979869 4.2672336660506 4.61377764724955 5.74741318882084 6.04858212606938 6.01057387753208 5.87705212130975 5.63672900066193 5.33153401014395 5.15112663664482 5.07019566101372 4.85500400415207 4.82431014003872 4.86903944757497 4.90184637286884 4.92381411619737 4.90406969355799 4.82810695744155 4.72938288426111 4.65396622099867 4.62367917591412 4.61831056106595 4.64960328340067 4.70013612367547 4.73347624815325 4.73114149694937 4.7413007908215 4.76730709780757 4.74292657764565 4.65424729978392 4.53597308554084 4.41545367513334 4.28623530633562
-9999 -9999 -9999 -9999 -9999 -9999 -9999 -9999 -9999 -9999 -9999 -9999 -9999 -9999 -9999 -9999 -9999 -9999 -9999 -9999 -9999 -9999 -9999 -9999 -9999 -9999 -9999 2.74277701672269 3.64479838915024 4.28945617324136 4.23789479089451 4.31133787312563 5.02678488357292 5.74809909884226 5.98821973426199 6.02757272209998 5.9224248332247 5.69773333717679 5.4416269758665 5.32666586244124 5.1512037647647 5.01391498050024 4.91691325651198 4.96850512576373 5.01729930271067 5.02073300518055 4.97836238890917 4.90313344339172 4.81083211022182 4.7425939842547 4.6677753855982 4.60001150287695 4.58385504374805 4.61161903148621 4.66829947574863 4.73734668017411 4.7320348173868 4.73321061117911 4.70597498546945 4.63852785889949 4.52864634322449 4.41543787628786 4.22011498796437
-9999 -9999 -9999 -9999 -9999 -9999 -9999 -9999 -9999 -9999 -9999 -9999 -9999 -9999 -9999 -9999 -9999 -9999 -9999 -9999 -9999 -9999 -9999 -9999 -9999 -9999 -9999 4.08401581997886 4.33154680052945 4.62233117300775 4.42872144268108 4.45185360362523 5.21051003262754 5.65654320518497 5.94303782315841 6.0268500633786 5.95170002838048 5.80509948927701 5.6308315850583 5.5265794498318 5.33251795445755 5.2394015318695 5.19782362756624 5.19938833447469 5.20482089846219 5.17753009194092 5.10294852059582 5.00167344845579 4.88458541429249 4.79548046656888 4.73209642644288 4.66465530414397 4.62890694236311 4.62305371222437 4.57877969429193 4.60168978876873 4.64719954759098 4.69005064536123 4.66815771161918 4.59505407250873 4.47983524545244 4.31129615219615 4.05940747160782
-9999 -9999 -9999 -9999 -9999 -9999 -9999 -9999 -9999 -9999 -9999 -9999 -9999 -9999 -9999 -9999 -9999 -9999 -9999 -9999 -9999 -9999 -9999 -9999 -9999 -9999 -9999 4.38579525632505 4.70072662161107 4.76387690039118 4.50260765181461 4.61332729319836 5.17582206202811 5.65717128084383 5.97668987563694 6.01180403483728 5.95467991785319 5.86877716267944 5.76618687723917 5.67471242119598 5.56823772596618 5.51972589773044 5.51077867628358 5.48456015017282 5.46419123888311 5.4071423760344 5.27196103491544 5.10930168317383 4.95386431321881 4.86549116280436 4.84442045117325 4.85118654014017 4.8274001621594 4.7495016619871 4.54531148727147 4.4844915455088 4.59073550395927 4.6565138458327 4.61029242193876 4.51619698608858 4.38321020999596 4.17936602976487 3.95344048695395
-9999 -9999 -9999 -9999 -9999 -9999 -9999 -9999 -9999 -9999 -9999 -9999 -9999 -9999 -9999 -9999 -9999 -9999 -9999 -9999 -9999 -9999 -9999 -9999 -9999 -9999 4.12825633057679 4.55871124265471 4.83547705385885 4.7430311042332 4.56045929403565 4.86715074077192 5.39856269647814 5.73523214073678 5.99844062876234 5.95886627625681 5.93318284669946 5.93420818260891 5.89545122569412 5.84638191174507 5.78764792259488 5.7781684989719 5.79388651422299 5.77908295766955 5.79274558796161 5.6777360902391 5.42906718553925 5.21625316292773 5.04816188035759 4.96436037383247 4.97200751676327 5.00891678919476 4.96507060366403 4.80834848575231 4.69749519587374 4.5765336226054 4.58166714684197 4.61025041604049 4.51457722227003 4.38163343429613 4.14768069998745 3.96539723097513 3.89985575433327
-9999 -9999 -9999 -9999 -9999 -9999 -9999 -9999 -9999 -9999 -9999 -9999 -9999 -9999 -9999 -9999 -9999 -9999 -9999 -9999 -9999 -9999 -9999 -9999 -9999 3.16406036436627 3.70958338462774 4.62924028396691 4.91273648970974 4.75741272163094 4.7579589981685 5.19528604265273 5.65700004545384 5.77970000663983 5.9347286789025 5.96840613700554 5.97285138365997 6.001083507658 6.00217110188584 5.97655630536753 5.92069442661996 5.90826396363702 5.91305430893751 5.91288507814235 5.92027620540991 5.7649669903495 5.48674655283234 5.27115694332139 5.13470320218324 5.07480076715562 5.06198768740528 5.06292296798856 5.00831880664134 4.90034111056671 4.79113012494521 4.71220623542101 4.67485205374136 -9999 -9999 -9999 -9999 -9999 -9999
-9999 -9999 -9999 -9999 -9999 -9999 -9999 -9999 -9999 -9999 -9999 -9999 -9999 -9999 -9999 -9999 -9999 -9999 -9999 -9999 -9999 -9999 -9999 -9999 -9999 3.11376006268392 4.02110785213135 4.66352572461027 4.82681810853084 4.8088558760686 4.97993050388214 5.35305038067556 5.72606233374191 5.75021822451659 5.91436334697249 6.04012211001341 6.07001215249808 6.07757757149933 6.07103878907194 6.03588547961136 5.98112368520769 5.94184174373762 5.91263642292098 5.88941040936106 5.84145831014275 5.678228422824 5.43450150265351 5.22584686208167 5.17874397339406 5.15347213155828 5.12888232132521 5.09225933519462 5.03164810917816 4.93902160169745 4.8353997402602 4.80068973785448 4.74282000362982 -9999 -9999 -9999 -9999 -9999 -9999
