2050_A1B_MR/PRECSD.asc
NCOLS 720 
NROWS 360 
XLLCORNER -180 
YLLCORNER -90 
CELLSIZE 0.5 
NODATA_value -9999 
[rows 112 to 139 of 360, columns 126 to 188 of 720]
0.700267872987772 0.574214492967575 0.622298257968739 0.705908078476746 0.717486832441227 0.647689789479493 0.623087308222553 0.617330399155295 0.600342778180596 0.540037536078196 0.503218054388191 0.504611834186351 0.553167738422184 0.583215753338589 0.592887159951728 0.660179114425389 0.719825039876349 0.767736782658912 0.83108976410365 0.82769115652869 0.740752936744434 0.701827622258417 0.71521879964425 0.742147825598559 0.686699719766492 0.671294522020946 0.683432320604688 0.663082375930135 0.621343524154173 0.597581498162176 0.560494317028384 0.528101431712529 0.491128353880214 0.461611816519269 0.429695041236494 0.408098806708069 0.376155119017651 0.350871631971134 0.338159524707674 0.313217020540181 0.298041587278909 0.276377579813781 0.249141546924795 0.232303100367424 0.223298137839274 0.212901315056397 0.19500751772429 0.18857226173983 0.188129057332119 0.198252882566887 0.221689043180595 0.252965083169324 0.263062305894568 0.261244355180238 0.256167000063619 0.252303534044475 0.251044435104322 0.247576583237243 0.23999233327901 0.235851549280041 0.232084652975605 0.24311025023967 0.244761754597796
0.750496625228749 0.620776956367105 0.62812055643135 0.71600168577059 0.760420735367472 0.679960481265039 0.651266609737208 0.653860260427148 0.661177606762139 0.61058351784183 0.556013813905203 0.500689885079622 0.569399272734646 0.60538897065228 0.649931366901372 0.666491255082353 0.692208245015703 0.750525515515084 0.814236260305026 0.831545827724139 0.753649093184986 0.691141732474913 0.713873963866948 0.747352720204874 0.68233490499803 0.666229557854209 0.684413166008974 0.658279846762554 0.598639125902301 0.570464598206001 0.53005003132955 0.508031011452758 0.482793500903444 0.463159002450984 0.418595529099491 0.394107132516926 0.379530514461882 0.352614437714777 0.341598343857921 0.325764444586161 0.31262302733011 0.281794289533283 0.259174620512774 0.2436199647359 0.234136903438315 0.219034595557852 0.185666718346913 0.176902886788056 0.175673349044787 0.197116504900432 0.230344991274848 0.259666725209064 0.259260380687773 0.253938462206467 0.246015903741739 0.236647067038917 0.24321108949478 0.247474379820569 0.239344822037038 0.224959367923934 0.229490256518096 0.239181741542669 0.245590605044025
0.798966548560809 0.690738943679556 0.700754422957394 0.73421131584813 0.746730089154478 0.689750071304019 0.708239248528563 0.737181028351299 0.777356296997111 0.712216128436916 0.655458573091997 0.570572473872412 0.621474899671764 0.702570362537561 0.730581555929301 0.723496765873613 0.729633510104809 0.772539045644201 0.81298798623147 0.808287469855556 0.763265932709864 0.71512773877425 0.703618108511942 0.724542088185942 0.701403056609707 0.67968346787971 0.684351652044406 0.646592984531435 0.580510394774419 0.560333752917448 0.540945938541029 0.510997808951359 0.478130206959578 0.451760294446528 0.403303508742589 0.370247110520974 0.35576926234979 0.329893950821077 0.322518370727377 0.320728869650196 0.322005099147738 0.29897394676328 0.277634645566738 0.254909479508667 0.245987145683193 0.230961607783085 0.202098940077679 0.194312609468982 0.1930941499351 0.213722639485487 0.240465479593829 0.259565786017307 0.255529350527228 0.248974961240366 0.242988149066956 0.228824221704315 0.231903152290944 0.237110601789708 0.239909904780605 0.23046857327575 0.239027164316415 0.241317048139749 0.24905236684827
0.834656617723839 0.655589713898406 0.658726800486015 0.719893873894064 0.808203230193599 0.742103600484035 0.740176917360399 0.75658432065814 0.784841625344249 0.78275127561975 0.774365210796816 0.755563816688063 0.767421271098741 0.856807380948005 0.855816963368305 0.795284486168929 0.769597321584249 0.798618244071552 0.848052586593503 0.825811950968117 0.774735531595093 0.741281824119028 0.720239353679138 0.730706527865202 0.771909920997657 0.69649881068406 0.679247478054863 0.635010980577309 0.587484488522889 0.562419946414356 0.535634881662913 0.517236820037824 0.492573689180163 0.450577220331765 0.409278133152679 0.376796192986327 0.358188586557059 0.341377829115961 0.33920183730725 0.3300912547448 0.325280159445302 0.305485719818138 0.286214728760307 0.258698731121885 0.239354758260758 0.222969562364245 0.21213005141656 0.206371467194463 0.211595201244026 0.22240017941813 0.239279211786632 0.252417986974793 0.243054249131266 0.224757192478741 0.221550249309355 0.220407919187706 0.230192011768892 0.23013280488374 0.232639291537409 0.241162540819666 0.235750162893756 0.226304074499185 0.232137605148963
0.877818743834996 0.7304964787437 0.60815175617072 0.779610737143429 0.927341331127924 0.798912753754464 0.741341881815553 0.741517589272121 0.787982253516157 0.849902515059721 0.881552289991796 0.877026104025443 0.882083650571264 1.00003588866179 0.970898076266165 0.8644673153476 0.835402872065445 0.871667381034787 0.923863750836312 0.879365404183478 0.781633558723249 0.755079904688467 0.758090910408164 0.758205775095719 0.808191723805637 0.718768960069666 0.670430822775238 0.636597949253762 0.590854833060759 0.577989177832249 0.55278219594102 0.516937250574401 0.490885869246326 0.468439878307457 0.426417877331692 0.385862477524632 0.350035995457738 0.334690889857766 0.316329417962267 0.306850466820025 0.312996678602338 0.297562618631387 0.270962911133866 0.245981873132106 0.23143450766606 0.213982341107447 0.21000951850818 0.209944946194724 0.212106878031076 0.22440037378718 0.228298519090386 0.226713735980767 0.214968996060064 0.210693391220851 0.20548385236384 0.200610665174024 0.208662761639375 0.211392158611352 0.212053445440066 0.217706880786976 0.215035545122476 0.207803731873415 0.205067152580755
0.918181680390567 0.873752907299923 0.667180067552216 0.764387616756991 1.09981698973995 -9999 0.753447299921457 0.759456943831032 0.843104352503691 0.910767619342518 0.954051003862413 0.94944281104649 0.892582259553747 0.985072077815199 1.03397490736418 0.950021860958486 0.856528240536868 0.889699792262916 0.928534624249863 0.92275071799328 0.815043906441742 0.813845557034509 0.802094658900378 0.798695755976257 0.775341870979843 0.707897395591055 0.628121620267595 0.590810833484947 0.579946888803272 0.581193375171489 0.54103435854452 0.497986953263953 0.469032441199723 0.455648187729448 0.418580953139108 0.376370714850127 0.348533092491583 0.332047928584079 0.318341404920387 0.300444674861812 0.309553045549897 0.288162596936965 0.25217615623083 0.22947905566579 0.224194069757118 0.219745721347592 0.213312768388127 0.215827335317308 0.208639429669745 0.212045413763488 0.203072494744752 0.18990543622665 0.177676851615592 0.179756240195374 0.178508519173359 0.171189686154783 0.164682588546742 0.164874471664442 0.167587938647233 0.169140482805155 0.169805737416899 0.174704582003288 0.182904785057763
-9999 0.880054435148347 0.747324101559961 0.716569842497115 1.04135846327088 -9999 -9999 0.818404966224538 0.862881566466935 0.938381352759092 0.999805406853657 1.05972046029972 0.986202188007547 1.02902215560738 1.03388437181168 0.965829525060035 0.887549257020816 0.896362315301884 0.951130502096826 0.937755974613603 0.861340042470278 0.831684015534059 0.867907330893367 0.880398819564114 0.802507562598399 0.759925363070729 0.667796921170884 0.604127687328973 0.590122244200057 0.595662308774886 0.554972134564377 0.503030386568828 0.461621098178289 0.435854076305751 0.404593166004407 0.388240312063021 0.369435591084148 0.351347071398801 0.325125696313612 0.312980794213577 0.302328701688589 0.276952419376459 0.247362455063082 0.228057471912872 0.224553099671127 0.221142034224836 0.205425662830731 0.205761815713089 0.190808368245217 0.176138789370939 0.156998152171741 0.141595581163306 0.142229414868217 0.150172639363167 0.154141334553042 0.145821693194403 0.139866760032923 0.138302943276186 0.133814693159136 0.140079944151564 0.163107362100762 0.17574128313993 0.177914022332515
-9999 -9999 0.758509158203779 0.65764315009673 0.763410589154044 -9999 -9999 -9999 0.775382818288641 0.906519840475589 1.03940512490604 1.17382737569428 1.19529542141848 1.09454448021008 1.0073472005291 0.945987926333593 0.92387232434971 0.951801141714578 1.00328439735227 0.992019728083047 0.965680355378388 0.955269380931051 1.00815490337154 1.02729176454918 0.900496469581009 0.798387109202184 0.730676942546005 0.668683685436102 0.621735184209914 0.60121009446971 0.572146486007213 0.526836283465733 0.472179250686221 0.422612283571395 0.389528951147954 0.375944363651407 0.367676994069355 0.339037899757206 0.325128119007408 0.320154102674717 0.29116199223684 0.262056666948007 0.23437755350327 0.216981721312028 0.207215037940703 0.199331058178015 0.184138155337401 0.157382884702054 0.140518627903102 0.130986333067116 0.123784974874454 0.119012082118619 0.118242269878855 0.11288450637762 0.145255652794418 0.148649613704541 0.142035229998719 0.144673515141284 0.155100611048082 0.159588158187743 0.197287195437978 0.206589825717957 0.22107919425397
-9999 -9999 0.741661988289676 0.745503867588124 0.692968064184804 0.664980244215877 0.635962826215675 -9999 0.730348201656064 0.907363420278726 1.04851046688915 1.15174238318679 1.16409792845335 1.10414295262119 1.03066911645875 0.944903758236382 0.912724563636833 0.916371043552147 0.984006917080081 1.02618185216836 1.03416516509019 1.03948946365173 1.14130782906004 1.10924437791076 0.944832158641293 0.80637502410775 0.735988860663096 0.66486302670118 0.620117160436239 0.60221337703937 0.582909436219823 0.594571544135835 0.507649497741207 0.432933301449368 0.397588531876969 0.366128851381672 0.329391154278212 0.309835465513367 0.315153465663635 0.293755437887446 0.25280159078795 0.247793143760134 0.222956661831103 0.206929586763444 0.20519902766485 0.186757238637771 0.177236795564235 0.16361926608467 0.151328427760919 0.159760770566041 0.160688088969689 0.148565191620997 0.123594606456931 0.12156651929661 0.144022462040644 0.161436797083661 -9999 -9999 -9999 -9999 -9999 -9999 -9999
-9999 -9999 -9999 0.80659276191996 0.777905607336647 0.643676828618772 0.628464121189259 0.654042300985248 0.86278648714863 0.897329566089162 1.03083179870752 1.14113315028451 1.18258036654433 1.17217431594593 1.08580468818987 1.01276710117172 0.975096803655937 0.88316559323135 0.997034801498156 1.05919796844302 1.06584795501756 1.06369931203122 1.08265878033149 1.01870378488101 0.949262797117968 0.861196257946744 0.782056972019309 0.669549380588499 0.644225427063885 0.666935160897088 0.632510079856305 0.665162952040661 0.537242725552104 0.451803731671415 0.41619492352934 0.397489255714206 0.352345124100164 0.306797292073858 0.299370641814488 0.271441428425173 0.250351506683285 0.250855670361655 0.23497377825188 0.231816224627176 0.2218837769467 0.192031509815612 -9999 -9999 0.166631452755641 0.179083458058232 0.185418995210851 0.185124848329159 0.167297233261258 0.156805973570358 0.164779240661776 0.237662641985694 -9999 -9999 -9999 -9999 -9999 -9999 -9999
-9999 -9999 -9999 -9999 -9999 0.729953922011868 0.634944572125383 0.647974905486227 0.689074000770651 0.825075082211777 0.988045414230903 1.17616972812255 1.19710410147234 1.16643811972975 1.10813140101091 1.05580118748478 1.0545309157302 0.95644734683787 1.03735053099586 1.10144774590966 1.09760450014083 1.10915826873632 1.03346778611538 1.00065948282004 0.959861712777913 0.924700994494506 0.784356899838291 0.597314788679038 0.640592220094188 0.729700556526057 0.70591067020578 0.670345116964192 0.555526661815726 0.49270875023843 0.446594927501453 0.419125134698853 0.386026702949034 0.334848097629228 0.314041906202004 0.32344788225203 0.312677854144379 0.28472257362057 0.283845952936005 -9999 -9999 -9999 -9999 -9999 -9999 -9999 -9999 -9999 -9999 -9999 -9999 -9999 -9999 -9999 -9999 -9999 -9999 -9999 -9999
-9999 -9999 -9999 0.863668211521436 -9999 0.687347589668104 0.64302048473389 0.645850165104476 0.672639575756848 -9999 1.03176534926912 1.18376421391969 1.26752348808706 1.20953221208979 1.15999460622048 1.08463798194019 1.10595454828291 1.02348692213555 0.999627477528061 1.08557543013657 1.15395850117514 1.16333603788814 1.03559710649129 0.999401530376843 0.987468511001708 0.931019887109379 0.765585100051529 0.583303354510959 0.605469851011714 0.685139583335346 0.709827074544276 0.667648132001307 0.586080393044537 0.553335283549977 0.459973010779598 0.44296762385175 0.417245618090398 0.383722912096493 0.363893380141728 0.381437940401752 0.359577267496175 0.311457644852122 -9999 -9999 -9999 -9999 -9999 -9999 -9999 -9999 -9999 -9999 -9999 -9999 -9999 -9999 -9999 -9999 -9999 -9999 -9999 -9999 -9999
-9999 -9999 -9999 -9999 0.705602575108868 0.658153858037376 0.65715519796867 0.701780721821401 0.832328220985411 -9999 -9999 1.1909597575682 1.24016752899039 1.19681904724955 1.19104135649364 1.12576310616381 1.03815533855043 0.997628290678809 0.885562416661629 0.967553250795945 1.10514894552429 1.15712449358919 1.09267689120556 1.01957015726376 0.973455575195372 0.92039914375615 0.804667663150846 0.681263230464346 0.655675284030817 0.666904346049118 0.649509841515457 0.618397410674951 0.601328234115573 0.569021908064969 0.521725115975718 0.453671104927883 0.456386132181707 0.454225317139195 0.432128103389329 0.43238661076127 -9999 -9999 -9999 -9999 -9999 -9999 -9999 -9999 -9999 -9999 -9999 -9999 -9999 -9999 -9999 -9999 -9999 -9999 -9999 -9999 -9999 -9999 -9999
-9999 -9999 -9999 -9999 0.705189394895192 0.735270483127307 0.741375944879016 0.781763302593996 0.904152386300248 1.02953349656555 -9999 -9999 1.11073496201689 1.09979214214336 1.08618159070118 1.17608208828052 1.08495487351673 1.02978734204011 0.939163374083965 0.913900494045176 1.03063430580245 1.127213496922 1.13047334536194 1.08081280230384 0.991002363238734 0.92049147199334 0.873591434368659 0.793226033662185 0.705624809388909 0.646579216628368 0.60400482509516 0.585935043440195 0.586978495713748 0.574571819938856 0.600131863981241 0.539770035806622 0.492069271606939 0.479800637822661 0.480858027203967 0.472582936732585 -9999 -9999 -9999 -9999 -9999 -9999 -9999 -9999 -9999 -9999 -9999 -9999 -9999 -9999 -9999 -9999 -9999 -9999 -9999 -9999 -9999 -9999 -9999
-9999 -9999 -9999 -9999 -9999 -9999 0.806784744435005 0.800904539863801 0.845535347248082 0.988030771392522 0.94397987754264 0.991281193649589 -9999 -9999 1.05665025114682 1.1418360198735 1.11449997996722 1.02546709005088 0.960825795694728 0.920110666837252 0.977225274373146 1.06572774503667 1.1086884446739 1.08275131994898 1.00537467382626 0.939211676919154 0.890577417918537 0.802929474752136 0.715894921617472 0.634111451272964 0.619247007887244 0.645957424266799 0.660240749446118 0.665258549336845 0.65532235400542 0.553145187420515 0.517558135402234 0.502952944067483 0.510024768935806 0.519776957726691 -9999 -9999 -9999 -9999 -9999 -9999 -9999 -9999 -9999 -9999 -9999 -9999 -9999 -9999 -9999 -9999 -9999 -9999 -9999 -9999 -9999 -9999 -9999
-9999 -9999 -9999 -9999 -9999 -9999 -9999 -9999 0.794338501522604 0.876630785227607 0.994694043766191 1.00030507310011 -9999 -9999 -9999 1.1586590486638 1.16139269848987 1.08688815660309 0.971371557481035 0.899867018544494 0.926963278790145 0.952517502356301 1.07803112790054 1.09288714678988 1.03061502148778 0.983877705217686 0.868678041393729 0.782005779135485 0.724768152787641 0.690142090972809 0.664770320283043 0.640215503610357 0.695719758584888 0.71149161429297 0.640124184912396 0.553846608681908 0.52524065516902 0.505321985037765 0.503556278795399 0.529702173735894 -9999 -9999 -9999 -9999 -9999 -9999 -9999 -9999 -9999 -9999 -9999 -9999 -9999 -9999 -9999 -9999 -9999 -9999 -9999 -9999 -9999 -9999 -9999
-9999 -9999 -9999 -9999 -9999 -9999 -9999 -9999 -9999 0.903498393034805 0.961215570798847 0.986055631171301 -9999 -9999 -9999 1.16573134340495 1.11089613004281 1.17748573889313 1.07072568904991 0.864856999018241 0.829414688445256 0.852374693083368 1.02672774637578 1.10673651044471 1.02956668524454 0.952853905272216 0.895118942782145 0.748666409640315 0.713728924103952 0.718033045664712 0.671778767453713 0.621438021386635 0.642397409351572 0.686241263386225 0.650378387199669 0.644038871805067 0.575981582694773 0.501605445997701 0.52529130517212 0.528264953468205 -9999 -9999 -9999 -9999 -9999 -9999 -9999 -9999 -9999 -9999 -9999 -9999 -9999 -9999 -9999 -9999 -9999 -9999 -9999 -9999 -9999 -9999 -9999
-9999 -9999 -9999 -9999 -9999 -9999 -9999 -9999 -9999 0.868729145941482 0.903256497792152 1.0600790518966 1.03978206737024 -9999 -9999 -9999 1.13265502929108 1.17345123219088 1.12607171239748 0.996134401425429 0.896087770634771 0.823487188154059 0.9438373774951 1.0492745060004 1.04095309837466 0.97847807915145 0.916768041037845 0.808509119402351 0.765179591471459 0.780458757337638 0.721117126376405 0.621974734896485 0.568566439216459 0.64761099344905 0.663214333848205 0.667868627892546 0.597284831463507 0.498589725526095 0.480588179068242 0.513135144565459 -9999 -9999 -9999 -9999 -9999 -9999 -9999 -9999 -9999 -9999 -9999 -9999 -9999 -9999 -9999 -9999 -9999 -9999 -9999 -9999 -9999 -9999 -9999
-9999 -9999 -9999 -9999 -9999 -9999 -9999 -9999 -9999 0.892927208931641 0.898127945899945 0.97998656998991 1.03138764782716 -9999 -9999 -9999 -9999 1.13320082982126 1.1428289035183 1.10333465627363 1.03875028738868 0.909954161690025 0.899409063213577 1.0159014553619 1.06612530884279 1.05568063016354 1.02158812428055 0.958354092388694 0.839093321729356 0.830162053420314 0.750986167231652 0.604721192495296 0.512047310156502 0.483691544311184 0.657462259283935 0.645957678605016 0.602537204225702 0.549518533152006 0.468752722748852 -9999 -9999 -9999 -9999 -9999 -9999 -9999 -9999 -9999 -9999 -9999 -9999 -9999 -9999 -9999 -9999 -9999 -9999 -9999 -9999 -9999 -9999 -9999 -9999
-9999 -9999 -9999 -9999 -9999 -9999 -9999 -9999 -9999 -9999 0.95883580983565 0.933090693844177 1.02995647019428 1.02900462439555 1.06856159982047 -9999 -9999 -9999 1.12142408774407 1.09342515468693 1.05566346610279 0.951929638399962 0.88027791450732 0.949881481013856 1.04214498929198 1.04871151894916 1.01790557202426 1.0064280734241 0.910790489765461 0.869389750632661 0.735763548011232 0.557774435207866 0.552260984885418 0.534042255237048 0.682395379516385 0.691410698004274 0.598656994038552 0.555527349874183 0.523768374338265 -9999 -9999 -9999 -9999 -9999 -9999 -9999 -9999 -9999 -9999 -9999 -9999 -9999 -9999 -9999 -9999 -9999 -9999 -9999 -9999 -9999 -9999 -9999 -9999
-9999 -9999 -9999 -9999 -9999 -9999 -9999 -9999 -9999 -9999 -9999 -9999 1.10754349494194 1.16642170230615 1.09813545544026 -9999 -9999 -9999 -9999 -9999 1.09579230636212 0.996934655188879 0.89402542353036 0.863798006119552 0.938727523480615 1.03538158729687 0.987043123365449 0.975661988305028 0.870543533586674 0.788318077846335 0.70804664766927 0.574965650758663 0.573665588399169 0.597922928697856 0.657855914937829 0.700504080286995 0.662724637660605 0.645083055099899 0.693070148295749 -9999 -9999 -9999 -9999 -9999 -9999 -9999 -9999 -9999 -9999 -9999 -9999 -9999 -9999 -9999 -9999 -9999 -9999 -9999 -9999 -9999 -9999 -9999 -9999
-9999 -9999 -9999 -9999 -9999 -9999 -9999 -9999 -9999 -9999 -9999 -9999 -9999 1.14207954055405 1.14816422126576 1.0496638754981 -9999 -9999 -9999 -9999 1.12752527904426 1.11708774548059 1.00474421727009 0.94491110080992 0.956604931213361 1.02733237239438 0.996301644112445 0.928508418166709 0.885570861172731 0.78167243402875 0.693825841512022 0.619667328642422 0.580196219270929 0.606235897733493 0.682377777907254 0.756396840468883 0.778345494866354 0.800173504928178 0.800064262495643 -9999 -9999 -9999 -9999 -9999 -9999 -9999 -9999 -9999 -9999 -9999 -9999 -9999 -9999 -9999 -9999 -9999 -9999 -9999 -9999 -9999 -9999 -9999 -9999
-9999 -9999 -9999 -9999 -9999 -9999 -9999 -9999 -9999 -9999 -9999 -9999 -9999 -9999 1.14766501481307 -9999 -9999 -9999 -9999 -9999 -9999 1.10292177502156 1.03701804029984 1.07661953048469 1.01346689120134 1.01919133132166 0.994153349456856 0.939493084299246 0.920565576597431 0.822403315429121 0.70708477809299 0.703496816125623 0.679079888725889 0.682281895026885 0.776266282113022 0.859636326660053 0.849278668631588 0.879119433280814 0.899717893880328 -9999 -9999 -9999 -9999 -9999 -9999 -9999 -9999 -9999 -9999 -9999 -9999 -9999 -9999 -9999 -9999 -9999 -9999 -9999 -9999 -9999 -9999 -9999 -9999
-9999 -9999 -9999 -9999 -9999 -9999 -9999 -9999 -9999 -9999 -9999 -9999 -9999 -9999 -9999 -9999 -9999 -9999 -9999 -9999 -9999 -9999 1.0867282171377 1.19638864132521 1.07244027429436 1.02560372993514 1.03666109416657 1.00996826973716 0.950341823138988 0.893759927277924 0.8211113429584 0.734640861303536 0.758748484640364 0.767251561450907 0.81833821840665 0.856800172387971 0.822844978862892 0.829251404322082 0.854932166159283 -9999 -9999 -9999 -9999 -9999 -9999 -9999 -9999 -9999 -9999 -9999 -9999 -9999 -9999 -9999 -9999 -9999 -9999 -9999 -9999 -9999 -9999 -9999 -9999
-9999 -9999 -9999 -9999 -9999 -9999 -9999 -9999 -9999 -9999 -9999 -9999 -9999 -9999 -9999 -9999 -9999 -9999 -9999 -9999 -9999 -9999 1.28622602947186 1.27782721087836 1.15983827107718 1.08428810933864 1.08065091941732 1.03711773045912 1.01838503362127 0.969054037407323 0.858484136768332 0.791554416489129 0.786252650394871 0.840607419475565 0.872317046469087 0.832084304852184 0.722683915151315 0.732914791991038 0.750096061016285 0.726793876087939 -9999 -9999 -9999 -9999 -9999 -9999 -9999 -9999 -9999 -9999 -9999 -9999 -9999 -9999 -9999 -9999 0.630241338075136 0.592939054539985 0.57533428234259 0.512222674290529 -9999 -9999 -9999
-9999 -9999 -9999 -9999 -9999 -9999 -9999 -9999 -9999 -9999 -9999 -9999 -9999 -9999 -9999 -9999 -9999 -9999 -9999 -9999 -9999 -9999 -9999 1.244550619147 1.13113191483756 1.1201874337272 1.11858501896452 1.08653254405824 1.06498458120443 1.03610641878769 0.944595138193351 0.894514098244362 0.823341775387553 0.804199327190793 0.820546985506297 0.814326166410436 0.679875795818421 0.62774631145027 0.642754232982507 0.653446241342158 -9999 -9999 -9999 -9999 -9999 -9999 -9999 -9999 -9999 -9999 -9999 -9999 -9999 0.725159366361653 0.661902065063836 0.632662287330374 0.675192874188404 0.658194273995139 0.631140838384236 0.561652204831499 0.500479532259269 -9999 -9999
-9999 -9999 -9999 -9999 -9999 -9999 -9999 -9999 -9999 -9999 -9999 -9999 -9999 -9999 -9999 -9999 -9999 -9999 -9999 -9999 -9999 -9999 1.17486137035198 1.14947800123525 1.06199056818247 1.04692955441321 1.07969983799299 1.06522928721719 1.066169807213 1.06860774817676 1.03127305377763 0.982111106036583 0.92123153113622 0.848983821181402 0.784087497101387 0.762635790438296 0.739272410740655 0.689823896105458 0.609813119723857 0.601895899526655 -9999 -9999 -9999 -9999 -9999 -9999 -9999 -9999 -9999 -9999 -9999 -9999 0.789382212018908 0.763171142499544 0.708714150595205 0.657950633031853 0.656935863940069 0.662611523053824 0.60314476342066 0.546813255916095 0.497616958944049 -9999 -9999
-9999 -9999 -9999 -9999 -9999 -9999 -9999 -9999 -9999 -9999 -9999 -9999 -9999 -9999 -9999 -9999 -9999 -9999 -9999 -9999 -9999 -9999 1.14067073680508 1.12162261976293 1.0447251285532 0.962219445754114 0.942737440946029 1.00897895854576 1.03016795314698 1.02244116600087 1.04660368627124 0.981071651865263 0.967359674755428 0.919195286483061 0.847676834144757 0.762951889817274 0.731161312254971 0.748213888093048 0.676571041980317 0.521127068708274 0.500419060198601 -9999 -9999 -9999 -9999 -9999 -9999 -9999 -9999 -9999 -9999 -9999 0.779748505666825 0.748456149511328 0.668476037277589 0.60247445947304 0.624726681467077 0.620524058255411 0.551462350842902 0.524997645022233 -9999 -9999 -9999
