2050_A1B_MR/PRECSD.asc
NCOLS 720 
NROWS 360 
XLLCORNER -180 
YLLCORNER -90 
CELLSIZE 0.5 
NODATA_value -9999 
[rows 84 to 111 of 360, columns 189 to 251 of 720]
0.167295250317614 0.173120100265074 0.154062563671241 0.152728498355218 0.163674698287572 0.152857810063511 0.147583394630575 0.145676170563975 0.146763967863817 0.143278100784066 0.139480535951219 0.142089388064644 0.161002196474389 0.178469838390846 0.191307539548153 0.18286374137138 0.190041338931036 0.201844201986315 0.210987043319611 0.214786184071384 0.215063600291393 0.213104927351243 0.212769394075084 0.218543446858062 0.210500819684846 0.201477643335981 0.195019644257082 0.195443839887265 0.191019653924391 0.175265347456868 0.144988417439324 0.123328359728161 0.120239123718959 0.123996722659037 0.131299248265685 0.150025081167552 0.162665056850497 0.149092392063154 0.130264351612347 0.126663651868577 0.138718216965419 0.156644158538796 -9999 -9999 -9999 -9999 -9999 -9999 -9999 -9999 -9999 -9999 0.17839436780623 0.179976738808423 0.183864704579492 0.181631598666103 0.172567885470778 0.162607153736207 0.164185279293499 0.163900516982452 0.147209452867393 0.136270620679837 0.136730305911835
0.16672536409697 0.166105336740078 0.148013130042204 0.133394009258236 0.127280498594372 0.120548764213319 0.117166615638646 0.125127494278429 0.132599212188274 0.126508109189968 0.118904582410504 0.12393351312397 0.140246086220217 0.153267743866567 0.164771640286181 0.166073241071801 0.170983456617107 0.182651142089565 0.19197926976241 0.194251204960842 0.192864693838535 0.184879433638838 0.177550854282385 0.175685689531934 0.173105670334728 0.171454516820158 0.172252451840266 0.174491885831618 0.175954136904886 0.168382291512228 0.150675098387462 0.145371492402223 0.143132872084459 0.151895500702621 0.155515691593701 0.158348129207154 0.15487224647922 0.141228402938282 0.132301811684162 0.131431571609109 0.146959790612763 0.16760415734409 -9999 -9999 -9999 -9999 -9999 0.205463071047549 -9999 -9999 -9999 -9999 -9999 -9999 -9999 -9999 0.165964502038627 0.157000677909336 0.165625685844705 0.167752368815393 0.136522560889219 0.133617404730991 0.130292103656444
0.154687075792179 0.153892330086463 0.1463978735483 0.132302199917313 0.12467762128117 0.124357898503381 0.118578856648193 0.11871353978322 0.119064401794264 0.113611219147181 0.107576130155252 0.113798723634307 0.135351116054924 0.148152875969195 0.150262702095475 0.148490457428889 0.149941635818708 0.156132247866245 0.163704938940036 0.167760604907913 0.164132094190935 0.156695575760505 0.151768412797444 0.146087642143564 0.140686041344869 0.13815194299559 0.150705164563849 0.16214050926215 0.174549440368285 0.177803164204927 0.177404972975812 0.182507966026899 0.173093861179744 0.175684275276567 0.177751654871753 0.159286425962172 0.145232747756218 0.137581991816548 0.136426093920338 0.138923581347854 0.155331859555544 0.171939923433084 0.163656047889953 0.161298817323751 0.168730329709111 0.181485458430968 0.19663936079281 -9999 -9999 0.201555405494442 0.198751220197752 -9999 -9999 -9999 -9999 -9999 -9999 -9999 0.112620556564741 0.14499402695077 0.121667808814663 -9999 0.120713982853482
0.155117377906636 0.154063927314629 0.159358553526639 0.143521048271163 0.13885821380543 0.149911658129652 0.14340338910574 0.131337674854733 0.118613206748275 0.114314963296396 0.118769862006303 0.115342185255787 0.122105805227093 0.134181588691161 0.13622891048945 0.136199649023116 0.137856691857997 0.136696814304625 0.139507806349425 0.145238201551753 0.144595341773408 0.140352385073498 0.140114955429641 0.133352922666363 0.128486318791716 0.131180133232899 0.148477056290692 0.165085565806011 0.181484202149073 0.194815431538523 0.195444125506915 0.186623720856939 0.176954084086504 0.172676861169256 0.1676278301829 0.152674941413315 0.143693441178988 0.140921215481862 0.142104263745454 0.156536185671552 0.162081074039288 0.167056975477266 0.159505094349601 0.159463738404966 0.168563314766171 0.181291975761123 0.196538287308011 -9999 0.210435144668476 0.204050410429918 0.196022620448387 0.180571036611279 -9999 -9999 -9999 -9999 -9999 -9999 -9999 -9999 -9999 -9999 -9999
0.17344053234363 0.17007459403631 0.177579842371729 0.162270836483631 0.144349551988801 0.150884766198466 0.150877081535041 0.13891925094354 0.139673974238179 0.154069672471404 0.173395887363731 0.158518974775722 0.12888793903962 0.118406913579446 0.122782213434318 0.130784070560565 0.1282983739726 0.123043305306159 0.128590803027586 0.135016625476118 0.132975267683824 0.129387463122802 0.127939848849474 0.130056052976873 0.13346337385479 0.143316350967875 0.164315860577156 0.176811019439511 0.188469305561118 0.195797124139906 0.187071061636852 0.17422234762327 0.162732795071334 0.164325452294163 0.160589053524759 0.154077449652898 0.151747681006284 0.154194056814556 0.155612339619741 0.165705832896954 0.164523066656305 0.163299836236225 0.161570962221127 0.168511263177334 0.171150304018993 0.180249488684466 0.193187561553531 0.203583082674858 0.208814074233514 0.197271820501875 0.179094437372744 0.164123043778923 -9999 -9999 -9999 -9999 -9999 -9999 -9999 -9999 -9999 -9999 -9999
0.180909267138212 0.181467392901915 0.182503944207453 0.182897437733429 0.158136662203799 0.133706324803572 0.135956135558843 0.147075767298181 0.167233108359066 0.190583739022522 0.221916118482022 0.206506203034969 0.16117976094752 0.128879442633159 0.121045168705384 0.122081853277432 0.120014324799853 0.116804331956064 0.122508593338895 0.128701738452957 0.12613726763387 0.126765299408024 0.125153616568793 0.138388608023093 0.153137313623247 0.163649999771705 0.171254977509502 0.183194194190794 0.179829485706428 0.168397606878968 0.158762155682013 0.156576287578548 0.152105061800559 0.161569968421084 0.169243828959822 0.172005225361855 0.172928536344433 0.178348438696814 0.193154219125822 0.188972866912278 0.176665811561983 0.175625956729365 0.186240240241995 0.192920603837544 0.182055927557859 0.180926330382342 0.191254404307298 0.198444823755046 0.199917507669117 0.194310235065508 -9999 -9999 -9999 -9999 -9999 -9999 -9999 -9999 -9999 -9999 -9999 -9999 -9999
0.207101576152248 0.235825703298143 0.215273915546351 0.201734416194249 0.163661989142095 0.124696515873805 0.126189956701044 0.152795807367938 0.175431034620188 0.18124261585075 0.187129137176258 0.174415946685153 0.149510322579107 0.129393558568937 0.120962125202059 0.124584817375916 0.1302930522222 0.131353544652782 0.126594964853918 0.125740912071025 0.135668715895566 0.144901874935468 0.147058145040653 0.177103601116268 0.193178385260145 0.178852889809431 0.171428130632983 0.179077466501454 0.161878410250292 0.150006650807731 0.141738901576537 0.144713453877714 0.152391368013545 0.168673398661313 0.19298202557308 0.202090602689246 0.195288445811819 0.191315314078894 -9999 0.217143118015012 0.208331932654797 0.202492860641895 0.20428965725657 0.208515062677993 0.195042371297959 0.185825001914366 0.187157757069018 -9999 -9999 -9999 -9999 -9999 -9999 -9999 -9999 -9999 -9999 -9999 -9999 -9999 -9999 -9999 -9999
0.225419831732074 0.229796667004644 0.222966598086192 0.211098360429195 0.168270782884779 0.124079580307519 0.119693680817353 0.154073699704735 0.159066230314031 0.132991984631691 0.132956748135689 0.136123288172575 0.133141842968693 0.122191249402367 0.120732815260816 0.138835382695561 0.152889119712597 0.155677886719766 0.145281473051 0.141492238086844 0.139384525940492 0.133655505044546 0.141766634523977 0.156134705864626 0.182698384760681 0.156901548090184 0.158187153317804 0.157753586756227 0.136773906399186 0.143428451904514 0.152161949337618 0.155194859878395 0.178555707161182 0.205922377809942 0.221801464932063 0.215184758499289 -9999 -9999 0.212854954305438 0.220127212301048 0.22853780821955 0.229872119408027 0.218029412339744 0.20529981267762 -9999 -9999 -9999 -9999 -9999 -9999 -9999 -9999 -9999 -9999 -9999 -9999 -9999 -9999 -9999 -9999 -9999 -9999 -9999
0.215391099817895 0.229088409583389 0.223607072075432 0.231184198010837 0.20791507098254 0.150755986234724 0.112357569596122 0.129386226651511 0.133638193439136 0.114218673009614 0.117871957310529 0.127017920918002 0.128477925812103 0.134590810637013 0.135526968727642 0.140779968840189 0.150332423171323 0.153542256253555 0.149615906558891 0.146403487799529 0.121854735512497 0.114374691277252 0.113777802526601 0.130343723186863 0.14847156050345 0.122866477745564 0.123358268248901 0.12912991084935 0.138571965769523 0.16128478842192 0.176356902219943 0.180001944338862 0.186571876949364 -9999 -9999 -9999 -9999 -9999 0.215184001126213 0.221354800862569 0.229510014465999 0.235034628200842 -9999 -9999 -9999 -9999 -9999 -9999 -9999 -9999 -9999 -9999 -9999 -9999 -9999 -9999 -9999 -9999 -9999 -9999 -9999 -9999 -9999
0.216325790710031 0.232906543759327 0.229568415091047 0.235331378274638 0.238469034511108 0.198978005160637 0.142140600695872 0.118129833938012 0.125481641378921 0.126959335591055 0.128662376864317 0.130866424874002 0.137221320443775 0.140657021089576 0.14869132656163 0.154419014643994 0.160824241646139 0.153698984522255 0.125158603125709 0.123224768456413 0.115505750106599 0.112554037899481 0.106166235215245 0.121766751111379 0.128753527735155 0.110735801020567 0.113357109319188 0.130365493821247 0.141330853156129 0.179386139291179 0.185416867861665 -9999 -9999 -9999 -9999 -9999 -9999 -9999 -9999 0.221392160621175 -9999 -9999 -9999 -9999 -9999 -9999 -9999 -9999 -9999 -9999 -9999 -9999 -9999 -9999 -9999 -9999 -9999 -9999 -9999 -9999 -9999 -9999 -9999
0.212920051753641 0.231056997004748 0.230142012306048 0.221233402361015 0.218147413063526 0.187869302959782 0.154953446791025 0.146629274846167 0.152954526386351 0.146350830697292 0.139273212687038 0.144263708812359 0.149122915873092 0.140279167961089 0.161934902608147 0.198285525815028 0.187078054305266 0.179488257847212 0.130184604581448 0.111856253744201 0.123753464223583 0.125524182403523 0.11759436192132 0.12290264674835 0.119390041176747 0.115793386591746 0.114187835061353 0.133608854382961 0.146480120956453 0.174867333407093 -9999 -9999 -9999 -9999 -9999 -9999 -9999 -9999 -9999 -9999 -9999 -9999 -9999 -9999 -9999 -9999 -9999 -9999 -9999 -9999 -9999 -9999 -9999 -9999 -9999 -9999 -9999 -9999 -9999 -9999 -9999 -9999 -9999
0.216737721151505 0.219978607741794 0.213220443733544 0.198600889846606 0.189188283407605 0.161176442780316 0.145346976056977 0.152730805927778 0.162714003348579 0.161057776456498 0.148104042562906 0.151930018036395 0.150425060143713 0.150434194283334 0.18377956946577 0.201847328684502 0.196164280108175 0.178050544344972 0.141336784313801 0.11490476074468 0.121725464398299 0.126003118336438 0.111927691045127 0.112228704668262 0.104910433408664 0.111472499219089 0.111366492971146 0.130608108285172 0.151829151050519 0.163052957567044 -9999 -9999 -9999 -9999 -9999 -9999 -9999 -9999 -9999 -9999 -9999 -9999 -9999 -9999 -9999 -9999 -9999 -9999 -9999 -9999 -9999 -9999 -9999 -9999 -9999 -9999 -9999 -9999 -9999 -9999 -9999 -9999 -9999
0.220431530364735 0.211228851364217 0.198387393219739 0.194309036247227 0.18874316910834 0.177725147868715 0.152228903523471 0.141339651434807 0.151846863840873 0.156334541312547 0.141216718893258 0.137086842318201 0.138267222911437 0.142456100034096 0.167499931393005 0.176680178233885 0.193865944581607 0.211132684094767 0.163157743279241 0.117780326627385 0.113533630500693 0.116617114527626 0.10991430021045 0.101026143377082 0.106840461983702 0.119488238181299 0.131811228395012 0.151287270430259 0.162412873734072 0.159199009887386 0.153749937378218 0.145240746720393 -9999 -9999 -9999 -9999 -9999 -9999 -9999 -9999 -9999 -9999 -9999 -9999 -9999 -9999 -9999 -9999 -9999 -9999 -9999 -9999 -9999 -9999 -9999 -9999 -9999 -9999 -9999 -9999 -9999 -9999 -9999
0.219655029701199 0.214288684415815 0.205745396988648 0.207106557241187 0.197422377587579 0.190967681673862 0.165360637641673 0.144335907559602 0.137818888552234 0.147438152758691 0.137937340399318 0.139445506710231 0.138111937006611 0.138772418297334 0.149054773639991 0.151639208131423 0.153623646497347 0.16498491230727 0.156110489090009 0.128460217088868 0.108094436878964 0.114904476483719 0.113443640226851 0.11794802276168 0.132946054263642 0.141054566406938 0.159675912914775 0.170753618852848 0.175899843128325 0.16437748894402 0.16160953527128 -9999 -9999 -9999 -9999 -9999 -9999 -9999 -9999 -9999 -9999 -9999 -9999 -9999 -9999 -9999 -9999 -9999 -9999 -9999 -9999 -9999 -9999 -9999 -9999 -9999 -9999 -9999 -9999 -9999 -9999 -9999 -9999
0.213639310301149 0.216165440749399 0.217200706058554 0.215948020897622 0.205799727661181 0.198408599994876 0.188353597082536 0.174295243075107 0.162070229537308 0.160852351882091 0.150139536419326 0.144125514890247 0.13576789201834 0.138620040246804 0.149788335698578 0.137129388683808 0.128791410773304 0.126020901169967 0.134026779905486 0.121970765179063 0.114962717986057 0.122412006888846 0.128922306513812 0.138434967687174 0.152858321597258 0.167737977316237 0.178442420630292 -9999 -9999 -9999 -9999 -9999 -9999 -9999 -9999 -9999 -9999 -9999 -9999 -9999 -9999 -9999 -9999 -9999 -9999 -9999 -9999 -9999 -9999 -9999 -9999 -9999 -9999 -9999 -9999 -9999 -9999 -9999 -9999 -9999 -9999 -9999 -9999
0.219476382840145 0.223247757952641 0.215803693720258 0.211905837818869 0.203637018078337 0.193916690120268 0.188126427700657 0.181897806700341 0.172978644582727 0.167148668771674 0.162676369724701 0.151301443954531 0.135669306123534 0.133616801512829 0.142619616366185 0.129326236296128 0.11702175960025 0.116071788839183 0.129362854687779 0.123687413694341 0.132103819830321 0.146430513116266 0.153692936561178 0.142067785174161 -9999 -9999 -9999 -9999 -9999 -9999 -9999 -9999 -9999 -9999 -9999 -9999 -9999 -9999 -9999 -9999 -9999 -9999 -9999 -9999 -9999 -9999 -9999 -9999 -9999 -9999 -9999 -9999 -9999 -9999 -9999 -9999 -9999 -9999 -9999 -9999 -9999 -9999 -9999
0.225440413373372 0.217442297568092 0.206255415484315 0.20125437449041 0.203040132119163 0.201428409186352 0.193038248448862 0.175948014337898 0.165669731370104 0.160726641188392 0.162734842935379 0.156527485958138 0.150587963633932 0.152406996499876 0.149715857641861 0.134518441619963 0.120870028106329 0.123933770251742 0.13117594166476 0.122967946968129 0.13443025285659 0.153885221845463 0.169355527898801 -9999 -9999 -9999 -9999 -9999 -9999 -9999 -9999 -9999 -9999 -9999 -9999 -9999 -9999 -9999 -9999 -9999 -9999 -9999 -9999 -9999 -9999 -9999 -9999 -9999 -9999 -9999 -9999 -9999 -9999 -9999 -9999 -9999 -9999 -9999 -9999 -9999 -9999 -9999 -9999
0.214979394339958 0.207143420103982 0.200662267332155 0.202957303768909 0.20213523072633 0.195299346023338 0.179638227175924 0.158346629621926 0.148180622300714 0.147295892576937 0.150095352513042 0.153054796677564 0.157209549952141 0.166849492302554 0.159602567722868 0.147214684228324 0.137448245993232 0.139072595555306 0.139208871334732 0.131278625601558 0.142306816094591 0.150952735834915 0.177221668069016 -9999 -9999 -9999 -9999 -9999 -9999 -9999 -9999 -9999 -9999 -9999 -9999 -9999 -9999 -9999 -9999 -9999 -9999 -9999 -9999 -9999 -9999 -9999 -9999 -9999 -9999 -9999 -9999 -9999 -9999 -9999 -9999 -9999 -9999 -9999 -9999 -9999 -9999 -9999 -9999
0.206884337946807 0.204483649910037 0.197012264166977 0.196375746591179 0.186061758202089 0.172647488642039 0.163317394846568 0.152425230688005 0.143985573603057 0.145344392871523 0.147459118480219 0.142539692731333 0.155920417758304 0.166439713764704 0.160323655789303 0.144232480281564 0.129884337947182 0.136804352982407 0.143199015956642 0.135993027112551 0.149308900967407 0.148091043957005 -9999 -9999 -9999 -9999 -9999 -9999 -9999 -9999 -9999 -9999 -9999 -9999 -9999 -9999 -9999 -9999 -9999 -9999 -9999 -9999 -9999 -9999 -9999 -9999 -9999 -9999 -9999 -9999 -9999 -9999 -9999 -9999 -9999 -9999 -9999 -9999 -9999 -9999 -9999 -9999 -9999
0.210750129563417 0.206972683351342 0.199026908522053 0.190485353438659 0.1761029441699 0.165848739877063 0.157180726755425 0.151253506520477 0.147070384293179 0.147275933591589 0.145841389726981 0.142184976792126 0.147053070058813 0.152404388580295 0.143901017316857 0.128264791033028 0.124275586754239 0.135642012471846 0.14137862909321 0.144221578184769 0.15665118814841 -9999 -9999 -9999 -9999 -9999 -9999 -9999 -9999 -9999 -9999 -9999 -9999 -9999 -9999 -9999 -9999 -9999 -9999 -9999 -9999 -9999 -9999 -9999 -9999 -9999 -9999 -9999 -9999 -9999 -9999 -9999 -9999 -9999 -9999 -9999 -9999 -9999 -9999 -9999 -9999 -9999 -9999
0.201215799656346 0.19579485205845 0.188767008363787 0.179513092508158 0.16673654531979 0.154275957141169 0.145379900672533 0.143786675958876 0.143916993567041 0.14204847538018 0.138916531976468 0.142001894766227 0.145591081778831 0.14496065051893 0.13486869153118 0.127659151694137 0.127476999106797 0.14083645663064 0.146394719913786 0.156212155393022 0.156371870362117 -9999 -9999 -9999 -9999 -9999 -9999 -9999 -9999 -9999 -9999 -9999 -9999 -9999 -9999 -9999 -9999 -9999 -9999 -9999 -9999 -9999 -9999 -9999 -9999 -9999 -9999 -9999 -9999 -9999 -9999 -9999 -9999 -9999 -9999 -9999 -9999 -9999 -9999 -9999 -9999 -9999 -9999
0.190217935958815 0.185524695608175 0.183927450387642 0.172186106612266 0.154422562410964 0.139803601063126 0.129257454759387 0.130637672533906 0.13574707824709 0.13691602102901 0.132244315985709 0.12476728995275 0.128370730601982 0.125642187877236 0.117453325400824 0.11789881312462 0.121355149985062 0.13058754284133 0.136841482538461 0.146426870085105 -9999 -9999 -9999 -9999 -9999 -9999 -9999 -9999 -9999 -9999 -9999 -9999 -9999 -9999 -9999 -9999 -9999 -9999 -9999 -9999 -9999 -9999 -9999 -9999 -9999 -9999 -9999 -9999 -9999 -9999 -9999 -9999 -9999 -9999 -9999 -9999 -9999 -9999 -9999 -9999 -9999 -9999 -9999
0.194751686614978 0.183787919132631 0.184858142158479 0.180318731463376 0.170325127271918 0.146509762597072 0.122623592810499 0.116127433485843 0.129090592886371 0.130880184137239 0.11877656112806 0.108655527703275 0.110042412104824 0.109950163670543 0.110663067284175 0.115289276747697 0.122973673715065 0.128898307204354 0.143194633099649 0.157625200102437 -9999 -9999 -9999 -9999 -9999 -9999 -9999 -9999 -9999 -9999 -9999 -9999 -9999 -9999 -9999 -9999 -9999 -9999 -9999 -9999 -9999 -9999 -9999 -9999 -9999 -9999 -9999 -9999 -9999 -9999 -9999 -9999 -9999 -9999 -9999 -9999 -9999 -9999 -9999 -9999 -9999 -9999 -9999
0.217334510600738 0.203714160512337 0.199868987776988 0.186725071152488 0.170687218424512 0.143483989641083 0.116926959892284 0.111102882511649 0.113148999001679 0.10775409679603 0.10329653307892 0.103103467616248 0.110671982490013 0.121821786430389 0.116934871218341 0.118693997545241 0.132970191999915 0.14579708601746 0.16882210524625 0.154129617621017 -9999 -9999 -9999 -9999 -9999 -9999 -9999 -9999 -9999 -9999 -9999 -9999 -9999 -9999 -9999 -9999 -9999 -9999 -9999 -9999 -9999 -9999 -9999 -9999 -9999 -9999 -9999 -9999 -9999 -9999 -9999 -9999 -9999 -9999 -9999 -9999 -9999 -9999 -9999 -9999 -9999 -9999 -9999
0.236120330524974 0.230030655111898 0.216757094349819 0.179861136969203 0.150597663539456 0.129643181618951 0.118962044052375 0.108221824941891 0.105687905345721 0.104453780440141 0.103178059581961 0.112584494587718 0.118903220030855 0.125946748564703 0.126778400323399 0.136385305212266 0.147341196414 0.151682296092323 0.142203163234145 0.119408691508549 -9999 -9999 -9999 -9999 -9999 -9999 -9999 -9999 -9999 -9999 -9999 -9999 -9999 -9999 -9999 -9999 -9999 -9999 -9999 -9999 -9999 -9999 -9999 -9999 -9999 -9999 -9999 -9999 -9999 -9999 -9999 -9999 -9999 -9999 -9999 -9999 -9999 -9999 -9999 -9999 -9999 -9999 -9999
0.239018334312587 0.222631864130402 0.199151799602126 0.176296958838865 0.149090264542553 0.129122899941711 0.124228069471757 0.12052518864194 0.12209256664453 0.115876433242108 0.112726409821199 0.122257055920143 0.139850124869779 0.153468185250008 0.16470371605427 0.174062945410393 0.169412833552705 0.157804338692422 0.131522329933423 -9999 -9999 -9999 -9999 -9999 -9999 -9999 -9999 -9999 -9999 -9999 -9999 -9999 -9999 -9999 -9999 -9999 -9999 -9999 -9999 -9999 -9999 -9999 -9999 -9999 -9999 -9999 -9999 -9999 -9999 -9999 -9999 -9999 -9999 -9999 -9999 -9999 -9999 -9999 -9999 -9999 -9999 -9999 -9999
0.234351514171326 0.209910165448655 0.197611786515288 0.184243744713995 0.167355516482383 0.167549297566895 0.166210489552132 0.150765464422824 0.139785443718984 0.130041495080548 0.131632081271932 0.14627130180361 0.158159837568691 0.180586364081039 0.201401902366487 0.203323135092809 0.186465968760137 0.165219816994788 -9999 -9999 -9999 -9999 -9999 -9999 -9999 -9999 -9999 -9999 -9999 -9999 -9999 -9999 -9999 -9999 -9999 -9999 -9999 -9999 -9999 -9999 -9999 -9999 -9999 -9999 -9999 -9999 -9999 -9999 -9999 -9999 -9999 -9999 -9999 -9999 -9999 -9999 -9999 -9999 -9999 -9999 -9999 -9999 -9999
0.236178340924355 0.22189545388604 0.2123430134009 0.197993010630043 0.188502865685279 0.187739645937882 0.172404763144016 0.158632643802441 0.153361431478967 0.14514492322798 0.150277255110901 0.17042743646878 0.172490525847137 0.189719138045608 0.209323029541217 0.215767481521217 0.192062708635273 -9999 -9999 -9999 -9999 -9999 -9999 -9999 -9999 -9999 -9999 -9999 -9999 -9999 -9999 -9999 -9999 -9999 -9999 -9999 -9999 -9999 -9999 -9999 -9999 -9999 -9999 -9999 -9999 -9999 -9999 -9999 -9999 -9999 -9999 -9999 -9999 -9999 -9999 -9999 -9999 -9999 -9999 -9999 -9999 -9999 -9999
