2050_A1B_MR/PRECSD.asc
NCOLS 720 
NROWS 360 
XLLCORNER -180 
YLLCORNER -90 
CELLSIZE 0.5 
NODATA_value -9999 
[rows 112 to 139 of 360, columns 567 to 629 of 720]
0.77501276938911 0.765255500832401 0.767870350905175 0.776488820051564 0.782206188611405 0.775884470565544 0.756904403773805 0.746696146749714 0.73601105731556 0.722895356223181 0.70398765367268 0.68446156773563 0.671971093411655 0.669574278609111 0.670776125095537 0.67399964617061 0.676841315989143 0.682601146019504 0.692990000353944 0.690991753684488 0.694207330478985 0.695334192471577 0.705000771537705 0.72260168075344 0.747707935114393 0.777236917086147 0.803591411393091 0.791052153970894 0.80762114426677 0.837297848644518 0.816510511996401 0.756153815454008 0.732343539726956 0.766286943451047 0.762415838631464 -9999 -9999 -9999 -9999 -9999 -9999 -9999 -9999 -9999 -9999 0.540835838488931 0.551008842800605 -9999 -9999 -9999 -9999 -9999 0.561319358274589 0.588229349612133 0.588700372878522 0.58838841178752 0.581788386965294 0.537054523339562 0.516790641354496 0.532276618700138 0.518087310603603 0.504600375095383 -9999
0.754863527193873 0.750486423293158 0.768988745336889 0.782330572034456 0.800115193789349 0.790112324590992 0.75420917983538 0.735085786110612 0.73547039861947 0.727126557619428 0.703195425948098 0.677815375068172 0.658341720599431 0.647186622765778 0.643286811185572 0.645497492452195 0.656761378287137 0.671676310102303 0.685829789857885 0.674589406331377 0.663829188565599 0.603061160362663 0.613457878285175 0.653206696657457 0.695218285482976 0.709385025737035 0.723096930200522 0.721700711738396 0.726712443051507 0.758974585361533 0.76071458509586 0.719930762536107 0.697638233667714 0.705185312184579 0.691443660143076 -9999 -9999 -9999 -9999 -9999 -9999 -9999 -9999 -9999 -9999 0.536517771923125 0.547000760294662 -9999 -9999 -9999 -9999 0.543118646881064 0.559761072464214 0.596856121213703 0.639080482179334 0.622182647320463 0.576761411672548 0.497600655214655 0.501475325232927 0.522959118815348 0.505295865759969 -9999 -9999
0.747572515311758 0.745687675916828 0.798871176189305 0.847279929031644 0.871594351591535 0.804532131185343 0.756577513457149 0.738145505693677 0.738412173465335 0.73679229129703 0.711307027765433 0.676966997501012 0.650962284298161 0.631351775729097 0.616922300145188 0.622133750183061 0.622606245567074 0.638127565772546 0.656620438872707 0.644457910047018 0.616442036272129 0.550893956540668 0.566474441253531 0.599161905831303 0.620035429577459 0.614899512973931 0.610983524433342 0.629087700017749 0.631194615230696 0.661950138299038 0.660359719589351 0.643374889967838 0.640079045999595 0.633894151670883 0.623942129979169 -9999 -9999 -9999 -9999 -9999 -9999 -9999 -9999 -9999 -9999 -9999 -9999 -9999 -9999 -9999 0.465774165896331 0.491137573282215 0.56242180842407 0.605238721469903 0.647212307262276 0.626897979975095 0.57544833291235 -9999 0.470156234706654 -9999 -9999 -9999 -9999
0.742376830923663 0.795452176307953 0.861968602047563 0.90525763094392 0.90101825669461 0.815218230429589 0.763017102242753 0.74215699982848 0.748196154247137 0.737185384890864 0.701799376966072 0.671262598508818 0.646626265232399 0.630600004655401 0.623369373551762 0.613371797124275 0.590275941632907 0.602809540041992 0.619028446518561 0.613916234314104 0.594135222896835 0.56979278824779 0.565335176842129 0.574726092350289 0.571724637341124 0.542450691847923 0.519606866583682 0.511904940600271 0.528736314722289 0.562073823956247 0.554199599712059 0.563544812166662 0.579735576667286 0.597585151183499 0.576506411725864 0.557178575999795 -9999 -9999 -9999 -9999 -9999 -9999 -9999 -9999 -9999 -9999 -9999 -9999 -9999 -9999 -9999 -9999 -9999 0.573302286607941 0.633781934008695 0.616177225961487 0.569431850930228 -9999 -9999 -9999 -9999 -9999 -9999
0.767515197920881 0.875207260523133 0.952939685493391 0.916543398631472 0.841030879163695 0.775395256823936 0.737349156185168 0.713574536897878 0.72031892432677 0.714505845482492 0.680895842679001 0.652140775423457 0.633250091940415 0.617787003504201 0.61060332472011 0.606663174233606 0.601142607140871 0.599577062457111 0.597749009682263 0.592617166252552 0.583215494470695 0.574725339356638 0.572008155308361 0.568885423369829 0.545437647153593 0.506938348672301 0.480524277562979 0.456529324865881 0.469830177739814 0.50432224937571 0.516853139794274 0.519547178477871 0.523030719324882 0.566390307713333 0.578350074136178 0.537441534934827 0.516795454012144 -9999 -9999 -9999 -9999 -9999 -9999 -9999 -9999 -9999 -9999 -9999 -9999 -9999 -9999 -9999 -9999 0.552019221248276 0.595869295635751 0.574386390518053 0.547937102112164 -9999 -9999 -9999 -9999 -9999 -9999
0.848648988747245 0.959364953527231 0.961716774987307 0.87801079591595 0.777840777688367 0.713863489639077 0.683254792120096 0.664252055818014 0.672861634605425 0.674693712688801 0.659317354283352 0.638530388487623 0.617996845370562 0.603252586124611 0.595677453443259 0.595208003594435 0.602521753383183 0.59903046128735 0.573340366583412 0.565734201892314 0.572125874250672 0.579175054282048 0.583550124856474 0.576827542363098 0.550766845906434 0.520071413373598 0.527219440758372 0.521589387302884 0.50244970456796 0.510039842895239 0.512584340213326 0.516084426644474 0.533399941154983 0.532466739006031 0.55112093218942 0.51668020897956 0.513252855812141 -9999 -9999 -9999 -9999 -9999 -9999 -9999 -9999 -9999 -9999 -9999 -9999 -9999 -9999 -9999 -9999 0.514586398325898 0.539889162211065 0.534696281879187 -9999 -9999 -9999 -9999 -9999 -9999 -9999
0.941781365818688 0.976358218490639 0.922577232704351 0.829632925591651 0.732832715530738 0.673160350508441 0.652708212519728 0.640444578893533 0.641382877278626 0.636978054026685 0.629854183921391 0.615898080660595 0.598158534223343 0.582311394920447 0.579099660249539 0.59794774390624 0.582523210151264 0.552524705652768 0.530171831080092 0.540679969516759 0.566613464116363 0.599070970658654 0.600042481737427 0.591520291572826 0.578199383574173 0.544674223305104 0.563748258975636 0.567986866071743 0.546037907766964 0.53592889729476 0.527378944504646 0.53558747477658 0.563234564993261 0.535590460584933 0.526197347804219 0.521154739035683 0.487867353344265 -9999 -9999 -9999 -9999 -9999 -9999 -9999 -9999 -9999 -9999 -9999 -9999 -9999 -9999 -9999 -9999 -9999 0.446084682254342 0.476893788961875 -9999 -9999 -9999 -9999 -9999 -9999 -9999
0.946218182758816 0.931894085483229 0.867031520370864 0.774552282327007 0.699688374065329 0.653147693410948 0.636767924869263 0.623036415388982 0.610772833837581 0.60181822014348 0.598415303369914 0.595831061876633 0.583321297616212 0.565058229543116 0.554017968287642 0.557960600237389 0.544222358670252 0.52523537230394 0.5151737794024 0.531736454590173 0.565022473602113 0.598818188244661 0.593996131566572 0.571862650298555 0.552321769314175 0.540781749946649 0.558157689519559 0.5727653231968 0.566602952361071 0.555802926637589 0.540052774566557 0.537449947186703 0.543794157871861 0.499252967846824 0.492257259777826 0.48669004589065 0.451084825799582 0.42533821095158 -9999 -9999 -9999 -9999 -9999 -9999 -9999 -9999 -9999 -9999 -9999 -9999 -9999 -9999 -9999 0.431078618337606 0.444215410249151 -9999 -9999 -9999 -9999 -9999 -9999 -9999 -9999
0.907078578004032 0.869817724794022 0.818848665339513 0.761740743044095 0.689206792130745 0.650346696409999 0.636011320431744 0.623326697458799 0.59991571366082 0.588560471801295 0.588828699167211 0.586605807793441 0.575243297001683 0.5658171798505 0.550137773801693 0.532522037921941 0.517145293334977 0.513127149002803 0.518173000609574 0.53314170463308 0.563532939191225 0.586706676551142 0.577496644419913 0.546084260520503 0.517877569424071 0.516872496840542 0.548718463556456 0.580771050124407 0.589622500733357 0.586895564467585 0.56718572551774 0.549595272445993 0.528949197233493 0.504703979828446 0.496598043933099 0.484973853647669 0.459402065459328 0.425347007902629 -9999 -9999 -9999 -9999 -9999 -9999 -9999 -9999 -9999 -9999 -9999 -9999 -9999 -9999 -9999 -9999 -9999 -9999 -9999 -9999 -9999 -9999 -9999 -9999 -9999
0.85312885460322 0.813301563381539 0.776642428808097 0.72836780735441 0.675400760327295 0.64665488733757 0.63360039070597 0.612647862458008 0.597908151678971 0.594034202035447 0.582214650408135 0.578845273719987 0.576686209264142 0.571147759518546 0.544944867287215 0.517108952756295 0.495854890114479 0.501636672373915 0.518370314203321 0.531478098997286 0.556032599560219 0.580937753337624 0.579276846069217 0.533300763649977 0.510658898953331 0.53315571133768 0.562683135493778 0.603813877372197 0.615094106364329 0.604823946825019 0.590566105766058 0.583288204190299 0.548165165788655 0.522715359719046 0.513367667941598 0.500537461012541 0.468867065624227 -9999 -9999 -9999 -9999 -9999 -9999 -9999 -9999 -9999 -9999 -9999 -9999 -9999 -9999 -9999 -9999 -9999 -9999 -9999 -9999 -9999 -9999 -9999 -9999 -9999 -9999
0.814020687301197 0.777965555108719 0.737857168387274 0.6884710462136 0.657780928704931 0.646386942229187 0.632328390625299 0.613496092975233 0.602525891964 0.587604655668023 0.569112769914029 0.560721931237627 0.560278799314704 0.55269531934888 0.537356729512434 0.509293009905397 0.488439705752783 0.491815487459981 0.510990060038323 0.529048506340438 0.545608182922877 0.567843940569778 0.566864097162499 0.542190317972066 0.513698636844719 0.566644945704973 0.601996101934634 0.627628636831366 0.626256790755137 0.631615228489073 0.614746181321853 0.566849689133534 0.547196597896189 0.531409627035524 0.524959777675535 0.514476077539124 0.503820719255371 -9999 -9999 -9999 -9999 -9999 -9999 -9999 -9999 -9999 -9999 -9999 -9999 -9999 -9999 -9999 -9999 -9999 -9999 -9999 -9999 -9999 -9999 -9999 -9999 -9999 -9999
0.797127678984488 0.758047265230041 0.720326775231854 0.688422406605086 0.667084417270968 0.647680742405787 0.636132283159511 0.621049033611408 0.608026206509279 0.591568374648099 0.560987201710102 0.543567076691018 0.541453666991663 0.541995551199229 0.525577911523575 0.502915273376449 0.479992942542601 0.475303922656482 0.491909153118869 0.511306771319679 0.523676571502373 0.542604021568352 0.565077858047002 0.580693866628067 0.616232953048444 0.639287910309995 0.642802302910432 0.652850019585508 0.649270690827897 0.631182185998884 0.592864913395241 0.566297471586532 0.543615500156485 0.538150867139268 0.531238335509835 0.501402197721965 0.487953896415066 -9999 -9999 -9999 -9999 -9999 -9999 -9999 -9999 -9999 -9999 -9999 -9999 -9999 -9999 0.328010184089508 0.336075929242763 -9999 -9999 -9999 -9999 -9999 -9999 -9999 -9999 -9999 -9999
0.815393118568144 0.776553615992111 0.739015891773659 0.704317874486474 0.671231871213155 0.646356623877058 0.631479058164984 0.624027641974203 0.612995015728195 0.591463453734013 0.558078874990325 0.542481032375546 0.534511388493641 0.525883881441431 0.505152953422159 0.49862782191427 0.476283886085678 0.451985200710747 0.447174366685965 0.465506016966521 0.49222975673388 0.520894854356406 0.554630373859149 0.592246348652252 0.622558076429774 0.645537432259787 0.653449459523579 0.643577442650489 0.633000601482661 0.652548050938305 0.622974932751813 0.561958158175679 0.547013636086521 0.549386960398995 0.543980630740264 0.496589901518605 -9999 -9999 -9999 -9999 -9999 -9999 -9999 -9999 -9999 -9999 -9999 -9999 -9999 -9999 0.300313928152717 -9999 -9999 -9999 -9999 -9999 -9999 -9999 -9999 -9999 -9999 -9999 -9999
0.85011949798925 0.813652167260315 0.7696585002912 0.725602520797137 0.691832236801929 0.66085558046251 0.636275168189642 0.622925406654903 0.605349067245822 0.576450851331935 0.546245183696997 0.531382699764462 0.521673337486447 0.50240217738959 0.492273442221709 0.500443260836821 0.479032162327314 0.441906266039597 0.426870231089528 0.441496788105007 0.475447388688362 0.512029623720784 0.562582955378778 0.598899490225536 0.62339479274914 0.639220337151886 0.657436614522904 0.651979121176044 0.663295051127742 0.661172775975327 0.607204624672978 0.562761187685668 0.553525964568383 0.553243736508636 0.548464033050428 -9999 -9999 -9999 -9999 -9999 -9999 -9999 -9999 -9999 -9999 -9999 -9999 -9999 -9999 -9999 -9999 -9999 -9999 -9999 -9999 -9999 -9999 -9999 -9999 -9999 -9999 -9999 -9999
0.858888983754456 0.834050348759861 0.795799476980252 0.752724739926363 0.719004317385512 0.688258339942195 0.654383383117285 0.626128366047539 0.599790678853252 0.569731572136304 0.53965483918013 0.521810354598482 0.506877833760968 0.487664638542727 0.476834682790841 0.489300570363712 0.485137907033531 0.468659947062691 0.450451965591421 0.451225426532292 0.482521846893139 0.516590336545909 0.567251276990741 0.600713818825878 0.618528371928492 0.645592402860792 0.642022886359868 0.64097181298482 0.645528919763771 0.616676361930436 0.571988694504196 0.557932560868974 0.557723596575692 0.538953351285862 -9999 -9999 -9999 -9999 -9999 -9999 -9999 -9999 -9999 -9999 -9999 -9999 -9999 -9999 -9999 0.353697546898496 -9999 -9999 -9999 -9999 -9999 -9999 -9999 -9999 -9999 -9999 -9999 -9999 -9999
0.85730781501812 0.832845961529986 0.805858237047662 0.768381960956285 0.748831743604543 0.715448087845862 0.670699832348307 0.630788899093858 0.598236872034736 0.575029020706568 0.553798352738123 0.533947965060575 0.516822876590677 0.506070077796171 0.495292625866255 0.497232998528342 0.498478057105141 0.487931534498791 0.470714079634837 0.471444976575806 0.509369817363962 0.530683218682719 0.558609766117213 0.591306122919618 0.619993753089612 0.637334460048907 0.634254758901056 0.620797231108548 0.6038275559748 0.582784426798489 0.557355490756416 0.542745048569855 0.540814925289418 -9999 -9999 -9999 -9999 -9999 -9999 -9999 -9999 -9999 -9999 -9999 -9999 -9999 -9999 -9999 0.366952235939101 -9999 -9999 -9999 -9999 -9999 -9999 -9999 -9999 -9999 -9999 -9999 -9999 -9999 -9999
0.849433449200836 0.832570404072792 0.813475830008876 0.773874058943971 0.756110840888147 0.730445911250107 0.686974477515918 0.638881968041273 0.60350495799248 0.58750809499562 0.575096006450527 0.5671416677196 0.55987957749389 0.547556197688116 0.529010992439375 0.517153182839639 0.515991575987986 0.512113287998933 0.496960651178413 0.509329934017138 0.543719795220019 0.566703298971706 0.594373491481603 0.598411230061347 0.616002038809888 0.626764632934729 0.62222125033467 0.606924828654875 0.587864883669159 0.573872971653339 0.570176216080828 0.557165491464917 0.573752247825381 -9999 -9999 -9999 -9999 -9999 -9999 -9999 -9999 -9999 -9999 -9999 -9999 -9999 -9999 -9999 -9999 -9999 -9999 -9999 -9999 -9999 -9999 -9999 -9999 -9999 -9999 -9999 -9999 -9999 -9999
0.840899546769312 0.822053657496547 0.799490740028236 0.777793848881354 0.779426427948249 0.754733836606228 0.709315884156095 0.659642239412233 0.626310509951105 0.608875444972769 0.595067928874833 0.597529288423356 0.616154507872646 0.630347724100006 0.574869221292672 0.552914897549516 0.552606946242252 0.560714322501103 0.567900946351716 0.577987899093103 0.586943878927291 0.605067401983251 0.614360090805192 0.610018157768261 0.609888804260889 0.616460774476994 0.620849127926097 0.617066773520512 0.603324708700426 0.591809624115705 0.589547803872094 0.582298849318574 0.580208732805171 -9999 -9999 0.340519213652801 0.265695440898533 -9999 -9999 -9999 -9999 -9999 -9999 -9999 -9999 -9999 -9999 -9999 -9999 -9999 -9999 -9999 -9999 -9999 -9999 -9999 -9999 -9999 -9999 -9999 -9999 -9999 -9999
0.821981804554304 0.793278530496606 0.784836491528522 0.804513463553817 0.824597901058903 0.786147359852336 0.732670995204799 0.685788388545516 0.65768655672169 0.639083337806063 0.617491460305816 0.611048471232658 0.637174727033588 0.643045771833438 0.614797468500602 0.58826114530067 0.586157078244621 0.595415831554511 0.612634131682086 0.627030425672087 0.624509078211577 0.636811564308623 0.631515851714092 0.613031636592595 0.601638383772719 0.604422149267932 0.624354524945836 0.634241821669318 0.62280452969447 0.598952840594866 0.599192903829439 -9999 -9999 -9999 0.621160550226566 0.467319561240556 0.460942281867567 -9999 -9999 -9999 -9999 -9999 -9999 0.269355367059093 -9999 -9999 -9999 -9999 -9999 -9999 -9999 -9999 -9999 -9999 -9999 -9999 -9999 -9999 -9999 -9999 -9999 -9999 -9999
0.802072557199281 0.765394412066833 0.763236465668934 0.799378890265767 0.831794568644763 0.786491475867267 0.73927487676187 0.697961378973546 0.675174426287605 0.651191250450839 0.629471948067441 0.613770838838099 0.615183448032946 0.633336846460421 0.629293883333692 0.615263197567882 0.604147898843227 0.614127737180995 0.63267977524958 0.657016532198945 0.673673495985016 0.669257377999283 0.652524549808762 0.61646347289024 0.595809290656735 0.604690510947554 0.634415681449597 0.649466199944403 0.627505139281691 0.597098056505607 -9999 -9999 -9999 0.807310247282871 0.789899555830772 0.523952419341871 0.530845623941768 -9999 -9999 -9999 0.260450226538044 -9999 -9999 -9999 -9999 -9999 -9999 -9999 -9999 -9999 -9999 -9999 -9999 -9999 -9999 -9999 -9999 -9999 -9999 -9999 -9999 -9999 -9999
0.787467287769667 0.762999788731424 0.768770938008997 0.791139767609696 0.808343679119034 0.776440802618293 0.729045705940106 0.699725918746033 0.675180079253754 0.652185180961398 0.635587863594659 0.622808755621337 0.624493634903731 0.628121724373381 0.628345948842773 0.618565111334807 0.615237528276664 0.626226822164952 0.644683692427896 0.677042099857566 0.692644138946626 0.689216359529692 0.684110994294699 0.653550761179659 0.638153262298524 0.644571573922111 0.667080654358317 0.669859349869701 0.660519852993081 -9999 -9999 -9999 -9999 0.880987839645863 0.822272258578531 0.570805672723011 0.52748086373818 -9999 -9999 -9999 -9999 -9999 -9999 -9999 -9999 -9999 -9999 -9999 -9999 -9999 -9999 -9999 -9999 -9999 -9999 -9999 -9999 -9999 -9999 -9999 -9999 -9999 -9999
0.793493465808781 0.799752730816554 0.806082195556127 0.815894202374179 0.80734105195498 0.802291018203802 0.766401854233253 0.715895891700048 0.675208944923326 0.65214808132869 0.651006016954348 0.65952749664945 0.653796738668038 0.638121553249573 0.647213770421259 0.650697438694625 0.652259626573547 0.652413607999914 0.651562676801361 0.668602189878812 0.67345264019185 0.689055117041179 0.71113464096238 0.708778989430286 0.69182190691598 0.688717629038053 0.700081036582564 0.686821244313867 -9999 -9999 -9999 -9999 -9999 0.983646888090971 0.835050464957874 0.651454743838954 0.596237990683222 -9999 -9999 -9999 -9999 -9999 -9999 -9999 -9999 -9999 -9999 -9999 -9999 -9999 -9999 -9999 -9999 -9999 -9999 -9999 -9999 -9999 -9999 -9999 -9999 -9999 -9999
0.773068699924274 0.810133543106619 0.834966051842077 0.834242361227073 0.826797254864428 0.80777761317878 0.762206051650888 0.715255006823326 0.691433023819671 0.666858308813371 0.678405147174121 0.688817982555794 0.660910333311801 0.653834359840184 0.690551019478826 0.705776026700561 0.70490928643658 0.709064237967371 0.724728041357886 0.713398952883052 0.723453500923208 0.746178247850832 0.749718179392854 0.75417563203107 0.721005399163213 0.712444351216198 -9999 -9999 -9999 -9999 -9999 -9999 -9999 1.05236658739531 0.907021826457036 0.723222809767565 -9999 -9999 -9999 -9999 -9999 -9999 -9999 -9999 -9999 -9999 -9999 -9999 -9999 -9999 -9999 -9999 -9999 -9999 -9999 -9999 -9999 -9999 -9999 -9999 -9999 -9999 -9999
0.816903966944513 0.768485683986769 0.780312405116563 0.827106500761198 0.835523577413454 0.778637988783132 0.724101433105394 0.718226359093138 0.742950035098433 0.746214064177836 0.740514807234407 0.715320558629201 0.67014212330119 0.672871520530301 0.721646501892693 0.744302100713046 0.751989984049839 0.769290052488115 0.830598203323556 0.767256316519221 0.779025369290041 0.784673943575066 0.760854084856108 -9999 -9999 -9999 -9999 -9999 -9999 -9999 -9999 -9999 -9999 1.05251451618986 0.950277939029585 -9999 -9999 -9999 -9999 -9999 -9999 -9999 -9999 -9999 -9999 -9999 -9999 -9999 -9999 -9999 -9999 -9999 -9999 -9999 -9999 -9999 -9999 -9999 -9999 -9999 -9999 -9999 -9999
0.840107704024633 0.842935972009416 0.793826809606466 0.787733919977758 0.829784323000851 0.793034015645384 0.756135057262312 0.766582558445389 0.811363139554669 0.821368582553533 0.815195865662658 0.77619598085606 0.708623784562402 0.699247618564873 0.731101574067522 0.756008159614454 0.77293306686743 0.775138247059239 0.776389298122256 -9999 -9999 -9999 -9999 -9999 -9999 -9999 -9999 -9999 -9999 -9999 -9999 -9999 -9999 -9999 0.969384711054374 -9999 -9999 -9999 -9999 -9999 -9999 -9999 -9999 -9999 -9999 -9999 -9999 -9999 -9999 -9999 -9999 -9999 -9999 -9999 -9999 -9999 -9999 -9999 -9999 -9999 -9999 -9999 -9999
0.865717793531169 0.833008002160385 0.833037779440484 0.790438711026903 0.799899993813332 0.802549095654727 0.827968070583859 0.863020637561735 0.855742821534799 0.840234075679086 0.837897613696542 0.813577776864913 0.720860907906407 0.716818768019462 0.74666330298039 0.756043192643414 0.772230451769933 -9999 -9999 -9999 -9999 -9999 -9999 -9999 -9999 -9999 -9999 -9999 -9999 -9999 -9999 -9999 -9999 -9999 -9999 -9999 -9999 -9999 -9999 -9999 -9999 -9999 -9999 -9999 -9999 -9999 -9999 -9999 -9999 -9999 -9999 -9999 -9999 -9999 -9999 -9999 -9999 -9999 -9999 -9999 -9999 -9999 -9999
0.874789682755648 0.835770820966 0.85786380715716 0.87152044115695 0.826184412491147 0.796068952103947 0.847726487604726 0.931330150905005 -9999 -9999 -9999 -9999 0.648472439799042 0.689972023265828 0.709070333762343 -9999 -9999 -9999 -9999 -9999 -9999 -9999 -9999 -9999 -9999 -9999 -9999 -9999 -9999 -9999 -9999 -9999 -9999 -9999 -9999 -9999 -9999 -9999 -9999 -9999 -9999 -9999 -9999 -9999 -9999 -9999 -9999 -9999 -9999 -9999 -9999 -9999 -9999 -9999 -9999 -9999 -9999 -9999 -9999 -9999 -9999 -9999 -9999
0.863781809755093 0.842163507059259 0.865722515808688 0.854260247948844 0.830038993563583 0.795487995565984 0.812646284911853 -9999 -9999 -9999 -9999 -9999 -9999 0.625764915174251 0.65038376898077 -9999 -9999 -9999 -9999 -9999 -9999 -9999 -9999 -9999 -9999 -9999 -9999 -9999 -9999 -9999 -9999 -9999 -9999 -9999 -9999 -9999 -9999 -9999 -9999 -9999 -9999 -9999 -9999 -9999 -9999 -9999 -9999 -9999 -9999 -9999 -9999 -9999 -9999 -9999 -9999 -9999 -9999 -9999 -9999 -9999 -9999 -9999 -9999
