2050_A1B_MR/PREC.asc
NCOLS 720 
NROWS 360 
XLLCORNER -180 
YLLCORNER -90 
CELLSIZE 0.5 
NODATA_value -9999 
[rows 28 to 55 of 360, columns 64 to 127 of 720]
-9999 -9999 -9999 -9999 -9999 -9999 -9999 -9999 -9999 -9999 -9999 -9999 -9999 -9999 -9999 -9999 -9999 -9999 -9999 -9999 -9999 -9999 -9999 -9999 -9999 -9999 -9999 -9999 -9999 -9999 -9999 -9999 -9999 -9999 -9999 -9999 -9999 -9999 -9999 -9999 -9999 -9999 -9999 -9999 -9999 -9999 -9999 -9999 -9999 -9999 -9999 109 -9999 118 120.25 124.75 129.5 129.937499995625 130.671875002066 127.765625004254 123.75 132.5 128.749999987846 130.578124996962
-9999 -9999 -9999 -9999 -9999 -9999 -9999 -9999 -9999 -9999 -9999 -9999 -9999 -9999 -9999 -9999 -9999 -9999 -9999 -9999 -9999 -9999 -9999 -9999 -9999 -9999 -9999 -9999 -9999 -9999 -9999 -9999 -9999 -9999 -9999 -9999 -9999 -9999 -9999 -9999 -9999 -9999 -9999 -9999 -9999 -9999 -9999 -9999 -9999 -9999 -9999 -9999 -9999 -9999 -9999 -9999 -9999 -9999 129.875 126.125 131.031250001698 135.874999991265 139.10937498532 133.624999995147
-9999 -9999 -9999 -9999 -9999 -9999 -9999 -9999 -9999 -9999 -9999 -9999 -9999 -9999 -9999 -9999 -9999 -9999 -9999 -9999 -9999 -9999 -9999 -9999 -9999 -9999 -9999 -9999 -9999 -9999 -9999 -9999 -9999 -9999 -9999 -9999 -9999 -9999 -9999 -9999 -9999 -9999 -9999 -9999 -9999 -9999 -9999 120.375 124.25 126.5 130.25 134 135 137.875 -9999 -9999 -9999 -9999 -9999 -9999 -9999 -9999 -9999 -9999
-9999 -9999 -9999 -9999 -9999 -9999 -9999 -9999 -9999 -9999 -9999 -9999 -9999 -9999 -9999 -9999 -9999 -9999 -9999 -9999 -9999 -9999 -9999 -9999 -9999 -9999 -9999 -9999 -9999 -9999 -9999 -9999 -9999 -9999 -9999 -9999 -9999 -9999 -9999 -9999 -9999 -9999 -9999 -9999 -9999 -9999 120 121.218749997824 125.703124996253 129.078124993352 133.99999999033 138.171874989242 139.921874987308 140.640624992868 143.21874998767 144.8125 144.166666666667 146.166666666667 141.125 150.875 155.5625 153.875 144 -9999
-9999 -9999 -9999 -9999 -9999 -9999 -9999 -9999 -9999 -9999 -9999 -9999 -9999 -9999 -9999 -9999 -9999 -9999 -9999 -9999 -9999 -9999 -9999 -9999 -9999 -9999 -9999 -9999 -9999 -9999 -9999 -9999 -9999 -9999 -9999 -9999 -9999 -9999 -9999 -9999 -9999 -9999 -9999 -9999 -9999 -9999 -9999 125.281249992036 129.937499988899 136.406249990589 141.312499995174 143.843749997345 146.281249995415 149.796874997225 150.984374992881 153.093749989623 152.296874992398 156.703124985883 165.734374993364 166.531249993002 165.250000001448 157.328125004706 147.437499991795 144.578124993605
-9999 -9999 -9999 -9999 -9999 -9999 -9999 -9999 -9999 -9999 -9999 -9999 -9999 -9999 -9999 -9999 -9999 -9999 -9999 -9999 -9999 -9999 -9999 -9999 -9999 -9999 -9999 -9999 -9999 -9999 -9999 -9999 -9999 -9999 -9999 -9999 -9999 -9999 -9999 -9999 -9999 -9999 -9999 -9999 -9999 -9999 127.624999999037 132.968749988197 138.843749988197 141.984374995062 146.37499999181 149.328124988558 151.390624991449 155.468749988197 159.374999985547 160.781249990605 160.265624987113 163.26562499723 163.109375013369 163.203125015537 162.765625004938 156.671874996989 151.328124998193 146.03125000265
-9999 -9999 -9999 -9999 -9999 -9999 -9999 -9999 -9999 -9999 -9999 -9999 -9999 -9999 -9999 -9999 -9999 -9999 -9999 -9999 -9999 -9999 -9999 -9999 -9999 -9999 -9999 -9999 -9999 -9999 -9999 -9999 -9999 -9999 -9999 -9999 -9999 -9999 -9999 -9999 -9999 -9999 -9999 -9999 -9999 136.5 136.281249985814 141.203124989781 145.562499986535 150.718749990142 154.624999989901 158.984374989541 160.171874989541 161.999999987016 165.765624993628 168.24999999471 169.203124996033 171.078125013345 166.562499997435 164.687499987336 161.124999974994 158.453124979682 155.124999984611 153.718749988218
-9999 -9999 -9999 -9999 -9999 -9999 -9999 -9999 -9999 -9999 -9999 -9999 -9999 -9999 -9999 -9999 -9999 -9999 -9999 -9999 -9999 -9999 -9999 -9999 -9999 -9999 -9999 -9999 -9999 -9999 -9999 -9999 -9999 -9999 -9999 -9999 -9999 -9999 -9999 -9999 -9999 -9999 -9999 -9999 138.46874999688 142.499999984639 146.828124987159 151.468749983919 155.54687498788 160.281249985359 163.578124987159 167.374999988959 168.09374999016 169.92187499268 171.39062499196 169.04687500324 171.87499999712 165.875 167.28124999928 169.34375000072 171.01562499964 170.31249998992 168.296874981639 163.796874985959
-9999 -9999 -9999 -9999 -9999 -9999 -9999 -9999 -9999 -9999 -9999 -9999 -9999 -9999 -9999 -9999 -9999 -9999 -9999 -9999 -9999 -9999 -9999 -9999 -9999 -9999 -9999 -9999 -9999 -9999 -9999 -9999 -9999 -9999 -9999 -9999 -9999 -9999 -9999 -9999 -9999 -9999 -9999 -9999 -9999 146 150.958333333333 158.833333333333 165.718749990657 170.171874995328 174.515624989339 177.328124990776 176.34375000024 177.468749991615 179.499999993292 176.703124996766 -9999 169 175.593750006469 182.437500008625 182.359375013057 183.906250004073 182.453124993172 179.562500013895
-9999 -9999 -9999 -9999 -9999 -9999 -9999 -9999 -9999 -9999 -9999 -9999 -9999 -9999 -9999 -9999 -9999 -9999 -9999 -9999 -9999 -9999 -9999 -9999 -9999 -9999 -9999 -9999 -9999 -9999 -9999 -9999 -9999 -9999 -9999 -9999 -9999 -9999 -9999 -9999 -9999 -9999 -9999 -9999 -9999 -9999 -9999 -9999 170.218749997848 180.249999978956 183.140624988641 182.953124994859 176.25 180.75 182.125 -9999 -9999 -9999 -9999 181.093749993543 186.249999977043 184.703124993902 183.578125003946 180.828124982902
-9999 -9999 -9999 -9999 -9999 -9999 -9999 -9999 -9999 -9999 -9999 -9999 -9999 -9999 -9999 -9999 -9999 -9999 -9999 -9999 -9999 -9999 -9999 -9999 -9999 -9999 -9999 -9999 -9999 -9999 -9999 -9999 -9999 -9999 -9999 -9999 -9999 -9999 -9999 -9999 141.75 -9999 -9999 -9999 -9999 -9999 -9999 -9999 -9999 -9999 -9999 -9999 -9999 -9999 -9999 -9999 -9999 -9999 -9999 188 192.5156250037 195.609375021602 198.031250036998 195.171875045949
185.375 183.5 179.5 173.125 170.75 -9999 -9999 164 162.875 162.875 163 -9999 -9999 -9999 -9999 -9999 -9999 -9999 -9999 -9999 -9999 -9999 -9999 -9999 -9999 -9999 -9999 -9999 -9999 -9999 -9999 -9999 -9999 -9999 145.125 142.5 135 -9999 -9999 139.260416656422 145.312499990946 154.374999997141 -9999 -9999 -9999 183 183 -9999 -9999 -9999 -9999 -9999 -9999 -9999 -9999 -9999 -9999 -9999 -9999 -9999 -9999 191.906249987849 198.312499962355 194.281249956399
199.54687497491 194.390624979904 186.562499979547 181.453124984185 175.187499983828 170.968749987395 168.609374996314 167.953124998454 167.749999994768 166.953124990844 167.609374991557 168.874999991914 170.109374991557 173.953124997979 177.5 179.9375 188.104166666667 198.916666666667 -9999 -9999 -9999 -9999 -9999 -9999 -9999 201.25 192.583333327942 183.395833327943 181.125 178.875 163.5781249956 164.890624995601 159.718749983114 156.859374983471 153.286458311652 148.364583307728 147.249999980023 146.828124986087 144.453124978001 150.359374979666 157.156249981212 164.046874977288 173.999999985255 191.0625 195 190.124999991438 190.671874982996 195.687499990487 208.5 204.937499987157 203.140624976099 205.203124971818 207.734374972531 205.343749976455 212 209.375 -9999 -9999 -9999 -9999 -9999 192 198.3854166761 205.088541670749
219.187499975312 210.93749997816 201.281249983146 193.499999985282 185.734374989436 179.968749989792 174.890624987775 173.95312498635 173.890624989674 172.671874994659 173.843749992641 176.234374989436 179.203124985401 181.218749983621 184.765624981603 190.156249974125 197.682291642414 207.557291644788 220.249999985757 235.625 245.5 -9999 -9999 231 217.984374995608 207.484374984214 202.755208312958 199.895833296934 194.859374965223 188.671874975193 179.984374962849 179.328124967834 178.749999968665 175.890624968309 173.020833305005 168.098958308922 165.296874974244 165.156249967478 165.874999967716 169.437499971989 176.093749970802 182.421874976143 187.781249979822 196.359374986588 201.140624984451 204.703124971633 208.390624972107 212.140624967834 216.843749978873 218.906249977448 222.312499975312 226.484374974244 229.249999972938 227.984374966173 224.749999967716 226.343749957033 231.8125 221.3125 211.625 206.75 -9999 -9999 194.666666666667 203.479166666667
237.796874975002 225.703124979978 212.859374988271 200.812499990048 191.20312499609 183.468749996446 178.562499994787 177.062499997631 177.03124999692 178.296874994432 181.562499995261 184.984374992062 189.10937498685 194.359374982585 200.70312497903 208.156249973699 217.546874970737 227.999999975358 238.078124974765 247.968749975121 257.843749976543 263.937499981518 259.890624979978 249.343749972751 236.671874967894 226.546874975002 223.015624969553 229.156249957113 233.249999945029 226.640624941119 216.453124951071 211.109374961733 206.031249965169 200.921874968368 195.999999971567 192.812499972988 190.140624971922 189.156249972277 188.406249972277 190.703124974766 195.437499970619 200.453124973818 207.312499980097 213.312499978675 218.234374979267 221.281249976069 226.671874979267 230.328124975713 233.374999981518 237.078124980452 238.281249981755 239.45312498993 241.546874990167 240.187499987679 240.281249986494 250.874999985783 259.046874991589 261.671874978793 238.874999965406 224.249999971093 219.578124971448 215.921874963629 215.046874953677 221.187499961141
256.359374978123 239.484374985218 223.359374985218 207.656249992668 194.859374994678 186.421874996097 181.328124998226 179.124999997162 179.468749996925 184.109374990895 187.46874998983 192.859374988056 201.01562498309 210.624999976349 219.640624973156 230.468749969963 241.359374969135 250.828124967007 260.062499969727 268.265624973629 274.624999981079 277.343749984627 277.140624976467 273.390624966534 265.49999995932 252.984374958255 252.218749956719 265.390624951397 275.15624994915 269.109374951633 253.578124955181 241.765624960857 232.656249967598 225.296874970081 220.046874967716 216.859374966297 213.34374996949 211.093749972328 210.718749971382 213.296874968189 218.218749971855 222.1093749715 226.484374971501 231.078124976467 235.57812497694 239.046874979069 242.796874980015 247.578124980724 249.171874978596 251.187499983917 252.671874981907 251.734374979069 250.124999988174 248.203124992077 250.078124988766 262.078124985928 269.35937498238 268.328125004375 245.85937501691 235.734374999882 232.093749996925 236.171874985218 242.937499975876 254.140624955654
276.031249982766 254.421874985953 234.249999985836 217.23437498973 198.531249992209 189.624999997167 183.999999993862 184.046874989259 185.562499990557 190.953124992328 198.546874990203 206.187499987724 213.203124980052 222.906249976157 237.76562497958 251.640624976747 265.031249972852 273.281249974268 281.281249973796 289.062499971672 294.921874968012 296.421874963763 299.624999962701 300.609374968012 302.59374995491 307.421874924103 313.890624906398 313.562499942871 308.390624961166 299.953124969664 283.359374962819 270.515624969192 258.59374996813 251.421874968484 245.656249970491 242.984374965179 239.624999964117 238.593749963409 239.312499964117 240.390624965888 244.437499965534 247.249999968366 249.249999968839 251.312499968839 254.515624974858 256.531249975213 257.624999975921 259.921874979816 261.515624982413 261.515624986662 260.906249983239 261.984374985009 262.35937498076 261.656249988905 261.421874994452 265.125000000472 268.562500002361 262.937499974032 256.515624956917 255.71874996152 255.609374966124 253.218749950189 252.640624946058 260.515624947474
288.546874985744 265.249999986804 245.640624985508 226.515624986922 207.906249984212 196.187499986333 192.156249985626 194.031249985626 197.328124979853 200.328124984095 207.546874987158 217.296874984331 228.765624980796 239.171874982917 253.515624980796 267.671874982917 279.984374989514 288.937499986334 299.328124980796 310.203124975141 319.015624971371 324.171874966422 326.437499969839 326.156249967718 334.796874964066 354.531249957351 368.03124995735 352.937499958057 336.562499967954 323.484374971135 310.124999969839 295.453124968071 285.218749964891 278.890624962416 273.031249960649 269.515624968072 268.593749963006 268.265624961945 268.328124962888 268.140624964302 271.531249966305 273.781249964891 274.374999967954 276.296874968307 276.874999968896 279.171874967836 277.359374974434 276.984374977261 277.07812497844 274.54687498056 275.906249979029 274.031249984684 275.296874986687 270.796874988101 267.374999990575 266.85937499517 267.625 267.625000014138 266.359375018262 263.031250020029 270.328124996819 281.296874979147 287.281249966776 288.124999983034
300.874999983536 281.468749974363 263.671874971894 243.14062497401 222.046874975186 207.656249979067 203.828124979655 205.187499982125 208.109374986476 212.609374982243 218.499999979303 228.859374981773 240.031249971541 249.687499970836 263.812499980714 278.390624990945 293.281249977186 307.999999976481 319.359374973776 330.656249974834 339.71874998189 344.171874980831 349.609374980831 348.999999979773 357.937499990592 374.062499996237 378.390624998001 370.890624988122 357.968749979067 344.421874973775 331.281249975774 318.671874970482 308.937499967072 301.999999965661 296.609374963427 295.249999962368 296.296874962957 297.93749996472 298.328124966484 297.015624966484 297.015624968836 296.92187496672 298.609374973776 297.531249974834 299.734374974716 297.999999975069 297.828124981067 295.343749978597 292.593749984242 290.624999989181 290.765624998001 286.406249996942 282.562499993414 276.562499986359 274.046874987417 268.515624983889 266.921874977539 269.218749974364 270.796874986476 270.796875006233 276.968750032222 288.312500028694 291.390625015876 297.437500005645
315.687499979341 303.31249997089 286.921874969833 264.703124971946 243.890624970068 229.078124967251 223.140624971946 222.531249974411 221.046874981102 224.984374986736 232.609374985328 242.968749982863 259.531249979576 269.328124979928 277.499999984976 288.562499983567 306.921874988614 324.593749981924 340.499999973238 351.515624972886 357.48437497359 361.65624997535 364.281249982393 365.781249978167 367.59374998521 377.249999995775 381.484374994248 379.749999989671 372.171874985327 361.437499983567 349.984374977346 341.031249973472 333.453124971477 327.359374970772 324.546874966547 322.906249968308 323.531249968777 325.59374996596 326.921874961852 327.859374956217 325.515624959739 323.593749966429 321.484374968894 319.562499969951 321.671874970303 318.390624973824 313.578124979459 310.812499982628 305.390624983684 301.453124983684 298.54687498251 296.156249978637 290.953124985562 285.93749999014 282.624999991079 278.218749991783 275.546875000822 272.781250016668 272.343750009625 268.968749998357 269.84374998568 280.203124991666 289.609374988614 303.531249979107
325.687499977505 316.687499974693 300.609374995899 279.984374991681 260.48437498184 247.453124981137 241.234374968718 242.453124975045 236.656249983363 235.43749999672 239.437500002812 254.109374999649 269.515624998008 282.593749982895 289.124999992502 296.109374997774 319.281249996485 336.812499991565 355.999999977974 371.187499973756 378.859374979497 379.984374987932 379.562499995313 378.109374997774 380.171874993088 387.437500000469 388.796875004335 384.203125006444 379.421875001523 372.812499990627 364.953124989104 359.984374979965 355.234374971998 352.89062496989 352.765624961923 353.140624956299 354.531249956182 357.437499958291 357.968749959462 357.265624961923 353.234374965906 350.0468749645 348.140624965203 346.312499970475 345.859374972936 343.703124972233 336.671874968718 329.968749976802 321.078124980668 318.640624979262 313.015624987229 305.515624991447 299.187499988753 295.671874985589 293.406249972116 287.218749987581 283.406249984769 286.499999977036 280.968749966961 280.124999967664 286.046874985589 289.515624989104 297.015624985824 306.671874990744
347.343749968426 347.624999948078 329.484374932056 306.609374941879 287.296874951235 272.437499956497 256.04687499427 246.578125014617 237.03125001567 237.921874997077 244.265624985149 258.23437499006 279.124999978015 294.734374986786 296.71874998854 306.937499975208 327.109374983979 352.937499968193 376.76562497018 396.031249964216 397.18749997474 391.140624984213 380.781250001637 374.546875011109 375.156250019412 381.57812501415 381.296875014384 382.328124998246 377.593750003041 377.03124999883 374.37499998737 374.74999998316 376.09374997591 377.546874968543 384.40624995907 390.828124949598 396.718749938489 402.01562493042 403.015624928081 400.062499931238 390.312499941529 378.124999965385 371.437499976612 372.281249964684 370.984374964333 364.609374975559 358.562499976611 347.640624979067 336.734374980237 330.218749991814 322.71874998854 315.781249982926 309.499999985499 308.656249981991 303.95312500152 297.624999986435 299.953124973922 301.218749986201 293.57812500152 294.28124999696 294.999999992048 296.921874992399 302.921874999415 308.218750005379
377.859374972104 400.593749977356 378.312499977122 347.468749975021 325.437499961248 307.39062494479 282.156249954478 261.671874973036 244.046874980041 237.859374989845 235.124999981325 245.99999999253 266.34375001284 303.984375048207 314.015624991479 314.718749976422 328.26562497794 348.281249986694 385.062500011206 414.734375016458 406.93750001494 394.609375021593 376.656250019376 365.125000017275 361.140625009688 364.937500003735 374.156250005836 377.343749997432 382.656249996965 384.06249998646 385.453124990546 389.343749990896 395.15624998576 402.093749978757 415.187499969652 425.734374959498 435.937499957513 443.437499953311 451.937499939305 459.390624942456 454.796874947825 436.328124923314 417.687499926232 404.890624937787 400.21874994374 388.640624962999 376.17187497117 368.484374962766 355.640624974671 344.718749983425 337.109374989845 328.578124989145 320.26562498541 314.687499979457 314.093749980624 318.453124981675 328.499999983659 331.171875012723 311.99999997899 300.703124975138 298.609374990312 301.843750003969 304.07812499895 305.249999998599
384.187500012117 389.765625049515 377.703125024349 361.906249989048 367.156249934991 370.624999897941 323.312499943145 286.374999965513 259.796874980777 248.124999984621 243.890624996854 247.593750003495 265.359374989631 284.437500000467 305.296875030175 317.250000017243 339.234374994758 364.734374972389 391.95312497169 418.249999974835 404.781249990446 380.218750014213 361.09375001934 355.468750006757 356.593750001631 362.078125003379 374.343749993709 382.453124989864 388.093749989515 391.890624994058 393.093749990447 395.999999992544 404.906249989981 418.593749980195 434.734374981709 453.156249972272 467.859374963068 483.796874946292 493.421874957476 498.484374960272 497.828124945126 486.953124950718 469.624999944543 450.359374949087 434.296874971456 417.374999965514 399.42187497099 390.609374982175 381.656249960621 361.031249976 351.828124973553 344.421874971456 334.234374979845 330.062499982291 327.499999986019 331.859374984971 334.406250001631 328.781249993243 324.656249989515 321.234374973786 312.624999974835 305.312499987417 308.718749989514 306.796874997553
369.156249979766 346.656249999302 330.531250028141 322.281250054654 331.203125079888 342.640625125937 338.531250093725 319.593750008605 300.437499946509 275.312499945113 257.531249977441 253.03124999279 262.249999992093 278.843749977441 296.328124973371 316.812499995349 337.812500003721 350.75000003163 373.625000049305 389.60937506291 385.968750047677 362.81250001907 346.984375012675 346.093750013722 350.343750012791 359.015625002675 374.374999993023 389.890624990581 399.968749991395 399.359374998721 395.12499999907 396.671875004303 407.906250003489 425.156249992326 450.093749985814 475.874999972558 499.578124955231 523.671874951742 539.828124947323 547.187499946974 543.171874932671 539.843749949067 519.078124956625 490.859374951742 470.546874961509 448.328124959416 423.812499960928 404.359374971743 389.562499983255 381.734374968952 368.20312497058 360.843749979301 354.203124975231 346.562499981859 339.54687498058 339.968749978836 342.624999991627 343.562500008373 337.515625018954 323.31250000186 320.015624996628 311.812499980929 306.468749997442 307.781249994651
390.062499968429 351.812499987928 318.203125002437 297.015625008008 291.453125018687 290.375000003714 300.98437499942 316.499999999072 322.937499997679 316.374999953109 292.921874934886 276.187499949859 278.656249967269 305.234374957172 321.874999963323 330.687499970287 335.375000002321 335.3750000065 339.875000034356 342.218750054551 339.093750068479 329.578125063256 326.218750038766 326.73437503424 330.281250036909 349.640625020545 374.515625006616 397.062499991644 404.374999997679 401.656249995589 393.484375004991 390.390625011259 405.18750000325 429.468749996983 461.390624986189 496.312499976788 531.546874965529 561.406249954735 584.734374941386 595.468749933378 593.656249942199 582.312499945681 556.765624949975 530.374999950323 507.671874946493 481.234374959028 456.109374959028 430.609374963207 405.546874977135 397.156249992804 386.765624983402 378.703124976438 370.937499983286 364.703124973188 355.015624981081 351.499999992572 344.546875003598 334.796875013348 330.343749998839 326.265624990831 323.531249994661 320.671874997098 312.328124988045 306.890625007544
413.437499957831 374.531249964086 330.171874968141 304.718749966403 290.781249962233 296.218749978916 330.640624953082 366.640624922498 400.249999896663 384.49999987581 371.390624848818 357.328124846038 357.140624845112 376.265624864574 377.843749884383 367.671874923656 342.515624933155 325.124999973123 306.078125024444 299.703125049467 301.125000056997 304.03125003962 308.218750025255 312.718750023865 325.218750019231 348.23437502931 374.578125042516 398.812500008805 415.437500005561 409.81250000139 389.28125001784 380.187500011585 397.281250001622 428.687500003708 467.890624984593 511.671874972777 556.515624974862 595.046874961655 626.765624951228 642.937499950881 635.437499963855 616.640624969764 587.484374966751 564.515624966056 532.406249969647 504.374999960611 478.906249958526 450.687499967562 427.562499967562 407.265624977641 401.656249981233 395.515624979495 382.749999986098 373.281249984013 364.281249980306 353.828124964666 345.937499953197 338.437499960148 328.999999989805 325.343750007183 325.156250004866 327.359375002433 320.718749990037 312.187499986562
462.562499920909 416.062499933396 367.999999938485 355.624999907959 337.187499923222 319.140624964502 370.765624947852 436.578124904839 472.812499924148 487.71874986934 499.921874833841 494.859374814416 485.812499837194 482.85937487223 478.99999986587 443.374999889457 394.781249937791 335.343750001617 293.140625007516 274.671875012372 269.390625021391 274.687500032839 283.09375003677 300.531250006244 313.968750008557 330.375000014801 354.421875007285 384.000000027752 404.984375020235 398.234375027172 365.515625040817 360.218750037695 388.984375018848 431.35937498971 480.640624983928 530.046874981848 579.390624968665 624.953124964503 664.07812495664 679.265624959414 660.609374973983 633.796874987859 607.781249983118 582.140624990403 552.703124980227 527.765624981615 502.859374982308 476.609374968433 450.999999974561 426.203124975602 415.390624984853 407.703124990403 397.328124977915 388.984374977221 383.499999972249 388.656249949355 389.249999939873 380.765624935363 367.0156249164 340.156249956292 322.953125000578 322.765625008903 325.312499998612 323.812499984737
