2050_A1B_MR/PREC.asc
NCOLS 720 
NROWS 360 
XLLCORNER -180 
YLLCORNER -90 
CELLSIZE 0.5 
NODATA_value -9999 
[rows 0 to 27 of 360, columns 256 to 319 of 720]
-9999 -9999 -9999 -9999 -9999 -9999 -9999 -9999 -9999 -9999 -9999 -9999 -9999 -9999 -9999 -9999 -9999 -9999 -9999 -9999 -9999 -9999 -9999 -9999 -9999 -9999 -9999 -9999 -9999 -9999 -9999 -9999 -9999 -9999 -9999 -9999 -9999 -9999 -9999 -9999 -9999 -9999 -9999 -9999 -9999 -9999 -9999 -9999 -9999 -9999 -9999 -9999 -9999 -9999 -9999 -9999 -9999 -9999 -9999 -9999 -9999 -9999 -9999 -9999
-9999 -9999 -9999 -9999 -9999 -9999 -9999 -9999 -9999 -9999 -9999 -9999 -9999 -9999 -9999 -9999 -9999 -9999 -9999 -9999 -9999 -9999 -9999 -9999 -9999 -9999 -9999 -9999 -9999 -9999 -9999 -9999 -9999 -9999 -9999 -9999 -9999 -9999 -9999 -9999 -9999 -9999 -9999 -9999 -9999 -9999 -9999 -9999 -9999 -9999 -9999 -9999 -9999 -9999 -9999 -9999 -9999 -9999 -9999 -9999 -9999 -9999 -9999 -9999
-9999 -9999 -9999 -9999 -9999 -9999 -9999 -9999 -9999 -9999 -9999 -9999 -9999 -9999 -9999 -9999 -9999 -9999 -9999 -9999 -9999 -9999 -9999 -9999 -9999 -9999 -9999 -9999 -9999 -9999 -9999 -9999 -9999 -9999 -9999 -9999 -9999 -9999 -9999 -9999 -9999 -9999 -9999 -9999 -9999 -9999 -9999 -9999 -9999 -9999 -9999 -9999 -9999 -9999 -9999 -9999 -9999 -9999 -9999 -9999 -9999 -9999 -9999 -9999
-9999 -9999 -9999 -9999 -9999 -9999 -9999 -9999 -9999 -9999 -9999 -9999 -9999 -9999 -9999 -9999 -9999 -9999 -9999 -9999 -9999 -9999 -9999 -9999 -9999 -9999 -9999 -9999 -9999 -9999 -9999 -9999 -9999 -9999 -9999 -9999 -9999 -9999 -9999 -9999 -9999 -9999 -9999 -9999 -9999 -9999 -9999 -9999 -9999 -9999 -9999 -9999 -9999 -9999 -9999 -9999 -9999 -9999 -9999 -9999 -9999 -9999 -9999 -9999
-9999 -9999 -9999 -9999 -9999 -9999 -9999 -9999 -9999 -9999 -9999 -9999 -9999 -9999 -9999 -9999 -9999 -9999 -9999 -9999 -9999 -9999 -9999 -9999 -9999 -9999 -9999 -9999 -9999 -9999 -9999 -9999 -9999 -9999 -9999 -9999 -9999 -9999 -9999 -9999 -9999 -9999 -9999 -9999 -9999 -9999 -9999 -9999 -9999 -9999 -9999 -9999 -9999 -9999 -9999 -9999 -9999 -9999 -9999 -9999 -9999 -9999 -9999 -9999
-9999 -9999 -9999 -9999 -9999 -9999 -9999 -9999 -9999 -9999 -9999 -9999 -9999 -9999 -9999 -9999 -9999 -9999 -9999 -9999 -9999 -9999 -9999 -9999 -9999 -9999 -9999 -9999 -9999 -9999 -9999 -9999 -9999 -9999 -9999 -9999 -9999 -9999 -9999 -9999 -9999 -9999 -9999 -9999 -9999 -9999 -9999 -9999 -9999 -9999 -9999 -9999 -9999 -9999 -9999 -9999 -9999 -9999 -9999 -9999 -9999 -9999 -9999 -9999
-9999 -9999 -9999 -9999 -9999 -9999 -9999 -9999 -9999 -9999 -9999 -9999 -9999 -9999 -9999 -9999 -9999 -9999 -9999 -9999 -9999 -9999 -9999 -9999 -9999 -9999 -9999 -9999 -9999 -9999 -9999 -9999 -9999 -9999 -9999 -9999 -9999 -9999 -9999 -9999 -9999 -9999 -9999 -9999 -9999 -9999 -9999 -9999 -9999 -9999 -9999 -9999 -9999 -9999 -9999 -9999 -9999 -9999 -9999 -9999 -9999 -9999 -9999 -9999
-9999 -9999 -9999 -9999 -9999 -9999 -9999 -9999 -9999 -9999 -9999 -9999 -9999 -9999 -9999 -9999 -9999 -9999 -9999 -9999 -9999 -9999 -9999 -9999 -9999 -9999 -9999 -9999 -9999 -9999 -9999 -9999 -9999 -9999 -9999 -9999 -9999 -9999 -9999 -9999 -9999 -9999 -9999 -9999 -9999 -9999 -9999 -9999 -9999 -9999 -9999 -9999 -9999 -9999 -9999 -9999 -9999 -9999 -9999 -9999 -9999 -9999 -9999 -9999
-9999 -9999 -9999 -9999 -9999 -9999 -9999 -9999 -9999 -9999 -9999 -9999 -9999 -9999 -9999 -9999 -9999 -9999 -9999 -9999 -9999 -9999 -9999 -9999 -9999 -9999 -9999 -9999 -9999 -9999 -9999 -9999 -9999 -9999 -9999 -9999 -9999 -9999 -9999 -9999 -9999 -9999 -9999 -9999 -9999 -9999 -9999 -9999 -9999 -9999 -9999 -9999 -9999 -9999 -9999 -9999 -9999 -9999 -9999 -9999 -9999 -9999 -9999 -9999
-9999 -9999 -9999 -9999 -9999 -9999 -9999 -9999 -9999 -9999 -9999 -9999 -9999 -9999 -9999 -9999 -9999 -9999 -9999 -9999 -9999 -9999 -9999 -9999 -9999 -9999 -9999 -9999 -9999 -9999 -9999 -9999 -9999 -9999 -9999 -9999 -9999 -9999 -9999 -9999 -9999 -9999 -9999 -9999 -9999 -9999 -9999 -9999 -9999 -9999 -9999 -9999 -9999 -9999 -9999 -9999 -9999 -9999 -9999 -9999 -9999 -9999 -9999 -9999
-9999 -9999 -9999 -9999 -9999 -9999 -9999 -9999 -9999 -9999 -9999 -9999 -9999 -9999 -9999 -9999 -9999 -9999 -9999 -9999 -9999 -9999 -9999 -9999 -9999 -9999 -9999 -9999 -9999 -9999 -9999 -9999 -9999 -9999 -9999 -9999 -9999 -9999 -9999 -9999 -9999 -9999 -9999 -9999 -9999 -9999 -9999 -9999 -9999 -9999 -9999 -9999 -9999 -9999 -9999 -9999 -9999 -9999 -9999 -9999 -9999 -9999 -9999 -9999
-9999 -9999 -9999 -9999 -9999 -9999 -9999 -9999 -9999 -9999 -9999 -9999 -9999 -9999 -9999 -9999 -9999 -9999 -9999 -9999 -9999 -9999 -9999 -9999 -9999 -9999 -9999 -9999 -9999 -9999 -9999 -9999 -9999 -9999 -9999 -9999 -9999 -9999 -9999 -9999 -9999 -9999 -9999 -9999 -9999 -9999 -9999 -9999 -9999 -9999 -9999 -9999 -9999 -9999 -9999 -9999 -9999 -9999 -9999 -9999 -9999 -9999 -9999 -9999
-9999 -9999 -9999 -9999 -9999 -9999 -9999 -9999 -9999 -9999 -9999 -9999 -9999 -9999 -9999 -9999 -9999 -9999 -9999 -9999 -9999 -9999 -9999 -9999 -9999 -9999 -9999 -9999 -9999 -9999 -9999 -9999 -9999 -9999 -9999 -9999 -9999 -9999 -9999 -9999 -9999 -9999 -9999 -9999 -9999 -9999 -9999 -9999 -9999 -9999 -9999 -9999 -9999 -9999 -9999 -9999 -9999 -9999 -9999 -9999 -9999 -9999 -9999 -9999
-9999 -9999 -9999 -9999 -9999 -9999 -9999 -9999 -9999 -9999 -9999 165.125 167.625 192.750000000001 215.999999999999 186 189.3125 184.249999999999 180.8125 177.0625 186.625 207.875 233.9375 232.25 229.015624993634 210.453125004119 182.015624986645 183.093749984772 186.203125012107 184.51562498964 189.609374974912 195.249999957063 205.874999928105 215.95312490077 224.484374937466 241.093749908384 225.687499889161 205.531249994757 193.515624987643 222.343749973789 224.437499960557 211.54687498939 202.437500014479 204.312499944082 194.578124932723 189.703124935719 181.79687492798 159.531249985271 163.468749973788 169.890624951695 163.124999965051 168.187499951571 176.375 164.999999999999 151 -9999 -9999 -9999 -9999 -9999 -9999 -9999 -9999 -9999
-9999 -9999 165 166.5 167.375 168.875 184.874999988039 198.375000002991 192.249999999999 194.250000058812 194.640625054699 200.312500039373 189.98437493334 187.453124941563 194.515625000374 184.031249980811 182.031249999253 185.031250009718 179.98437498617 183.921874972713 196.765624966483 205.156249963866 190.609374965237 187.781249989285 196.921874922375 200.671874898452 197.48437492387 197.812499936206 202.765624941065 213.078124945551 231.749999974084 243.703124993895 233.687499934212 229.656249925988 220.843749920008 223.281249909542 256.062499974583 291.828125072142 243.87499993471 213.453124906675 212.078124904682 220.890624942062 239.078124965985 247.937500005981 256.156249997757 262.812499991029 251.453124955518 233.218749930474 225.328124918139 223.499999937202 222 214.968750051583 201.390625019312 181.984375035012 164.031250003239 156.671874984176 153.187499990531 153.32812499539 152.53124999676 152.687499998505 154 -9999 -9999 -9999
213.875 176.749999999998 167.937499992205 167.89062499631 168.218749997761 170.281249996269 183.328125016045 187.968750024627 185.687499988059 184.406249967412 178.890624987189 200.874999959204 203.29687503122 198.656250028607 196.765624993657 197.812499982587 196.374999962686 195.437499962686 205.20312494689 220.812499929352 230.937499942785 244.671874931218 253.984374866539 259.874999819399 284.999999843778 307.171874818777 304.312499792532 297.187499799995 299.656249801736 301.671874819274 305.999999828852 299.531249857956 309.5781248643 314.265624849374 310.328124842409 305.593749871887 312.546874875494 308.65624988333 301.999999910943 299.421874865047 299.546874863056 286.703124883205 283.609374915794 255.953124972759 259.999999992039 240.640625067788 254.453125036444 252.812500017413 246.937500024379 227.906250050995 197.343750065424 177.234375048633 175.093750050499 167.921875002363 166.328124990672 175.281249966417 163.968749980845 157.359374993905 154.49999999801 155.781249993283 157.374999991045 157.843749997761 -9999 -9999
211.609374928607 197.828124883164 198.34374988304 188.546874832755 195.171874851131 221.328124929353 263.437499996027 264.421874982245 266.124999982121 271.093749981376 263.921874956419 252.999999932953 224.562499864747 211.76562484724 211.374999857959 218.734374869507 237.156249879564 264.015624891111 302.546874914702 342.203124939286 378.328124969084 405.609374975789 432.624999974672 464.453124994414 487.078124998386 491.390624980507 486.453124950708 470.281249921281 449.374999899181 425.093749876086 398.828124843929 374.0781248186 380.124999874845 378.765624919916 374.921874962379 375.953124992923 350.484374949963 333.984375037869 332.875000167867 321.859375158055 279.890624941933 245.484374920329 257.781249909859 272.218749914329 275.828124916936 286.468749954558 297.3125 297.734375010057 290.812499986591 286.359375033896 265.062500070027 248.890624994413 255.406249969953 235.859374931587 243.781249939658 259.062499999999 208.546874880434 203.249999880802 193.515624800225 192.531249821456 173.281249931711 161.281249991308 -9999 166.25
284.593749878289 289.374999874571 293.171874866019 297.156249879776 299.234374873455 298.812499865647 300.656249905556 298.124999928609 296.265624938153 297.578124948564 300.812499945961 305.921874926998 308.156249913984 314.484374880892 317.687499860689 324.48437485065 331.609374870481 343.42187489874 361.515624929229 387.390624941128 420.656249918942 456.234374890312 493.421874864532 526.093749842594 554.906249822267 577.640624791406 589.953124775541 583.906249778143 561.968749802931 537.124999827472 509.406249863415 485.781249885725 466.515624896508 448.281249896136 430.609374890311 416.734374899235 399.09374992142 372.609374860068 346.140624797354 334.609374808509 339.546874900226 331.578124851889 333.9062498887 332.734374925511 327.484374946333 318.999999959347 312.499999959843 307.999999962817 301.359374985499 289.874999956868 280.624999888948 284.843749910514 288.593749942243 278.328124956 294.593749925883 282.734374937409 259.406249984879 257.343749975955 246.34375005974 218.359375109936 208.015624976326 179.046874961701 193.906249977443 211.062499881512
377.734374820476 384.531249814166 388.531249811197 386.281249808227 383.671874806124 381.093749813176 377.312499819857 372.859374828394 371.953124822703 374.578124818249 382.484374837798 390.874999842623 399.874999842128 407.656249838416 416.421874833838 431.609374833839 448.546874825425 467.015624824683 489.265624830127 516.312499854996 547.484374894711 580.953124950387 613.75 629.968750033406 634.578125039468 634.578125039468 633.765625046892 624.531250044293 607.578125025116 586.765624998391 569.031249973523 547.796874964986 528.937499959418 507.14062495385 491.296874936777 481.171874929353 468.484374939251 455.499999954469 440.687499979214 428.406249979956 424.031249973523 420.796874964986 418.45312495781 406.031249958181 390.65624996016 375.140624958305 364.781249966594 356.203124976616 334.640624953851 315.468749949767 300.859374961027 292.515624992947 281.531250017569 279.984375065451 282.390625098856 255.859375099597 233.34375003687 227.390624974142 228.656249873059 263.390624860811 283.874999893102 296.484374965481 297.312500103928 300.687499998515
505.046874843766 519.718749829316 528.453124819806 529.437499814248 525.656249819435 518.859374823511 507.765624836108 498.812499839443 494.859374853152 493.968749866861 493.671874868961 498.828124872666 508.812499870567 519.124999867603 531.828124861798 551.93749984883 576.60937483685 603.515624815361 630.828124796587 656.04687477658 673.109374774109 680.281249787818 679.796874825981 670.281249860439 659.937499893785 654.171874908976 644.265624925526 633.343749932566 623.703124932443 612.171874934666 597.953124950227 583.890624939853 565.17187494504 546.468749942446 531.796874956402 517.874999973816 497.687499983697 480.76562497888 456.999999977769 441.906249984438 432.32812500457 426.421875020131 421.687500033593 410.531250029888 395.062500028159 380.953125026306 372.796875012227 365.484374998888 355.171874991972 341.624999981227 326.45312497147 307.140624968506 287.296874967271 266.062499971346 250.093749986414 235.37499995455 236.812499954056 238.453124996665 248.062500075585 264.937500134868 272.203125137461 270.187500103745 268.249999972829 318.874999953564
537.750000008384 549.656250007644 557.859375004562 563.203124997904 565.374999982247 565.093749963754 566.296874948343 566.484374935028 566.281249914932 571.624999897919 582.343749891261 594.062499883125 608.234374892124 623.046874899522 634.281249900138 649.187499908275 663.124999914686 679.859374923193 698.609374935521 714.078124954015 725.187499964987 733.484374960179 738.062499951672 739.984374936507 741.015624918014 744.249999911727 748.140624906672 751.374999892987 756.765624883001 762.578124883001 763.12499987622 754.124999858467 747.671874855138 737.406249839973 721.23437481322 704.5937497877 678.671874765385 643.374999734686 595.218749694495 559.781249676741 535.515624672427 509.92187466429 477.937499682413 446.765624740481 419.890624788316 398.328124832699 387.640624857357 381.031249890275 376.015624907165 371.281249916411 366.812499924548 358.984374925658 348.24999991074 334.84374988337 319.109374863521 306.874999862412 300.765624879056 299.828124917521 294.234374952288 280.500000020712 280.406250053014 293.859375106643 265.562500077423 218.218750020464
559.734374933913 572.203124933175 584.156249926406 594.281249920499 603.343749918037 608.406249922468 616.312499920252 627.328124905115 639.828124891824 650.093749895885 662.218749898839 675.4843749029 689.843749893424 701.562499894162 715.046874887639 726.718749888009 740.79687488124 754.999999879394 766.203124886901 775.062499885794 782.093749885547 791.515624887393 799.468749887024 804.765624893301 810.624999899085 815.4062499013 819.484374905853 822.296874920621 825.249999936989 828.109374944743 828.890624950896 829.17187494425 827.171874935882 823.515624933666 815.406249939204 808.749999938466 798.624999919268 785.265624892315 764.765624859826 745.218749835827 725.124999829182 707.828124815521 679.453124787954 635.906249762478 594.781249752141 556.20312475251 532.390624762356 509.749999771586 490.249999792754 474.406249812691 457.984374835951 438.906249864379 427.515624880993 414.812499906468 407.046874905361 399.171874895023 387.249999893669 370.984374895515 348.421874905361 308.531249905729 273.093749966279 243.093750026828 216.765625050827 203.312500018706
641.874999893366 646.140624905529 650.765624918305 656.671874927887 663.015624936487 668.593749939804 677.234374941646 687.781249947175 698.328124950246 710.749999957249 722.515624952703 734.515624948281 747.093749942261 759.515624931573 776.874999935627 794.312499941524 810.328124945332 823.453124955652 833.68749995774 842.031249959951 847.718749954546 852.359374951966 856.703124951229 858.812499955283 861.5624999543 865.078124956143 869.062499955774 874.546874962777 878.656249954054 880.015624940418 877.953124938452 872.984374949509 868.156249959951 862.718749959951 856.84374995602 852.624999965602 843.515624970884 834.796874973096 827.031249974202 815.921874984889 797.531249987469 777.937499982309 759.093749989435 723.32812499791 681.249999995085 646.093749984029 625.89062497285 603.906249964373 584.328124968919 565.76562496597 544.046874968182 523.328124976289 507.421874970639 493.453124974324 482.953124996437 472.546875025184 451.734375057616 423.468750035134 370.531250051841 298.671875084642 251.046875063513 210.265624999385 194.296874962776 180.75
686.687499989209 687.578124985897 690.515624977559 691.49999998087 696.390624976087 702.390624971672 709.29687497437 718.578124972163 732.781249959532 746.749999948496 763.156249940892 778.812499935742 793.406249936478 807.234374943468 818.499999955363 829.187499967135 839.249999978908 849.140624977068 858.01562497854 867.343749973757 874.812499974493 880.437499974493 885.484374973389 887.45312496971 889.453124972653 890.999999975964 892.3593749832 896.578124979521 901.812499985284 905.984374991539 905.421874989576 900.734374977804 894.406249971304 892.484374962107 887.734374963088 878.171874967503 867.140624967257 855.609374972408 847.046874973389 830.312499977435 809.765624980502 793.40624997719 768.562499985774 728.437499988717 689.031249984548 659.078124981973 640.468749988963 622.843749986019 604.765624977558 583.953124986387 557.312499997057 535.609374991538 515.437500008338 488.250000039241 459.046875066098 456.656250016433 451.031249944325 397.593750032618 326.609375063153 247.578125049173 216.968750025752 201.781250022809 211.875 -9999
690.453124990085 694.109374995226 698.171874997674 704.171874991799 713.265624981271 724.23437497613 736.390624973437 751.718749972336 768.296874971723 783.85937497613 798.046874980047 810.562499981884 822.968749977721 833.281249976253 844.17187497564 852.796874972703 863.093749973315 872.32812497001 880.921874967806 890.203124964134 900.359374963399 909.453124958258 916.703124954831 920.312499947119 921.640624946996 922.531249942956 922.281249946384 925.42187494822 930.343749959605 934.187499957401 932.093749948832 932.656249953239 929.828124950424 927.062499952994 924.031249956667 921.218749950791 910.593749930226 894.796874918841 884.453124923983 874.562499923615 861.421874913945 849.140624902928 829.093749900357 795.531249906232 751.765624903907 715.249999900602 693.937499892278 673.031249875385 643.921874853229 616.26562487159 588.203124879915 560.781249877343 527.140624884811 497.890624918596 452.749999946628 398.187499967192 343.953124977353 295.953124997918 254.562500002937 222.265624978333 222.453124985678 226.343749984576 233.312500039661 221.656250069284
669.68750006403 676.296875051199 686.265625033359 702.671875012098 719.687500001955 734.171874997923 749.843749991447 765.874999990714 780.812499995601 794.828124995235 807.937499994135 821.99999998827 834.640624991813 848.187499984848 860.296874982282 872.999999974584 884.656249970429 895.437499969696 906.515624965419 917.484374964686 926.56249996823 937.62499996823 945.953124968841 952.656249968474 957.359374959798 960.640624957599 961.562499951123 960.765624959554 961.374999959432 961.562499971162 963.828124968352 962.140624969818 961.328124967374 958.421874965175 955.343749961631 951.968749968963 949.640624967863 943.265624954666 936.109374941225 927.203124939025 920.43749993206 911.671874933893 895.046874927539 861.906249920573 821.984374912876 787.999999909576 767.531249915686 751.828124918985 736.734374904566 720.328124856911 698.687499831861 674.640624825629 646.203124804612 598.109374820007 518.374999882204 429.07812495222 358.203124985458 299.937499991689 257.796874988636 246.453124958576 253.859374932427 260.140624927295 262.796874883549 249.59374985801
615.781250081723 622.85937507477 635.71875007538 659.437500080503 685.76562509453 708.640625093067 729.34375007782 750.343750042691 770.015625030616 789.281250019272 809.031250007075 826.796874997195 841.531249989023 859.859374984998 879.593749969019 897.124999949259 914.671874942551 928.359374930841 942.484374927914 954.484374917668 963.859374920595 972.578124927182 979.859374934256 986.093749938281 991.609374942062 997.609374942063 1004.01562493889 1009.40624993194 1012.87499991364 1014.28124989535 1017.06249988681 1017.85937488644 1015.10937487815 1010.14062487888 1004.53124988266 999.421874887418 995.062499890712 993.234374890345 987.499999889736 982.531249884613 977.874999876075 969.906249868024 951.421874871805 915.703124871073 874.421874874245 844.281249887052 833.171874887906 825.156249883149 813.546874881563 804.593749857778 798.640624811063 786.828124778861 733.812499780934 639.124999824842 526.109374858143 443.468749907542 366.593749925107 297.312499982922 250.4843749889 233.656249982679 233.031249999756 240.390625043301 262.687500100018 225.937500009269
576.406250020699 586.859375018872 599.296875019359 619.781250022647 637.625000030682 660.359375032509 690.343750023621 724.984375023256 756.421875004749 783.140624996713 810.906249988068 835.140624981129 861.124999960065 893.093749928653 920.187499925486 943.62499992987 967.031249921347 990.843749906737 1012.28124989066 1029.62499988701 1040.9218748791 1046.26562488129 1047.17187489079 1048.48437489955 1049.26562490808 1052.17187491611 1058.57812491928 1063.96874992622 1072.3593749317 1081.35937493023 1086.2031249334 1088.54687492975 1090.1562499267 1088.1406249183 1087.07812490272 1083.51562489395 1080.14062488811 1079.43749988555 1080.59374986826 1085.46874984781 1090.28124983174 1089.34374982151 1069.35937482163 1021.68749985341 968.499999881167 927.953124895412 908.546874916111 893.921874938027 879.546874946793 878.328124950446 884.984374964326 883.578124969439 835.85937495361 735.546874924387 613.999999913308 471.4531250196 408.499999965908 341.328124902716 288.593749912093 283.015624889082 245.124999968831 240.953124955316 244.406249947646 263.578124980154
