2050_A1B_MR/PRECSD.asc
NCOLS 720 
NROWS 360 
XLLCORNER -180 
YLLCORNER -90 
CELLSIZE 0.5 
NODATA_value -9999 
[rows 56 to 83 of 360, columns 63 to 125 of 720]
0.333309815386148 0.34011197421111 0.366733122712622 0.395550038192043 0.381686259835661 0.400007314389371 0.41758444489546 0.393441685694408 0.386106041614876 0.407608005185142 0.418635049698395 0.430474012053853 0.439918305843572 0.460068762002293 0.473737767127121 0.48515611869061 0.514517592250932 0.575186615064397 0.693738986965155 0.753020383765155 0.705370145936234 0.640899043274209 0.589254213504173 0.597290526975984 0.57752289249219 0.57208949129761 0.525440455017176 0.456651978933848 0.463668467441493 0.484780762869913 0.485717308766952 0.493121788906416 0.474222377638393 0.415421894998854 0.364901839908189 0.328072226376619 0.308277383275982 0.293242409755768 0.29549535756882 0.300891826844818 0.307677701335913 0.323308364228238 0.335756941506044 0.351401959123916 0.374698195596144 0.400177905918695 0.436899826914962 0.468802276816024 0.477242086028196 0.485745877208713 0.487873179157625 0.476357337217031 0.458998657612083 0.425398504694646 0.398735204838389 0.390087012330045 0.385216768522434 0.378152249484009 0.372588844226417 0.367302348496235 0.363148530121483 0.359735335899645 0.356327171123873
0.26907335759389 0.276686165372372 0.280389156616202 0.276871136226663 0.278508122790293 0.282986204767769 0.290945435102852 0.29281106415156 0.284012889651495 0.282818083437298 0.2904189002507 0.301198422043328 0.305317231058051 0.326788854219608 0.351586805532021 0.374238702101913 0.403945315316442 0.427675691909223 0.500791359231582 0.536154446613971 0.524591926070932 0.495685016442812 0.454534857531922 0.446118673615925 0.444578734965774 0.483263337316468 0.471503338695512 0.478299832976362 0.471939658322431 0.487418109189965 0.461039935215958 0.447085006358826 0.410984010232629 0.362737959203564 0.318075420549071 0.287124378123589 0.268729469716686 0.259270337749557 0.262086198902114 0.274329598126728 0.283697422171603 0.29766814062876 0.308816969810781 0.326031545132465 0.350554116912751 0.384840543581933 0.420756348929058 0.462686531940544 0.482872349928723 0.492316710843441 0.499941644671397 0.491109948505494 0.472503055804381 0.446263044645377 0.420296247527877 0.399794076699912 0.390856085773853 0.38408364979511 0.374652277354858 0.365596642915981 0.354211931746854 0.343803838105664 0.343845719647962
0.31579875475703 0.304667815094018 0.295529943989098 0.303888379620938 0.296949422366719 0.271997021480234 0.257374184231256 0.271442878357063 0.269580544819067 0.262409436095621 0.262739480537246 0.278264960512284 0.255190141942807 0.240397682485245 0.23979698287261 0.244892018985834 0.264612493029439 0.281134581906124 0.295452709231555 0.30835156648909 0.31006992135698 0.319649809628319 0.307108854679994 0.29590367259807 0.295571923409951 0.309991698796888 0.361894569129745 0.435443999543324 0.443139488267749 0.438660637745113 0.420533318369338 0.377776934974794 0.336087034304938 0.297013080214878 0.26007364655977 0.237523049191615 0.228044596724283 0.230060420102753 0.243849764553045 0.262468618910016 0.27383176225674 0.280283098797597 0.28875052572394 0.308120500618993 0.332691234511346 0.374497138873794 0.418040859929981 0.462389951922487 0.493176176133979 0.507772823173417 0.51520813346633 0.515173487938147 0.500747758162852 0.476255856116366 0.449579695586675 0.424414050286221 0.403427810248894 0.391973596370365 0.376292725161582 0.363105897633243 0.345114116158475 0.335208397986831 0.328528954078477
0.349876545843036 0.345712787739461 0.337665841867348 0.326284329083048 0.322703921034513 0.305435620925909 0.284455388043508 0.293355632760076 0.299784516578782 0.314874864685022 0.333921347998028 0.346323652807925 0.309809629797403 0.271913005448191 0.273473750402272 0.254613858611134 0.239959951989338 0.219817048981676 0.22566022484421 0.214342774994377 0.251023625676702 0.282081905726435 0.310217282834877 0.292274992775691 0.2796518879887 0.259847301542916 0.277615169704074 0.332146756265852 0.366192692459544 0.377208331447909 0.35982424694447 0.317657870027064 0.284429037250828 0.252006117047156 0.226869175837475 0.212863793391524 0.208780278063216 0.21813723768165 0.241444014026572 0.274828625842184 0.276548292076164 0.275629201430866 0.278899005023723 0.288607988510592 0.314609639376077 0.370528670566769 0.41278497621567 0.455377442375284 0.489684426502792 0.514545972787519 0.52804147433286 0.522650932286293 0.50549845278411 0.4874267948931 0.467406051461418 0.440191198354372 0.417456593768274 0.398981820173471 0.383240201741804 0.363656824360483 0.350026977359787 0.337795976595239 0.330119381419535
-9999 0.35903086046525 -9999 -9999 -9999 -9999 -9999 -9999 -9999 -9999 -9999 -9999 -9999 -9999 0.363901124780875 0.352455491164194 0.353812888895519 0.349856229079498 0.334688721719232 0.304261827447644 0.32719584007897 0.328494516856215 0.363812921346434 0.346982647220274 0.361999348734976 0.317159329343754 0.293226680529411 0.276805137716775 0.300544981179236 0.323257551005364 0.299623982205039 0.277421920212645 0.269181639725695 0.247240148963937 0.222925686584261 0.210993069410693 0.209296694340123 0.213720057651951 0.231917414827633 0.259161405265394 0.275316819898424 0.28115860429997 0.284853132618587 0.294065941564955 0.329671252506353 0.384437445708707 0.424294883412418 0.449343624080291 0.471441216825905 0.502126014151578 0.519967662056436 0.519960143666526 0.508507961999305 0.491878201277794 0.473336340799487 0.450181538577906 0.429128165029577 0.406491946015993 0.38697348026774 0.37059069078915 0.363029760669565 0.355959027933366 0.352299812519485
-9999 -9999 -9999 -9999 -9999 -9999 -9999 -9999 -9999 -9999 -9999 -9999 -9999 -9999 -9999 -9999 -9999 0.381639091161787 0.376322181032608 0.389618638856702 0.3935947366021 0.342447824561904 0.368198015658282 0.397057027379153 0.448410609532568 0.425456279898994 0.388628708339234 0.289059801317881 0.272184465750489 0.305850619757149 0.297733366265235 0.272021979935515 0.27331298636198 0.267644523756325 0.235725504147702 0.226423856266523 0.220463243894439 0.221923795473094 0.233430781532792 0.2472817334632 0.268464523372813 0.289555792758859 0.301428860717467 0.324005514476851 0.364638635352096 0.402756755729306 0.429803054775939 0.443313140413261 0.458817452870449 0.484831868006426 0.496488871497125 0.502785283999345 0.505015829685652 0.496811906011926 0.476060408253446 0.458501017401842 0.435260778175953 0.418097974878962 0.397941819390297 0.384219077950099 0.380711223715559 0.381322542885119 0.378364845235359
-9999 -9999 -9999 -9999 -9999 -9999 -9999 -9999 -9999 -9999 -9999 -9999 -9999 -9999 -9999 -9999 -9999 -9999 -9999 -9999 -9999 0.395800671471996 0.364805409414486 0.437969567536469 0.473034954419025 0.446702679956429 0.412374661227986 0.355312953299318 0.288941041197378 0.315573190830665 0.323494375637129 0.304458966419624 0.291362116172392 0.287138632793953 0.262097246760776 0.256233574897911 0.247189621415569 0.239162638960445 0.242194114114039 0.257235884893689 0.274779080269656 0.296211597915376 0.310493256551534 0.338312147149772 0.373814075319784 0.40535485798415 0.424155777186055 0.440504171898804 0.447155110652972 0.461769631568817 0.473969589043797 0.487227968097141 0.488476176325612 0.484503353426283 0.473833976734896 0.45779451728006 0.439078894904626 0.424725892279955 0.414129192052127 0.404447771202275 0.400810981777428 0.402241785172868 0.408707815034651
-9999 -9999 -9999 -9999 -9999 -9999 -9999 -9999 -9999 -9999 -9999 -9999 -9999 -9999 -9999 -9999 -9999 -9999 -9999 -9999 -9999 -9999 0.393073644753489 0.424147597351391 0.431006054259081 0.437978136361557 0.418085683478602 0.38014677135628 0.371462689824148 0.365848113201882 0.32988185019242 0.30229972849835 0.278689509430728 0.290789728040577 0.291069884936803 0.311451104798822 0.294772931886033 0.279870309686666 0.271643920445921 0.278214695663284 0.288382047897592 0.298942028520135 0.314048186760588 0.334337587996471 0.358839544079346 0.381993456089094 0.407191695226183 0.422820621263524 0.431754170334509 0.438314501815158 0.453960270075856 0.464990925126146 0.474975679109532 0.47324743693215 0.466782650754508 0.457951371664366 0.449845019738639 0.441659771100683 0.429361731011391 0.423886723640044 0.418860214574913 0.418005309467 0.424079068913255
-9999 -9999 -9999 -9999 -9999 -9999 -9999 -9999 -9999 -9999 -9999 -9999 -9999 -9999 -9999 -9999 -9999 -9999 -9999 -9999 -9999 -9999 -9999 -9999 0.418823427993911 0.41871111215343 0.416158536725239 0.41337753450502 0.408322229204611 0.402655928456854 0.366060605630661 0.306540700267908 0.293729288875017 0.326393050582351 0.314598751325509 0.308770435062604 0.30958066369351 0.304303280326479 0.292967590196134 0.286152877071301 0.291631939714167 0.296621047697541 0.308572806273203 0.32267413949734 0.336684367056906 0.353353055463415 0.368708021577814 0.391644884710384 0.404643437827821 0.410345568179896 0.422345580987065 0.441608951987956 0.45962355653539 0.469447974052773 0.466160470178257 0.461762871488393 0.460292603987046 0.451660511472752 0.445707980140787 0.437619250090033 0.430316936724282 0.428973657286013 0.429818234301624
-9999 -9999 -9999 -9999 -9999 -9999 -9999 -9999 -9999 -9999 -9999 -9999 -9999 -9999 -9999 -9999 -9999 -9999 -9999 -9999 -9999 -9999 -9999 -9999 -9999 0.420731479013892 0.409630122209444 0.419117776356121 0.418426672966289 0.419560487226048 0.402601450881813 0.354135540672449 0.305298413542095 0.362135110200714 0.291884998760114 0.302875249526364 0.319606325590192 0.286405114424958 0.282686278627652 0.279346909933068 0.282186964519983 0.286433811934567 0.296136794267194 0.304152495411475 0.311806628206746 0.323358808274059 0.333835522592012 0.347902424813678 0.361391623913557 0.371345712188375 0.387087333163866 0.409599574505155 0.43909044486953 0.459547442358179 0.459144377165672 0.455265645394536 0.455881127588507 0.45334632919657 0.446801147261161 0.443406917300288 0.438309021219159 0.438774585647526 0.437677120795302
-9999 -9999 -9999 -9999 -9999 -9999 -9999 -9999 -9999 -9999 -9999 -9999 -9999 -9999 -9999 -9999 -9999 -9999 -9999 -9999 -9999 -9999 -9999 -9999 -9999 -9999 0.424684690312357 0.419362185225887 0.428096116260167 0.425964764398428 0.414271262657559 0.404074203403975 0.372456637045407 0.381219551171924 0.346923071883464 0.357980958508776 0.340168585021928 0.337729391474867 0.307920958256517 0.305387262406697 0.290800391863705 0.283052250788901 0.281719744583081 0.28551027480385 0.287179628878339 0.294970502630102 0.305644418369556 0.308791287089659 0.3062003789411 0.318410488818414 0.332369110609684 0.362291718078455 0.418878071980555 0.449093732031027 0.447746413656855 0.436218060533814 0.442588840143965 0.44856428633619 0.447286597745167 0.444758572930554 0.4430615600976 0.447721121785881 0.448349754672249
-9999 -9999 -9999 -9999 -9999 -9999 -9999 -9999 -9999 -9999 -9999 -9999 -9999 -9999 -9999 -9999 -9999 -9999 -9999 -9999 -9999 -9999 -9999 -9999 -9999 -9999 -9999 0.42826125413375 0.427628277223334 0.423926769692078 0.414296854044144 0.407373635776571 0.400641360212044 0.397024462562732 0.393846709190546 0.396441764403377 0.361547619759605 0.367554490144749 0.398554275758757 0.349308471833034 0.295969046308637 0.285585059496126 0.263712457693728 0.258268713269544 0.257939456014645 0.263097377707721 0.265177099200019 0.260495005465733 0.250947196556619 0.253346563795918 0.25987247698819 0.291428114262255 0.379053522183287 0.434413540423217 0.428016242688131 0.411469774207965 0.432398181318812 0.442712538337219 0.442021345350363 0.439178819025444 0.438348390576327 0.447590877156896 0.453546944284247
-9999 -9999 -9999 -9999 -9999 -9999 -9999 -9999 -9999 -9999 -9999 -9999 -9999 -9999 -9999 -9999 -9999 -9999 -9999 -9999 -9999 -9999 -9999 -9999 -9999 -9999 -9999 -9999 0.423707529040632 0.41877191856899 0.410713771523366 0.399906539407672 0.402632574609535 0.412777956960955 0.428114869916971 0.439885207534639 0.441098275454796 0.407582421282936 0.434879863296733 0.416502936593194 0.332651161923488 0.29175755186698 0.250332546820534 0.236937205599937 0.232255852692273 0.232188195481767 0.230623985476205 0.22454849952031 0.219621293865642 0.214306760847583 0.211270703715524 0.219263756957719 0.270234543796477 0.349258900566219 0.377722266387661 0.384607639283682 0.42358687140887 0.430907582786545 0.431778860589256 0.431783868973548 0.427911075998224 0.435524432393051 0.439307413450983
-9999 -9999 -9999 -9999 -9999 -9999 -9999 -9999 -9999 -9999 -9999 -9999 -9999 -9999 -9999 -9999 -9999 -9999 -9999 -9999 -9999 -9999 -9999 -9999 -9999 -9999 -9999 -9999 -9999 0.408766617679085 0.404650859041181 0.398612354422379 0.397146618594451 0.410633938409531 0.437901698679973 0.450691862969284 0.459875725609727 0.466581853347078 0.454870979339102 0.405633730409749 0.359858419842349 0.312894336469 0.257852498059917 0.235536083450836 0.230399940839316 0.224181855609694 0.219829225130091 0.213411896094434 0.209412704615343 0.204833175002155 0.218880771734951 0.204681205241588 0.203518649321956 0.240105852957848 0.276390007649189 0.312948960347777 0.353710451972666 0.380958056526174 0.400248145674836 0.416748975570942 0.414924106754421 0.42799382437475 0.451559873159498
-9999 -9999 -9999 -9999 -9999 -9999 -9999 -9999 -9999 -9999 -9999 -9999 -9999 -9999 -9999 -9999 -9999 -9999 -9999 -9999 -9999 -9999 -9999 -9999 -9999 -9999 -9999 -9999 -9999 -9999 0.399963308077937 0.402394324888371 0.403972798793997 -9999 0.433094025713462 0.446076063314613 0.458536625445705 0.452450767818487 0.442416792458826 0.474858645858614 0.399625317922387 0.326934912330361 0.294477288544161 0.25482991589144 0.244413668994551 0.233339887629108 0.230998916493765 0.224835528534237 0.214416813328067 0.211023138713076 0.216193654848159 0.219861843344364 0.207599589552471 0.197743351675262 0.209811537431052 0.230356621431402 0.262100359299647 0.305323588768462 0.34561733737682 0.380632694378506 0.399648271451895 0.432619655968678 0.478087401589886
-9999 -9999 -9999 -9999 -9999 -9999 -9999 -9999 -9999 -9999 -9999 -9999 -9999 -9999 -9999 -9999 -9999 -9999 -9999 -9999 -9999 -9999 -9999 -9999 -9999 -9999 -9999 -9999 -9999 -9999 0.413972632701188 0.422863605650032 0.441918851010316 0.438706916574046 -9999 0.432722251768105 0.441405064037814 0.465634210363227 0.476025688271126 0.512871544333403 0.453854812126483 0.379654212530208 0.34045406138472 0.295601642739607 0.26056734924018 0.251677639775905 0.242190515521515 0.235990161730933 0.227840744411565 0.21690363462669 0.213388810605024 0.215715142436898 0.237929378868727 0.230557093542123 0.197443337670963 0.182054784748198 0.187084316768396 0.222560219548132 0.290574144764884 0.342789052742172 0.386236003948224 0.446681401929012 0.511036842699485
-9999 -9999 -9999 -9999 -9999 -9999 -9999 -9999 -9999 -9999 -9999 -9999 -9999 -9999 -9999 -9999 -9999 -9999 -9999 -9999 -9999 -9999 -9999 -9999 -9999 -9999 -9999 -9999 -9999 -9999 0.423637365574586 0.436263772043856 0.457321556344081 0.450796259264251 -9999 0.425716687532067 0.433969753954821 0.458498568830238 0.491970469448211 0.525738770576365 0.464936158387293 0.410327034624541 0.378050142221425 0.342692646222477 0.289856653207716 0.275164846291849 0.255743659053069 0.243504316286765 0.23222330676732 0.226551791733968 0.220014220892099 0.213535575243494 0.210110501686413 0.210053330042464 0.200361632160142 0.187340855863312 0.153165808360922 0.151200041036858 0.193491157409413 0.249919334050141 0.332063044773278 0.4386276528963 0.514314310747124
-9999 -9999 -9999 -9999 -9999 -9999 -9999 -9999 -9999 -9999 -9999 -9999 -9999 -9999 -9999 -9999 -9999 -9999 -9999 -9999 -9999 -9999 -9999 -9999 -9999 -9999 -9999 -9999 -9999 -9999 -9999 0.449976958159142 0.473656295457981 0.478510476774775 -9999 -9999 0.432983276078361 0.446885122345239 0.471727527688868 0.484793409973998 0.471968863041508 0.46835446880229 0.426811769454785 0.382364520448362 0.346607063970554 0.319932834992685 0.275249812985013 0.252039838233792 0.241271797073872 0.239118713149038 0.23203312099743 0.220082564676385 0.192509696164045 0.17293665231082 0.17760659491256 0.176797059249706 0.166041271217951 0.152596730018516 0.139373580610169 0.160271564306008 0.244139493883865 0.374803997859482 0.465557691773623
-9999 -9999 -9999 -9999 -9999 -9999 -9999 -9999 -9999 -9999 -9999 -9999 -9999 -9999 -9999 -9999 -9999 -9999 -9999 -9999 -9999 -9999 -9999 -9999 -9999 -9999 -9999 -9999 -9999 -9999 -9999 -9999 0.485550670986893 0.479631760331376 0.449618969819004 -9999 -9999 -9999 0.444208859312168 0.452535817381603 0.464778805605746 0.458952986840101 0.45654750456049 0.442690232542354 0.412434799666189 0.350526226952797 0.307029144361986 0.255777401327961 0.248080724958296 0.25151075564797 0.248421884119805 0.236256108740994 0.209291174643872 0.171638136134329 0.177884977476135 0.192715970415482 0.186324056191519 0.175492595152786 0.188622612385992 0.165831761159201 0.181306543398147 0.250047656178978 0.318845152003129
-9999 -9999 -9999 -9999 -9999 -9999 -9999 -9999 -9999 -9999 -9999 -9999 -9999 -9999 -9999 -9999 -9999 -9999 -9999 -9999 -9999 -9999 -9999 -9999 -9999 -9999 -9999 -9999 -9999 -9999 -9999 -9999 -9999 0.468837630768272 0.431389269223363 -9999 -9999 -9999 -9999 0.437295796326699 0.445731995868531 0.458917675298555 0.469774903943189 0.466411554984434 0.413540729617223 0.392065646576585 0.374304603631576 0.321264820673418 0.287576832638024 0.271230927861536 0.289125142993324 0.274029672421225 0.246096721902696 0.199277864080152 0.189146361851416 0.219295908933484 0.210005742563731 0.21012953464284 0.220001227053372 0.207383880514593 0.201591542986548 0.179691639674463 0.193279715189136
-9999 -9999 -9999 -9999 -9999 -9999 -9999 -9999 -9999 -9999 -9999 -9999 -9999 -9999 -9999 -9999 -9999 -9999 -9999 -9999 -9999 -9999 -9999 -9999 -9999 -9999 -9999 -9999 -9999 -9999 -9999 -9999 -9999 -9999 -9999 -9999 -9999 -9999 -9999 -9999 0.452597496758148 0.467694685773342 0.480398515210185 0.477497053004564 0.445573985493138 0.419384902832042 0.388594430517612 0.370060272375296 0.308696953386752 0.259826403165234 0.276745587720855 0.288704412519784 0.254819614552252 0.232424976575392 0.219943577158984 0.2095355552826 0.20784415065071 0.214667047467306 0.239854721733076 0.266071771992383 0.279087270990855 0.272404506834563 0.227163255410256
-9999 -9999 -9999 -9999 -9999 -9999 -9999 -9999 -9999 -9999 -9999 -9999 -9999 -9999 -9999 -9999 -9999 -9999 -9999 -9999 -9999 -9999 -9999 -9999 -9999 -9999 -9999 -9999 -9999 -9999 -9999 -9999 -9999 -9999 -9999 -9999 -9999 -9999 -9999 -9999 -9999 0.496014068590926 0.506566580747745 0.500862567566229 0.487788910750634 0.47184695771877 0.437765747346372 0.406042294685748 0.335783151570542 0.269877673025569 0.239830725985875 0.243846207210307 0.246548798413519 0.237069220348561 0.23533175164228 0.215563424810954 0.208876957579101 0.210371478947069 0.24460684269572 0.299058921080539 0.356847821321913 0.358677625888644 0.313166673901677
-9999 -9999 -9999 -9999 -9999 -9999 -9999 -9999 -9999 -9999 -9999 -9999 -9999 -9999 -9999 -9999 -9999 -9999 -9999 -9999 -9999 -9999 -9999 -9999 -9999 -9999 -9999 -9999 -9999 -9999 -9999 -9999 -9999 -9999 -9999 -9999 -9999 -9999 -9999 -9999 0.517502257520774 0.54446707614589 0.539895467684862 0.531193449968867 0.52330525267362 0.516805619609857 0.495115469522421 0.480251988910398 0.42685343762945 0.371400309333648 0.341225323974882 0.348468410305561 0.330256251950939 0.301971368886314 0.265173190329334 0.238219786006181 0.226249400630424 0.212947842377949 0.253042473904052 0.301843864312646 0.361727457994835 0.406517829994918 0.353848870140688
-9999 -9999 -9999 -9999 -9999 -9999 -9999 -9999 -9999 -9999 -9999 -9999 -9999 -9999 -9999 -9999 -9999 -9999 -9999 -9999 -9999 -9999 -9999 -9999 -9999 -9999 -9999 -9999 -9999 -9999 -9999 -9999 -9999 -9999 -9999 -9999 -9999 -9999 -9999 -9999 -9999 0.571153780759568 0.556076566162321 0.539440097067492 0.535058422370281 0.542135731944092 0.54392993316006 0.524210121848274 0.510844512577811 0.496287632126635 0.488171131383863 0.48735838461943 0.429619406378002 0.398051243941962 0.353285012421125 0.272975062599488 0.227904509833873 0.208675481147603 0.226652224001388 0.265486493517046 0.305844489604368 0.369734642438593 0.351904575786583
-9999 -9999 -9999 -9999 -9999 -9999 -9999 -9999 -9999 -9999 -9999 -9999 -9999 -9999 -9999 -9999 -9999 -9999 -9999 -9999 -9999 -9999 -9999 -9999 -9999 -9999 -9999 -9999 -9999 -9999 -9999 -9999 -9999 -9999 -9999 -9999 -9999 -9999 -9999 -9999 -9999 -9999 0.55656625883271 0.550594604293336 0.550231043725915 0.560717423078736 0.598700148904519 0.62098672289666 0.552953011629236 0.561638428867113 0.572082678651025 0.545617898444257 0.53620949475551 0.524627223925223 0.461014663199249 0.357244198027143 0.247421454651718 0.215457746361924 0.21000083981923 0.22426139697535 0.277681744041956 0.317368941318313 0.348954313983053
-9999 -9999 -9999 -9999 -9999 -9999 -9999 -9999 -9999 -9999 -9999 -9999 -9999 -9999 -9999 -9999 -9999 -9999 -9999 -9999 -9999 -9999 -9999 -9999 -9999 -9999 -9999 -9999 -9999 -9999 -9999 -9999 -9999 -9999 -9999 -9999 -9999 -9999 -9999 -9999 -9999 -9999 -9999 0.550999555399517 0.557239848165709 0.573114738139426 0.607710794627908 0.64214049209944 0.636689704532829 0.634918224028836 0.586586311089686 0.566726302389146 0.536393928050233 0.555190361709124 0.551538055561744 0.450747208025311 0.322401606005353 0.254569213795305 0.227227848227753 0.235443059929576 0.286339170539072 0.350571607532961 0.379419178396015
-9999 -9999 -9999 -9999 -9999 -9999 -9999 -9999 -9999 -9999 -9999 -9999 -9999 -9999 -9999 -9999 -9999 -9999 -9999 -9999 -9999 -9999 -9999 -9999 -9999 -9999 -9999 -9999 -9999 -9999 -9999 -9999 -9999 -9999 -9999 -9999 -9999 -9999 -9999 -9999 -9999 -9999 -9999 -9999 -9999 -9999 0.606307950453943 0.643656812922386 0.681248181314789 0.706039630020051 0.65252603012926 0.528123566903447 0.515235723430915 0.586993531772055 0.619577092930523 0.557379868157618 0.455864272831962 0.336191402261987 0.273498770706096 0.274176943599027 0.320417287531891 0.369049036195805 0.414761221229085
-9999 -9999 -9999 -9999 -9999 -9999 -9999 -9999 -9999 -9999 -9999 -9999 -9999 -9999 -9999 -9999 -9999 -9999 -9999 -9999 -9999 -9999 -9999 -9999 -9999 -9999 -9999 -9999 -9999 -9999 -9999 -9999 -9999 -9999 -9999 -9999 -9999 -9999 -9999 -9999 -9999 -9999 -9999 -9999 -9999 -9999 -9999 0.637768196670449 0.657362623227764 0.691788765849678 0.634414308730551 0.487296795871637 0.484751416974198 0.579424992927206 0.641225606416429 0.627264975500049 0.574119297393592 0.440735033205384 0.36805184896864 0.359594714652325 0.387478748860818 0.425573800420261 0.458786267552106
