2050_A1B_MR/PREC.asc
NCOLS 720 
NROWS 360 
XLLCORNER -180 
YLLCORNER -90 
CELLSIZE 0.5 
NODATA_value -9999 
[rows 112 to 139 of 360, columns 128 to 191 of 720]
130.625000092017 93.4062499874144 88.2031250246552 123.499999981019 175.875000009492 228.750000102334 248.015625131528 262.968750152882 374.875000246346 471.953125052302 478.140625056015 470.734375010832 576.093750106668 564.281250109142 449.718749929646 415.593749882604 383.437499949658 315.187500087065 258.250000000413 309.109375080568 353.921874881676 317.968749939548 293.000000002063 312.687500007015 351.109375007531 379.515625003198 410.687499994636 419.265624997421 440.828124997009 480.343750001032 510.359375007944 542.89062499247 586.999999993398 625.296874984423 671.374999985971 723.64062498628 784.249999980195 852.968749975861 912.484374984837 985.046874997215 1036.76562501682 1083.73437504095 1134.29687503105 1168.00000010068 1215.67187511523 1248.90625004312 1241.68750003384 1262.59374997627 1261.12499993934 1247.34374996967 1277.21875000887 1304.35937501785 1331.87499998968 1330.00000000206 1313.92187502445 1346.78125005261 1379.76562505478 1344.98437502569 1303.81250002435 1287.07812502465 1301.10937498153 1306.21875001093 1243.35937505127 1215.65625008067
71.7968750373672 78.4531250453966 80.2343749928975 126.500000012353 149.765625047867 153.281250063617 163.031250055382 190.500000006588 240.765625048693 407.875000088529 440.312500027175 402.109375139895 455.015625159455 464.156250110969 471.609375022133 459.84375001997 426.140624956453 265.500000022234 283.328124944515 254.031250040558 429.624999951824 365.968749954911 295.249999993 305.375000009059 346.796875001956 376.046875004427 404.640625018632 418.984375003191 445.796874992074 471.671875018015 502.671875008956 543.359375006485 587.000000006589 634.015624996397 685.062499983942 733.109374992897 786.312500015236 853.203125023574 911.125000018118 969.203125037573 1019.14062502193 1048.10937503737 1098.76562504704 1115.875000014 1147.60937503449 1209.53125004344 1217.40625001956 1270.65625000597 1300.49999997406 1277.15624996479 1277.59374999032 1302.76562498569 1333.70312500628 1325.50000000782 1290.1093750279 1291.32812506928 1307.53125010397 1315.35937503943 1297.01562499063 1296.45312495481 1320.46874997591 1279.17187504848 1217.76562500504 1179.93749999794
123.249999855779 56.7812499759631 67.0000000000003 92.8281250003084 103.265624991269 122.343749979251 165.093749925015 225.703124945661 245.531249970623 364.781250072933 428.109374940113 409.218750008834 343.781249977606 337.546875032152 388.578125111658 405.781250140317 372.734375157469 277.250000007396 260.125000016024 241.234374987365 404.421875226911 350.515625110424 289.781250018695 300.281250007602 329.359375033796 353.546875041191 376.578125037699 395.328125030303 426.14062502414 461.203125025372 510.484374999693 552.062499982743 587.562500008629 629.890625013868 683.828125006061 721.984375009142 763.140625033179 797.875000003287 861.531250016231 935.781250048279 987.234375027632 1010.53125002116 1067.09375000103 1115.32812498593 1137.34375003636 1209.01562500894 1241.51562495799 1248.40625003349 1284.03125004417 1302.45312501181 1279.93750002794 1272.43750010313 1303.20312503564 1311.45312500729 1286.37500000082 1270.06249996877 1250.968750015 1259.68750008711 1257.25000011135 1268.50000011751 1288.28125008772 1226.54687510159 1174.85937514473 1138.39062508002
210.531249953051 69.9531249951818 64.8906250046127 83.4062500202955 109.265624995593 137.06249998852 213.468749969045 259.593749980115 293.812499923739 323.343750017835 376.500000172614 389.390625034543 350.765625007073 339.609374963406 319.859375038848 294.734375102809 254.937500100451 246.921875058938 237.062500034441 237.718750020295 272.890625061193 246.546875117159 253.968750059657 290.765625013223 300.531250029316 312.343750048996 339.921875042539 367.531250030546 401.390625030034 444.890625010353 506.453125009124 567.296874983908 595.390624974272 631.953124981653 683.406249994876 725.218749983805 748.74999999836 793.18750000697 847.515625014454 906.859375015068 961.453125028803 1004.85937499129 1067.32812499846 1116.1250000123 1135.32812496812 1201.2343750081 1286.04687494455 1275.49999990734 1269.64062498739 1285.8125000246 1273.14062498698 1239.76562496853 1304.51562496156 1311.781249992 1294.15624998217 1304.14062495664 1260.10937496505 1211.59375001824 1189.46875003711 1198.0468750368 1208.45312508702 1153.04687505935 1101.96875001497 1094.46875001619
244.156250018613 86.515624933617 52.5156250015344 62.5000000085919 81.7812500317088 126.968750037845 212.00000001473 262.343749952745 343.234374972692 425.687499952131 452.906249925333 390.187499927173 380.546875027515 420.3437501254 342.468749936787 275.203125003989 229.109374986191 215.609375021787 214.687500015956 217.265625017491 242.546875018513 217.468749985066 214.328124977805 265.32812500849 273.234375006239 272.53125001207 307.218750027617 343.500000011047 382.953124993761 440.984375001739 497.125000027413 536.078125036311 578.921875032834 621.625000039277 658.937500052779 691.375000027003 739.453125019128 766.125000011456 829.96875000307 911.671874988647 961.781249991613 1005.0468750091 1059.2187500223 1121.60937499315 1164.65624996175 1210.64062495407 1285.75000003641 1320.34375004316 1311.98437495919 1315.21874991592 1319.93749993331 1327.15624994006 1345.95312496185 1319.04687496492 1319.12499995786 1337.17187496001 1315.76562493975 1279.71874988974 1269.12499989526 1237.9062499241 1193.51562498108 1175.65624997034 1151.18749996236 1108.01562496021
262.812499940803 150.874999926103 57.406249985915 -9999 66.4062500018375 97.531250026333 169.343750078183 257.515625057667 345.156250023068 448.421874998266 526.874999913449 461.343749917735 386.0781249605 339.390625051134 385.124999970195 284.671874975402 250.85937496642 213.453124982955 207.515624999694 227.671874959889 237.953124991529 243.531249958153 253.79687493621 278.640624962542 282.562499973463 279.328124973157 294.843749999388 336.046875005206 391.390624987855 448.999999980812 487.374999993876 519.156250000613 558.906250010819 599.078125009901 631.937500006125 676.468750005512 718.781250025926 777.23437496438 829.406249998164 910.125000014698 964.968750001429 1007.39062498581 1058.98437497826 1136.56249997428 1203.79687495295 1255.82812494744 1299.95312493274 1319.78124995815 1341.14062497724 1373.20312495764 1380.0312499357 1383.17187493784 1382.37499995877 1365.17187493458 1365.01562494213 1373.07812496173 1362.45312495846 1360.01562493519 1340.32812494948 1295.74999994978 1212.31249997795 1192.06249999388 1178.98437497704 1155.49999993631
228.203125149818 220.28125004868 78.0781249752516 -9999 -9999 89.5 118.890625017009 202.609375043285 280.046875026175 373.046875105615 522.140625043082 507.609374997249 450.078124931456 384.265624841019 394.171874948364 336.468749930948 286.656249979834 237.015624966085 216.9531249779 243.531249983094 255.015625012119 265.937499993482 288.265624987677 321.921875029841 332.937499985741 328.296874918218 333.109374938995 352.281249999796 383.781250012833 446.546875018027 495.015625001936 522.906249983909 539.968750002649 597.249999981261 642.828124947346 694.343749985538 739.328124982381 786.249999988186 845.156249948875 921.281249974539 999.328124950198 1065.51562491109 1146.28124991547 1200.84374993136 1246.20312496038 1293.2656250166 1353.75000004318 1338.51562505815 1328.64062504919 1353.85937507058 1422.98437504247 1411.03125007394 1384.57812507445 1395.50000003015 1398.0156250329 1374.0625000497 1370.76562505693 1353.42187510398 1327.85937507017 1326.59375005398 1276.42187495733 1231.79687494755 1208.84374995091 1204.29687495122
139.750000042277 158.40625008557 96.562499974389 -9999 -9999 -9999 119.312499982115 197.40624996809 292.890624946037 336.81249997317 477.937500052848 524.015624967174 490.437499980894 477.921874955589 457.359374914531 384.328124965141 311.17187496697 269.265624963922 255.531249938414 268.187499963414 252.90624999248 269.171874999492 301.15624998435 305.843750005081 342.171874994208 368.187499995122 359.312500004065 337.421875032419 365.593750026627 426.250000026017 490.328125008233 544.937499968293 580.609374909247 634.515624937906 699.828124928963 741.359374912499 752.593749988821 807.109374966565 885.234374964127 944.343749975406 1017.51562501027 1115.34374998069 1201.21874996524 1243.54687497591 1270.39062498709 1254.0312500685 1295.76562508262 1292.48437504177 1289.12500003659 1310.96875002256 1364.06250008537 1338.89062508262 1315.7656250749 1334.84375010142 1382.875 1351.1875 1309.26562507653 1300.92187501006 1295.5625 1301.75 1275.9062500437 1260.10937499096 1228.71875000589 1214.60937502632
113.562500001217 110.250000032451 98.8906250043603 83.2812499523379 93.3750000000001 -9999 92.9531250023332 163.640625051009 257.546875134773 310.656250065105 410.156250059833 471.093750035493 498.781249979516 520.06249996187 573.671874932766 566.640624772743 425.468749837947 344.468749872022 357.140624825476 330.984374956292 266.531249973836 274.921874968057 308.250000003245 294.796875057701 327.671875007403 330.484375030524 305.750000026772 291.500000029206 321.812500060846 384.10937505324 475.343750040362 569.093750016023 616.484375050806 642.218750068755 708.781250110941 740.750000140755 772.328125028699 838.093750014401 906.453124988136 946.062499978096 1000.54687495548 1089.37500004097 1137.45312518081 1187.04687509989 1240.625 1240.8125 1260.98437500538 1289.39062501085 1302.5781249853 1342.14062499341 1363.93750003164 1333.37500000974 1313.68750002028 1301.96875001237 -9999 -9999 -9999 -9999 -9999 -9999 -9999 1182.375 1169.0625 -9999
-9999 95.2499999999998 84.7812500261073 117.406249973893 103.453124978244 93.9375000052619 117.468749998583 132.421875016494 169.468750055655 245.640625075387 358.9218750509 446.43750001781 506.562500003643 531.218750013964 634.937499934836 671.781249999797 518.04687496185 436.906249928155 462.187499947382 376.546874945255 282.937499990691 288.234375003137 297.750000019428 299.906249931394 295.890625061219 292.937500050595 309.781249964584 310.859374929066 270.156250050799 373.093749970656 461.093749990489 530.093750068202 559.10937507316 587.656250049178 625.625000068809 648.453125058791 739.609375041995 824.921875014066 916.671874989781 978.359374952138 1080.2343748724 1115.34374990306 1011.68750009107 1140.875 -9999 -9999 1258.5 1284.375 1309.375 1325.6406250422 1314.67187507478 1297.75000006719 1295.75000001848 1215.50000001848 -9999 -9999 -9999 -9999 -9999 -9999 -9999 -9999 -9999 -9999
-9999 -9999 -9999 95.640625024536 126.140624991417 109.734374992023 97.0000000000005 121 144.187499995154 210.609375015449 326.82812499263 423.156249998991 537.640624973244 629.51562484602 672.031249811589 657.734374843394 513.593749858439 461.656249951736 459.875000079969 428.328124985762 329.765624947394 313.359374985561 298.390624953453 323.421875036451 284.82812504271 230.968750016357 270.734375046954 349.718750009087 329.124999867932 402.906249984855 433.093750026455 484.843750005857 509.750000009694 543.312500055736 583.171875077243 623.625000044831 714.609375000103 811.031249945274 927.156250003839 1024.46875000747 1118.64583333334 -9999 -9999 -9999 -9999 -9999 -9999 -9999 -9999 -9999 -9999 -9999 -9999 -9999 -9999 -9999 -9999 -9999 -9999 -9999 -9999 -9999 -9999 -9999
-9999 72 -9999 75.0937500139038 102.609375059142 122.906249979648 100.624999983074 -9999 147.046874998691 193.921875020453 270.250000128964 383.17187508695 491.65625012554 706.578124988012 800.749999911336 821.46874980434 700.62499973925 546.3124998662 443.562499955266 432.546875005138 342.000000026195 316.734375007154 339.078124958994 317.984374975315 259.656250011485 245.17187495315 264.640624966249 344.468750002217 451.421874868922 427.187499962922 411.671875019647 463.000000041107 498.781250013904 506.187500024181 538.687500018539 605.859374993452 717.656249993353 838.124999996374 911.781250029219 1014.8125000133 -9999 -9999 -9999 -9999 -9999 -9999 -9999 -9999 -9999 -9999 -9999 -9999 -9999 -9999 -9999 -9999 -9999 -9999 -9999 -9999 -9999 -9999 -9999 -9999
-9999 -9999 76.9843749807983 82.0468749832109 93.6718749868303 106.843749987735 105.093749972856 -9999 -9999 171 192.468750020711 287.953125188099 402.484375173424 643.75000015804 748.000000085655 823.328124936363 766.156249914142 595.57812499829 491.921875003317 438.765624967728 367.421874937367 342.765624972957 353.218750004223 334.937499980697 312.43749991515 277.843749915753 293.968749964814 337.796875024229 429.875000092492 428.79687505479 398.625000014477 422.437500032573 446.32812506223 465.500000047452 533.67187502061 602.203125045341 686.250000090079 768.187500134715 -9999 -9999 -9999 -9999 -9999 -9999 -9999 -9999 -9999 -9999 -9999 -9999 -9999 -9999 -9999 -9999 -9999 -9999 -9999 -9999 -9999 -9999 -9999 -9999 -9999 -9999
-9999 -9999 83.7343750047147 84.1562500122383 93.2968750139438 89.3125000497557 103.687500030095 106.874999991573 -9999 -9999 170.578125011536 165.000000075436 238.984375176857 480.812500191 670.562500080253 849.250000008027 825.781249958067 631.015624925866 531.296874912425 485.593749931987 452.453124880525 382.796874941316 346.140625010934 347.124999993179 352.234374999498 315.953125002507 300.578125020966 300.812500054972 335.468750109744 377.281250055574 397.968749986959 402.937500009229 423.124999987561 456.78124997131 515.765625017756 568.687500026483 618.468750055173 697.453125016954 -9999 -9999 -9999 -9999 -9999 -9999 -9999 -9999 -9999 -9999 -9999 -9999 -9999 -9999 -9999 -9999 -9999 -9999 -9999 -9999 -9999 -9999 -9999 -9999 -9999 -9999
-9999 -9999 -9999 -9999 76.9166666666667 93.5572916477489 109.234375024925 134.609374974075 104.593749943346 105.812500002002 -9999 -9999 228.750000000001 352.968750094291 567.65625015435 741.843750015015 792.015624696412 823.140624745658 698.531249808416 557.296874814723 500.953124956257 431.812499977578 352.87499998999 305.625000024823 283.781250043842 281.906250049847 261.500000055653 239.093750014213 272.218749999401 332.640625091587 386.79687506216 429.874999878685 462.484374837145 466.374999963565 506.203125007107 551.343750011011 601.140624996297 637.187500002002 -9999 -9999 -9999 -9999 -9999 -9999 -9999 -9999 -9999 -9999 -9999 -9999 -9999 -9999 -9999 -9999 -9999 -9999 -9999 -9999 -9999 -9999 -9999 -9999 -9999 -9999
-9999 -9999 -9999 -9999 -9999 -9999 91.8906250120846 101.703125095982 155.453124948163 132.531249979026 -9999 -9999 -9999 288.875000041949 453.562500089095 746.859374974333 902.078125068417 953.031249977028 848.203124872255 679.546874924392 521.624999999599 451.921874979525 357.8906249993 296.437499994806 248.859375030662 232.500000055532 225.078125022073 255.546874950761 270.484375004295 264.109375054633 303.64062511516 499.437499972835 595.843749878348 493.703124978126 505.546874994308 523.828125047641 597.718750010987 635.171875002297 -9999 -9999 -9999 -9999 -9999 -9999 -9999 -9999 -9999 -9999 -9999 -9999 -9999 -9999 -9999 -9999 -9999 -9999 -9999 -9999 -9999 -9999 -9999 -9999 -9999 -9999
-9999 -9999 -9999 -9999 -9999 -9999 -9999 63.0937499958144 133.531250059996 166.468749964721 -9999 -9999 -9999 255.10937503797 316.609375078633 498.671875180282 807.125000175402 906.874999994817 914.265624940103 748.234374895258 553.281249909709 467.968750059196 418.265625080024 314.5312500289 256.312499971696 197.484374997708 179.874999994021 230.078124861575 283.531249934027 277.296874906819 275.624999815436 545.906249816034 609.828124916983 532.296874922366 553.578124981962 559.953124966415 621.671874942299 663.296874951865 -9999 -9999 -9999 -9999 -9999 -9999 -9999 -9999 -9999 -9999 -9999 -9999 -9999 -9999 -9999 -9999 -9999 -9999 -9999 -9999 -9999 -9999 -9999 -9999 -9999 -9999
-9999 -9999 -9999 -9999 -9999 -9999 -9999 66.8749999976135 98.8906250136241 167.546875032915 167 -9999 -9999 -9999 286.656249985087 444.390624935266 655.437500146775 875.00000007279 977.218749926218 962.07812465087 695.968749787397 523.609374822898 399.703124959527 317.484374964898 275.015624988564 236.437499919653 223.656249913091 298.890624992145 388.249999843683 397.906249837119 400.828124918561 589.828125090392 704.468749882064 598.10937493785 576.921874968478 569.656250012927 635.875000027446 685.9375 -9999 -9999 -9999 -9999 -9999 -9999 -9999 -9999 -9999 -9999 -9999 -9999 -9999 -9999 -9999 -9999 -9999 -9999 -9999 -9999 -9999 -9999 -9999 -9999 -9999 -9999
-9999 -9999 -9999 -9999 -9999 -9999 -9999 63 68.0156250455429 120.328125062212 170.87500005596 -9999 -9999 -9999 -9999 496 491.343750141092 610.406250312548 911.187500244087 1025.89062501697 894.281249954554 658.968749922407 471.171874884209 416.515624899092 351.57812491973 310.84374990574 297.390624952275 349.515625055862 376.79687504852 397.000000057151 367.812500090092 432.218750101405 659.312500028577 643.750000011906 672.265625032048 617.046874988589 638.156249951779 -9999 -9999 -9999 -9999 -9999 -9999 -9999 -9999 -9999 -9999 -9999 -9999 -9999 -9999 -9999 -9999 -9999 -9999 -9999 -9999 -9999 -9999 -9999 -9999 -9999 -9999 -9999
-9999 -9999 -9999 -9999 -9999 -9999 -9999 -9999 46.5000000000002 74.2031250353439 112.76562504366 176.000000000001 192 -9999 -9999 -9999 419.015625011978 411.562500108111 725.1406251494 954.171875134544 887.765625059102 714.046874961091 541.953124966042 486.734374952379 441.249999890701 384.203124939113 330.29687497812 308.59375003069 329.312500051877 321.531250102368 311.234375029601 364.250000042374 620.921875052573 660.062499953666 617.562500083557 611.562500022969 711.890624920699 -9999 -9999 -9999 -9999 -9999 -9999 -9999 -9999 -9999 -9999 -9999 -9999 -9999 -9999 -9999 -9999 -9999 -9999 -9999 -9999 -9999 -9999 -9999 -9999 -9999 -9999 -9999
-9999 -9999 -9999 -9999 -9999 -9999 -9999 -9999 -9999 -9999 81.4375000067185 200.921875059765 219.479166588825 -9999 -9999 -9999 -9999 -9999 558.968749965035 834.921875122591 959.343749830687 832.453124793641 663.046874754719 478.734374927789 499.812499965229 433.531249951596 359.015624957622 326.249999975107 325.671874919096 298.812499947843 346.609374929767 403.89062498133 597.296875246267 679.328125186403 688.984374998519 701.968749717284 970.406249743364 -9999 -9999 -9999 -9999 -9999 -9999 -9999 -9999 -9999 -9999 -9999 -9999 -9999 -9999 -9999 -9999 -9999 -9999 -9999 -9999 -9999 -9999 -9999 -9999 -9999 -9999 -9999
-9999 -9999 -9999 -9999 -9999 -9999 -9999 -9999 -9999 -9999 -9999 163.421875019221 237.213541707044 196.916666662987 -9999 -9999 -9999 -9999 574.578125002072 692.937500176234 977.906250129911 964.499999928243 756.234375048785 535.499999952688 503.703125026513 449.937500013798 392.953124970923 362.015624949633 331.156250069191 330.312499985807 384.484374990439 383.406250061701 488.687499982656 750.437499664489 742.468749889019 886.37499989434 1066.82812509019 -9999 -9999 -9999 -9999 -9999 -9999 -9999 -9999 -9999 -9999 -9999 -9999 -9999 -9999 -9999 -9999 -9999 -9999 -9999 -9999 -9999 -9999 -9999 -9999 -9999 -9999 -9999
-9999 -9999 -9999 -9999 -9999 -9999 -9999 -9999 -9999 -9999 -9999 -9999 165 -9999 -9999 -9999 -9999 -9999 -9999 610 826.437499999613 1051.39062492201 815.64062488503 580.421874925747 505.843749947089 441.718749977774 420.124999918569 404.140624949549 333.671874921815 357.484375020948 403.640624996755 423.562499848941 610.031249930578 1072.78124999312 835.218749797603 814.218749935683 956.031249973447 -9999 -9999 -9999 -9999 -9999 -9999 -9999 -9999 -9999 -9999 -9999 -9999 -9999 -9999 -9999 -9999 -9999 -9999 -9999 -9999 -9999 -9999 -9999 -9999 -9999 -9999 -9999
-9999 -9999 -9999 -9999 -9999 -9999 -9999 -9999 -9999 -9999 -9999 -9999 -9999 -9999 -9999 -9999 -9999 -9999 -9999 -9999 824.796875003831 1131.87499990933 922.140624891762 690.15624984437 564.437499930134 538.421874819741 532.718749845548 454.71874994446 410.828124916494 369.109374954763 397.640625015802 497.57812499578 554.296875185958 1126.59374989422 977.999999903046 858.281249971936 998.19791662094 -9999 -9999 -9999 -9999 -9999 -9999 -9999 -9999 -9999 -9999 -9999 -9999 -9999 -9999 -9999 -9999 -9999 -9999 -9999 -9999 -9999 -9999 -9999 -9999 -9999 -9999 1197.54687508154
-9999 -9999 -9999 -9999 -9999 -9999 -9999 -9999 -9999 -9999 -9999 -9999 -9999 -9999 -9999 -9999 -9999 -9999 -9999 -9999 1383.37499983316 1339.07812482994 1033.15625003544 783.968749953199 641.265624927842 611.21874994106 593.843749941059 527.23437486381 511.640624858523 454.921874855586 416.984374953887 568.953125081362 618.421874864599 1322.34374987136 1216.59374932502 979.874999806143 1198.97916657555 1354.85416663547 -9999 -9999 -9999 -9999 -9999 -9999 -9999 -9999 -9999 -9999 -9999 -9999 -9999 -9999 -9999 -9999 672.958333333334 691.145833333333 761.500000000004 884 -9999 -9999 -9999 -9999 1181.70833333333 1151.33333333333
-9999 -9999 -9999 -9999 -9999 -9999 -9999 -9999 -9999 -9999 -9999 -9999 -9999 -9999 -9999 -9999 -9999 -9999 -9999 -9999 -9999 1349.484375148 921.265625197819 787.250000039856 747.203124851219 711.953124848874 648.734374944414 635.84374990954 622.734374909638 619.312499801495 459.312499957798 512.562500036341 628.453125114203 1145.76562549636 1605.51562486294 1234.21874966336 1279.04166659073 1304.36979173287 -9999 -9999 -9999 -9999 -9999 -9999 -9999 -9999 -9999 -9999 -9999 -9999 -9999 504.5 515.687500000003 685.750000000001 819.286458028381 885.286457928737 951.062499604948 1006.29687474513 929.062499921458 -9999 -9999 -9999 -9999 -9999
-9999 -9999 -9999 -9999 -9999 -9999 -9999 -9999 -9999 -9999 -9999 -9999 -9999 -9999 -9999 -9999 -9999 -9999 -9999 -9999 1123.5624999692 1122.43749982299 936.703124818995 788.812499837419 841.765625109459 796.859375065597 781.000000012866 787.84374995029 674.109374906525 654.421875043374 597.51562493947 564.937499918125 511.421875018034 636.765625330913 1069.68750063785 1521.84374972026 1255.14062412968 1129.46874984346 -9999 -9999 -9999 -9999 -9999 -9999 -9999 -9999 -9999 -9999 -9999 -9999 643.968749963935 668.062499764512 760.609374854673 849.765624903213 945.562499943079 1005.23437494629 1066.21875006102 1121.79687493889 1099.1249997263 -9999 -9999 -9999 -9999 -9999
-9999 -9999 -9999 -9999 -9999 -9999 -9999 -9999 -9999 -9999 -9999 -9999 -9999 -9999 -9999 -9999 -9999 -9999 -9999 -9999 1015.93750010516 1182.32812505236 1188.74999965767 871.265624991148 775.859375027519 721.671875090541 734.171875084317 787.703125049891 732.749999971602 676.359374911209 690.093749868323 716.999999766208 642.484374710094 546.765624856553 677.015625178264 1242.09375085951 2070.76562417618 1437.43749951724 1379.17187492502 -9999 -9999 -9999 -9999 -9999 -9999 -9999 -9999 -9999 -9999 -9999 727.781249978022 810.187499940094 835.187499990275 888.343750016533 997.265624949528 1061.57812493669 1064.21874994327 1147.17187500833 -9999 -9999 -9999 -9999 -9999 -9999
