2050_A1B_MR/PREC.asc
NCOLS 720 
NROWS 360 
XLLCORNER -180 
YLLCORNER -90 
CELLSIZE 0.5 
NODATA_value -9999 
[rows 224 to 251 of 360, columns 192 to 255 of 720]
-9999 -9999 -9999 -9999 -9999 -9999 -9999 -9999 -9999 -9999 -9999 -9999 -9999 -9999 -9999 -9999 -9999 -9999 -9999 -9999 -9999 -9999 -9999 -9999 -9999 -9999 -9999 1 2.54687499819096 12.3906249996068 22.1718749963033 31.4062500036182 49.1093750003934 65.1406249989776 95.2500000018885 156.093750010855 252.875000048768 304.015625043339 608.468749836876 976.718749869905 977.2968750737 875.390624941086 654.843749987255 509.062500067014 532.312500027059 603.32812501408 661.140625042396 675.671875037204 639.093749992292 720.234374959493 914.171874984351 1123.84375005113 1235.0937500398 1316.89062497444 1356.62499996948 1354.32812497632 1398.89062498482 1446.46874990955 1471.51562490774 1551.06249995941 1510.8281250188 1375.17187504287 1282.8906250103 1239.20312498104
-9999 -9999 -9999 -9999 -9999 -9999 -9999 -9999 -9999 -9999 -9999 -9999 -9999 -9999 -9999 -9999 -9999 -9999 -9999 -9999 -9999 -9999 -9999 -9999 -9999 -9999 -9999 1.17187499976469 3.76562499976477 12.7656249997648 22.0781250038435 31.0312499970195 45.8281250050986 63.6875000034513 92.4843750027459 139.828125016394 200.796875038513 271.343750011452 765.312499900237 1029.64062504118 900.234375055456 916.734374989567 667.687499991211 464.531250007686 507.046875015297 581.718750022119 609.156250044709 632.546875035061 667.124999960783 776.390624946429 941.781249969412 1102.37499998494 1229.14062497027 1357.48437495757 1397.49999996204 1390.42187496321 1436.53124995216 1523.76562496086 1548.34374996345 1551.81250003922 1456.45312507224 1328.109375036 1291.84374997474 1300.60937491615
-9999 -9999 -9999 -9999 -9999 -9999 -9999 -9999 -9999 -9999 -9999 -9999 -9999 -9999 -9999 -9999 -9999 -9999 -9999 -9999 -9999 -9999 -9999 -9999 -9999 -9999 3.00520833315082 2.59895833315082 5.53124999953078 12.7500000009387 19.3593749994527 35.6250000015645 43.2656250005478 60.4218750010169 88.7343750025817 127.171875002581 170.109375004459 234.703124924209 674.24999999594 858.656250087445 817.062500049747 817.343750076496 676.562500000311 551.031249928509 541.203124943606 565.9062499842 567.500000009699 610.718749997028 717.546874954714 837.68749996058 965.125000034731 1120.00000003942 1235.14062503496 1342.43750006383 1397.98437503981 1426.15624998702 1486.60937496316 1557.34374996856 1564.01562498616 1504.85937501384 1406.03125000141 1341.53124991036 1331.32812493234 1360.01562497083
-9999 -9999 -9999 -9999 -9999 -9999 -9999 -9999 -9999 -9999 -9999 -9999 -9999 -9999 -9999 -9999 -9999 -9999 -9999 -9999 -9999 -9999 -9999 -9999 -9999 -9999 2.86458333359332 2.55208333359332 5.90624999984407 10.0312500035879 17.390625003822 30.7031250066299 41.9531250016383 59.6718750002341 86.6250000009364 124.640625001638 177.70312498292 474.187499677093 747.328124882459 795.468750017939 782.843750007331 747.968750039154 676.421874999921 624.296874949379 611.890624938616 604.953124950783 597.359374940644 650.843749936199 772.343749953983 876.171874975275 942.578125002888 1051.75000007425 1177.76562506061 1283.0937500351 1356.92187502863 1421.65625002044 1519.09374998269 1595.87499996724 1589.09374997208 1506.17187498401 1396.56250001435 1430.92187494064 1416.07812492645 1447.1562498841
-9999 -9999 -9999 -9999 -9999 -9999 -9999 -9999 -9999 -9999 -9999 -9999 -9999 -9999 -9999 -9999 -9999 -9999 -9999 -9999 -9999 -9999 -9999 -9999 -9999 -9999 5.70312499914441 4.99999999751104 7.35937500038893 10.0312500001556 15.6718749960334 28.0468749922999 42.9062500042003 61.1406250002335 89.7031249983671 123.546874993233 224.24999998476 659.859375105862 655.468750085093 773.171875012524 775.312500018044 719.203125019211 670.7031250021 653.031249991133 656.156249976511 675.46874994011 712.312499892976 762.937499900442 835.249999944 911.374999961733 972.812499957377 1020.81250001711 1137.84375001945 1293.37499991258 1340.70312499432 1389.45312500832 1502.43750003142 1590.93750004356 1608.84375001322 1557.18749993995 1462.99999990075 1520.42187488185 1550.71874988287 1557.8906249321
-9999 -9999 -9999 -9999 -9999 -9999 -9999 -9999 -9999 -9999 -9999 -9999 -9999 -9999 -9999 -9999 -9999 -9999 -9999 -9999 -9999 -9999 -9999 -9999 -9999 -9999 8.79687499914685 8.84374999612196 7.87499999875904 11.3906249975957 20.8749999953467 33.9531249979059 39.9062500007758 62.2187499979836 92.9843749962001 136.109374985962 286.124999912829 599.249999994727 630.906249955792 704.171875101682 715.593750080818 690.843750027767 664.843750007601 659.124999998759 679.781249984333 737.203124957575 817.92187493198 861.656249935935 896.515624954473 952.812499969597 1018.60937496673 1025.5468749751 1151.95312495727 1350.51562499263 1357.62499997766 1460.93749987342 1566.04687486342 1564.54687500023 1594.73437501016 1614.93749996432 1590.82812488746 1698.03124982394 1666.31249992554 1669.26562488343
-9999 -9999 -9999 -9999 -9999 -9999 -9999 -9999 -9999 -9999 -9999 -9999 -9999 -9999 -9999 -9999 -9999 -9999 -9999 -9999 -9999 -9999 -9999 -9999 -9999 -9999 13.885416665687 11.1510416640628 9.74999999969063 16.0781249989946 25.2187499945864 39.5156249897135 51.6718749842997 67.3749999891723 98.3437499967521 144.562500007425 261.265625044787 513.640625134808 666.249999942457 629.03124994849 645.25 658.375000016706 652.312500016706 655.687500011137 691.95312499683 769.718749979428 850.640624980433 893.999999994122 934.531249979118 989.890624965892 1055.37499994679 1135.15624988414 1322.43749994277 1400.01562495971 1428.87499995081 1533.03125001624 1613.98437504308 1538.32812503241 1619.56250000557 1730.37499997309 1784.06250003434 1814.90624998469 1784.09374999087 1754.93749998113
-9999 -9999 -9999 -9999 -9999 -9999 -9999 -9999 -9999 -9999 -9999 -9999 -9999 -9999 -9999 -9999 -9999 -9999 -9999 -9999 -9999 -9999 -9999 -9999 -9999 -9999 18.6041666671807 12.5572916669494 9.93750000000003 19.78124999491 33.1874999922879 44.5312500020052 55.8906250087152 83.4062499844214 110.437499983342 134.015625009949 207.640625043577 435.546874994064 687.531250022366 691.37499994879 659.968749975783 644.546875006093 633.140625014885 641.296875012571 689.562500007097 792.640624982802 885.14062496275 900.234374995604 961.203124976941 1032.45312496398 1120.43749994602 1263.78124990391 1389.56249994663 1463.48437493576 1472.74999997686 1520.79687500393 1607.84374996715 1582.53124989496 1629.40624997825 1733.60937502152 1806.84374992828 1887.32812489612 1846.85937490583 1826.70312490074
-9999 -9999 -9999 -9999 -9999 -9999 -9999 -9999 -9999 -9999 -9999 -9999 -9999 -9999 -9999 -9999 -9999 -9999 -9999 -9999 -9999 -9999 -9999 -9999 -9999 -9999 24.3124999987693 13.3437499964623 12.4999999953859 25.2031249900793 47.5781249860805 60.4218749874645 63.671874983773 89.9687499900027 122.578125008229 151.218749994617 250.093749937403 518.921874792742 703.749999903101 739.421874998846 679.73437500223 635.296875005921 617.171875006537 632.921874983466 686.406249962626 813.29687497393 917.29687497516 942.562499948627 1008.14062494455 1088.57812493625 1177.98437492779 1347.39062497531 1410.98437498777 1412.62500000185 1415.71874996078 1458.74999998708 1615.10937494717 1646.4687500263 1635.07812504699 1729.24999998677 1897.21874999769 1973.71874996632 1976.79687486349 2031.8749998185
-9999 -9999 -9999 -9999 -9999 -9999 -9999 -9999 -9999 -9999 -9999 -9999 -9999 -9999 -9999 -9999 -9999 -9999 -9999 -9999 -9999 -9999 -9999 -9999 -9999 -9999 32.6093749876533 18.2656249954755 19.6249999929451 38.5156249881138 63.5624999877306 79.7812499808286 82.1406249859667 103.374999988037 122.343749992179 165.187499982516 352.796874894413 831.578124695175 764.406249997391 701.359375063419 664.781250022238 629.484375003604 623.546874983053 662.781249967639 740.078124949466 856.281249955676 955.171874962808 997.171874961887 1076.43749994356 1168.26562493321 1254.90624994617 1310.54687508489 1306.4531251832 1399.50000001963 1594.07812474732 1660.87499968221 1734.40624985752 1595.32812505744 1612.57812498996 1753.43749997362 1866.42187505268 1958.95312505774 2053.48437501066 2192.23437491864
-9999 -9999 -9999 -9999 -9999 -9999 -9999 -9999 -9999 -9999 -9999 -9999 -9999 -9999 -9999 -9999 -9999 -9999 -9999 -9999 -9999 -9999 -9999 -9999 -9999 -9999 34.8906250127696 22.9374999978589 27.5781249913596 53.9218749808072 86.6406249983947 92.4062499967883 84.828124988301 113.562499982566 144.390624950986 212.874999914053 639.187499938835 918.04687508633 748.312500028137 647.718750018505 634.203125025004 629.046875005276 650.281249981802 709.53124996712 801.234374957563 921.703124947927 1027.29687491902 1071.78124992797 1139.64062496353 1233.53124999404 1263.93750004496 1231.3593749805 1215.76562488675 1367.9218749542 1677.34375005796 1748.50000015018 1750.67187506431 1678.85937489088 1707.12499995137 1763.8906249828 1833.39062496291 1888.51562501246 1969.93750004129 1997.17187513099
-9999 -9999 -9999 -9999 -9999 -9999 -9999 -9999 -9999 -9999 -9999 -9999 -9999 -9999 -9999 -9999 -9999 -9999 -9999 -9999 -9999 -9999 -9999 -9999 -9999 30 27.5312499992375 26.9687499955776 38.5468749907743 74.031249986428 109.656249964163 100.37499999024 104.281249980023 142.999999969501 221.453124923524 321.437499909112 565.921875180182 760.687500169883 704.062500043918 620.203125026305 608.984375016089 621.546875006939 667.999999989326 744.828124975372 847.499999967062 973.312499967976 1092.26562497507 1135.4843749682 1163.12499999817 1185.15625008464 1176.14062509798 1228.35937502432 1341.90624990774 1441.46874992604 1586.59375008982 1630.75000004178 1705.29687500968 1765.39062496805 1795.06249990545 1819.06249992741 1867.09374998216 1869.6250000183 1900.23437507221 1877.26562506443
-9999 -9999 -9999 -9999 -9999 -9999 -9999 -9999 -9999 -9999 -9999 -9999 -9999 -9999 -9999 -9999 -9999 -9999 -9999 -9999 -9999 -9999 -9999 -9999 -9999 35.0624999954382 34.8906249917128 36.249999984186 57.6562499612257 87.6562499931575 111.640625005094 115.015624995971 133.984374979092 171.671874982742 252.656249994375 318.140625006007 439.203125061358 569.281250111763 608.593750079222 594.39062501513 603.34374998525 624.53124997339 682.843749976736 773.265624972858 878.593749982211 991.515624996579 1093.42187500433 1154.40624999316 1167.12499998449 1128.35937501346 1106.7812500108 1183.23437501102 1307.95312503855 1427.01562503672 1511.46875004303 1575.78125004942 1673.03125002631 1806.90624997978 1886.71874996731 1866.18750000061 1836.84375003178 1819.59375007649 1805.70312509998 1817.56250007147
-9999 -9999 -9999 -9999 -9999 -9999 -9999 -9999 -9999 -9999 -9999 -9999 -9999 -9999 -9999 -9999 -9999 -9999 -9999 -9999 -9999 -9999 -9999 -9999 -9999 46.2499999909028 42.0156249967401 48.1562499965128 86.671874991737 95.1562499946933 112.156249994087 119.749999996361 162.953124973997 195.578124978546 261.796874990828 324.187499984232 389.843750018651 464.79687505754 531.625000045487 583.656250002275 631.703124968843 671.312499950875 727.562499950876 810.953124966113 901.609374980518 993.718749999849 1083.62500001152 1163.31249999242 1204.53124995497 1142.70312496338 1122.85937496323 1198.04687496505 1298.06249997756 1395.75000001395 1466.70312502949 1535.09375001653 1658.12499999788 1805.50000002244 1884.09375003684 1868.76562499522 1807.12500001637 1733.06250006368 1707.96875005837 1746.82812504314
-9999 -9999 -9999 -9999 -9999 -9999 -9999 -9999 -9999 -9999 -9999 -9999 -9999 -9999 -9999 -9999 -9999 -9999 -9999 -9999 -9999 -9999 -9999 -9999 -9999 54.20312499297 53.14062498783 79.7187499789856 107.046874978607 102.828124989039 112.921875004611 128.343749997128 183.484374999471 224.640624979061 290.421874977399 340.484375000076 379.671874998867 431.328125004763 501.484375006729 595.32812498269 694.921874937184 742.453124942172 789.531249955401 847.656249970822 914.5312499935 981.750000012095 1052.54687503545 1129.56250007469 1226.96875009207 1170.85937501429 1155.5468750028 1221.07812506221 1308.0781250474 1404.49999998458 1423.6406250734 1523.62500002238 1666.32812499569 1772.5000000508 1828.84375009812 1830.20312508338 1794.1718750288 1678.578125022 1605.56250009525 1533.75000016781
-9999 -9999 -9999 -9999 -9999 -9999 -9999 -9999 -9999 -9999 -9999 -9999 -9999 -9999 -9999 -9999 -9999 -9999 -9999 -9999 -9999 -9999 -9999 -9999 -9999 67.968749990503 64.7187499935183 95.0937499962316 127.624999988242 104.984375007462 117.093749988694 136.593749989599 189.484374990881 243.99999998975 299.187500008442 338.703125002789 385.390624991936 431.421874995101 495.718750002564 615.999999984022 760.218749957641 804.515624957866 836.499999968947 879.859374977313 919.828124997966 965.953125013341 1012.70312502872 1058.35937504002 1114.98437508826 1134.67187504394 1153.6250000003 1169.23437502133 1268.09375001704 1368.87500007266 1318.31250009618 1489.03125003332 1653.5781250248 1692.95312507726 1701.43750010703 1712.50000010613 1703.56250011698 1600.76562510318 1486.68750009617 1401.65625004507
-9999 -9999 -9999 -9999 -9999 -9999 -9999 -9999 -9999 -9999 -9999 -9999 -9999 -9999 -9999 -9999 -9999 -9999 -9999 -9999 -9999 -9999 -9999 -9999 106.265624994313 92.6249999706396 86.9687499697882 118.093749961671 150.078124987598 93.1249999792571 110.937499996994 134.937500006013 192.953125002932 247.234374997069 301.5312499752 357.781249940929 405.874999972344 444.31249998046 499.671874974524 626.984374984444 756.140625018564 810.375000016534 843.406250010071 877.765625013453 912.250000012927 946.18750001473 984.734375016309 1024.62500001473 1062.92187499737 1111.71874998632 1171.51562497467 1244.68749993657 1376.78124995476 1374.76562495453 1350.92187494206 1455.78125002661 1563.95312505344 1591.75000009289 1579.546875108 1579.21875010056 1586.28125005546 1535.32812502908 1485.1718749165 1442.84374988561
-9999 -9999 -9999 -9999 -9999 -9999 -9999 -9999 -9999 -9999 -9999 -9999 -9999 -9999 -9999 -9999 -9999 -9999 -9999 -9999 -9999 -9999 -9999 -9999 116.56249998921 132.59374996538 124.890624969501 146.734374992432 136.859375033495 116.328124983589 112.296875000824 126.593750007344 185.031250009743 251.687499995804 328.578124981492 402.968749986662 434.890624981192 473.046874973548 542.374999957139 657.87499996613 745.874999997902 791.953125012964 825.031250019334 857.843750018434 895.750000013489 928.281250013938 965.093750015138 1007.37500001289 1066.34374999715 1126.10937499063 1197.85937498314 1295.21874998247 1391.31250002188 1406.73437499423 1402.06249997602 1444.48437499153 1518.48437501941 1485.53125007718 1444.78125010776 1461.18750008842 1478.09375011765 1494.92187503559 1520.28125002713 1477.39062505882
-9999 -9999 -9999 -9999 -9999 -9999 -9999 -9999 -9999 -9999 -9999 -9999 -9999 -9999 -9999 -9999 -9999 -9999 -9999 -9999 -9999 -9999 -9999 -9999 164.421874997833 174.218749978332 169.23437495644 183.718749972355 160.406249981618 127.031249972654 116.781250007023 125.406249992678 196.703125011881 250.000000008967 335.04687500695 404.515625004708 444.609374996788 505.921874983338 592.749999988644 679.093750032129 752.468750011806 781.906250008219 808.281250012702 841.750000008667 887.12500000538 917.359374998879 948.500000000598 989.000000014047 1048.85937501831 1109.00000002301 1181.9375000266 1281.828125034 1360.00000003646 1370.07812503848 1369.29687504341 1403.42187506672 1412.50000009534 1374.90625007517 1316.32812507375 1295.75000016946 1358.82812511888 1431.48437503504 1484.03125004498 1440.71875004498
-9999 -9999 -9999 -9999 -9999 -9999 -9999 -9999 -9999 -9999 -9999 -9999 -9999 -9999 -9999 -9999 -9999 -9999 -9999 -9999 -9999 -9999 -9999 -9999 184.156249991706 204.703124973156 211.562499976161 222.53124996588 173.296874997838 164.249999968115 134.828124964314 120.531250015049 177.156250019221 247.468749995084 327.546875004993 402.078124999181 450.843749993296 513.421875004694 598.281250002533 655.375000005663 737.468750012069 766.484375016315 795.015625008419 833.265625004843 880.42187500529 923.17187499188 963.218749976012 983.609374994562 1022.37500002384 1074.07812503256 1141.81250003725 1228.06250005155 1297.51562506295 1309.98437505714 1306.43750005662 1313.70312507606 1302.81250007927 1287.01562506474 1251.45312502957 1205.28124997482 1263.1093750336 1359.53125007942 1396.51562509424 1364.45312507636
-9999 -9999 -9999 -9999 -9999 -9999 -9999 -9999 -9999 -9999 -9999 -9999 -9999 -9999 -9999 -9999 -9999 -9999 -9999 -9999 -9999 -9999 -9999 -9999 274.749999982173 259.703124951199 253.703124975563 269.687499959296 229.953124938719 185.328124979722 152.171874982544 137.734374978979 181.640624988339 254.812499993464 335.593749983808 413.921874975117 477.437499958108 533.687499967912 606.21874997222 674.984374976009 737.187499998812 743.562500013073 786.796874997401 830.531250001634 874.828125010623 925.312500006834 961.656250008765 958.281250041745 983.046875028598 1034.60937502592 1086.62500004754 1156.09375006581 1223.06250004992 1233.60937503989 1212.62500005823 1202.45312507896 1215.9375000511 1234.59375001679 1241.0624999902 1241.62499997772 1252.85937501374 1280.46875005987 1287.68750006388 1256.90625001619
-9999 -9999 -9999 -9999 -9999 -9999 -9999 -9999 -9999 -9999 -9999 -9999 -9999 -9999 -9999 -9999 -9999 -9999 -9999 -9999 -9999 -9999 -9999 -9999 339.531249983657 331.921874934554 276.953124987633 318.249999963858 297.499999954377 224.609374958155 173.265624984076 159.671874986299 195.093749990373 261.374999996149 359.968749977635 446.874999972746 516.015624980819 570.718749973486 643.765624968377 717.593749956601 748.249999983707 750.54687497593 793.031249992743 823.687500009184 858.843750014665 905.390625024663 943.140625020515 916.140625024959 951.734375020961 1008.07812501607 1021.93750005481 1062.85937508169 1155.93750005629 1189.68750002962 1171.46875000696 1155.39062499563 1185.42187499726 1231.64062498793 1262.48437497593 1249.40625000992 1221.82812503533 1220.18750003555 1221.64062504066 1224.45312500911
-9999 -9999 -9999 -9999 -9999 -9999 -9999 -9999 -9999 -9999 -9999 -9999 -9999 -9999 -9999 -9999 -9999 -9999 -9999 -9999 -9999 -9999 -9999 -9999 434.718750018758 431.296875027837 345.98437495075 408.890624921063 367.296874950451 272.140624961528 213.437499950378 188.312499955695 209.359374981171 269.734374990032 374.718750008124 470.484375003028 524.046875016024 589.343750004283 668.968750004875 745.093750020824 764.265625003766 768.765624997563 787.531250009304 811.765625008197 841.750000001477 870.156249999262 896.953125015876 888.234375002141 933.953125005539 981.437500038102 936.312500067934 954.171875115563 1091.65625004357 1171.2499999997 1212.90624997091 1217.68749996515 1221.73437497585 1250.60937499269 1246.73437500864 1210.54687501927 1188.34375001787 1187.96875001698 1188.84375000842 -9999
-9999 -9999 -9999 -9999 -9999 -9999 -9999 -9999 -9999 -9999 -9999 -9999 -9999 -9999 -9999 -9999 -9999 -9999 -9999 -9999 -9999 -9999 -9999 -9999 471.000000016195 430.031249974232 482.015624835456 538.031249875872 429.359374951923 329.562499948169 275.546874951924 241.28124996098 238.046874973717 283.515624988294 361.125000013253 448.593750031364 500.468750021057 576.593750015756 647.406250029008 712.000000031216 754.140625012148 764.546875009055 776.515625008025 806.234375000516 845.312499992933 878.218749988073 895.453124986527 903.0468749746 935.078124992712 945.296875018774 890.046875004932 885.687499992344 1048.06250002503 1168.57812500449 1234.51562499507 1238.87500000147 1239.03124999691 1250.04687500817 1221.93750003033 1181.67187502614 1161.89062502373 1173.60937500562 -9999 -9999
-9999 -9999 -9999 -9999 -9999 -9999 -9999 -9999 -9999 -9999 -9999 -9999 -9999 -9999 -9999 -9999 -9999 -9999 -9999 -9999 -9999 -9999 -9999 -9999 544.374999876387 519.484374863836 608.671874832716 631.171874963076 480.218749961682 373.999999997357 304.656250000146 273.765624987594 263.109374991559 294.140624997284 353.828125004919 417.437500016149 466.765625029289 523.203125045144 597.296875037657 671.265625026646 723.484375034427 733.281250020993 764.031250009837 810.484374998606 861.031249987228 906.078124972033 925.937499968583 929.499999983558 957.56249997152 963.328124959407 933.729166598939 959.651041646285 1057.89062499317 1126.14062505307 1177.35937515569 1157.53125013873 1178.81250009161 1215.0937500806 1175.95312507274 1134.6093750723 1122.5312500251 -9999 -9999 -9999
-9999 -9999 -9999 -9999 -9999 -9999 -9999 -9999 -9999 -9999 -9999 -9999 -9999 -9999 -9999 -9999 -9999 -9999 -9999 -9999 -9999 -9999 -9999 699.5312499214 696.812499885247 709.60937483892 821.671874834235 637.171875027443 494.468750015952 346.203125046032 287.265625027005 272.968750013612 262.640625009148 292.546875005196 347.125000005563 400.890625009734 439.250000013759 479.234375023639 560.687500019615 643.234375017199 685.796875024517 711.34375001332 752.828125007685 812.359374998464 878.234374985876 940.437499974239 963.296874972995 940.843749998683 974.015625002709 998.203124986022 968.557291679815 941.416666674766 986.031250119001 1092.25 988.359375139855 969.796875154786 1059.60937509477 1071.00000014461 1058.43750011095 1078.1250000161 -9999 -9999 -9999 -9999
-9999 -9999 -9999 -9999 -9999 -9999 -9999 -9999 -9999 -9999 -9999 -9999 -9999 -9999 -9999 -9999 -9999 -9999 -9999 -9999 -9999 -9999 767.562499981612 802.109374899963 768.124999978985 835.203124922291 839.203125100617 612.468750046552 415.656250067856 257.64062505363 244.95312501598 248.750000009632 251.937500001168 289.062499995914 347.828124991172 404.499999983072 450.999999973732 497.12499997023 562.39062498621 622.531250004816 659.078125011018 690.625000016929 738.500000015178 808.296875005327 891.359374997448 972.593749987596 1001.64062497833 965.968749982925 961.203125004305 970.25000003123 949.828125018314 932.015625006056 924.468750029041 899.296875040642 -9999 -9999 -9999 -9999 -9999 -9999 -9999 -9999 -9999 -9999
-9999 -9999 -9999 -9999 -9999 -9999 -9999 -9999 -9999 -9999 -9999 -9999 -9999 -9999 -9999 -9999 -9999 -9999 -9999 -9999 -9999 -9999 780.92187500051 816.265625077768 842.562499905429 938.609374916995 756.140625028587 544.312500059361 358.093750021676 224.54687499789 224.234375016223 230.28125001906 251.140625000073 294.312499995926 362.359374986252 433.374999972065 486.578124970974 533.406249973375 582.265624982905 627.078124988142 660.765624986396 673.750000009312 719.093750014987 808.718749994036 903.687499983415 970.718750015277 998.125000027062 973.000000006111 950.140625012876 931.76562502859 925.687500019205 921.796875009821 884.250000033463 862.875000016005 -9999 -9999 -9999 -9999 -9999 -9999 -9999 -9999 -9999 -9999
