2050_A1B_MR/TMAX.asc
NCOLS 720 
NROWS 360 
XLLCORNER -180 
YLLCORNER -90 
CELLSIZE 0.5 
NODATA_value -9999 
[rows 224 to 251 of 360, columns 567 to 629 of 720]
-9999 -9999 -9999 -9999 -9999 -9999 -9999 -9999 -9999 -9999 -9999 -9999 -9999 -9999 -9999 -9999 -9999 -9999 -9999 -9999 37.8512492177417 38.9343751063498 39.9314057813103 40.7265624982775 41.8740621197582 42.5100000492907 41.8790627710814 41.4579686518307 41.2901564242745 41.5682808773496 42.0121882569274 42.3073443772178 42.1512494681567 41.9862501621309 42.2014073136104 42.3487501146486 42.3351561429877 42.5382813218803 42.7900005581103 42.6142188906992 42.4243742823758 42.2487505674173 42.1348443031382 42.0782811047117 41.9882810118418 41.9134379032908 41.7854691747697 41.5910941364402 41.6131249071835 41.5940623285258 41.5331248641895 41.3617185951325 40.9356255532097 40.3289061189319 39.7518749832572 39.3742188810523 39.0728124378271 38.924530923199 38.7449999452298 38.9774996643018 39.2006254795517 39.2306252125229 39.4992185834444
-9999 -9999 -9999 -9999 -9999 -9999 -9999 -9999 -9999 -9999 -9999 -9999 -9999 -9999 -9999 -9999 -9999 -9999 -9999 -9999 38.2477087574203 39.5518751739484 41.3181242337414 42.3901561487983 43.0201562635404 43.3921868198058 42.8779680123289 42.2290626159513 41.1612496375912 40.8074996467514 40.7676561484252 41.5564059625936 42.0387497547865 42.0012494325324 41.8479686978766 42.0089060071747 42.1387495995101 42.2729691863962 42.4135940079117 42.4646871688162 42.2551556828312 42.0649997595235 42.0017185809385 41.9282810689062 41.7721870542592 41.6242188812518 41.5721877813072 41.3689067365441 41.2742190365031 41.2523435358084 41.2659376863257 41.1039064529829 40.7818745376468 40.3260939120673 39.8587495683369 39.5120313166042 39.2851564882468 39.1457804439421 38.9690620298746 38.7342188357672 38.7070312504965 38.7932813767642 39.106874704681
-9999 -9999 -9999 -9999 -9999 -9999 -9999 -9999 -9999 -9999 -9999 -9999 -9999 -9999 -9999 -9999 -9999 -9999 -9999 -9999 38.1093749009311 39.4651558401102 41.5342186695361 42.8060936336043 42.9795311690057 43.2612497813839 43.5931252246547 43.3154684897334 42.3962502468728 41.7251563663925 40.6287503234295 40.5762503145092 41.1246873142948 41.5371880538679 41.484687388483 41.5381248596053 41.8620314599609 42.1842189433889 42.2526564002248 42.1529688241327 41.9537497164978 41.7784376742098 41.6514062883558 41.6618748906685 41.521250248118 41.4635933043833 41.4673441057325 41.2273437383082 40.9367194178293 40.6892194750342 40.7379686238329 40.5945308807351 40.2321871524392 39.8657813672873 39.5390623812741 39.1570308811074 38.8509375462772 38.7870318302918 38.6778128157246 38.5357812054349 38.1917181612164 38.0743749735769 38.4315624232884
-9999 -9999 -9999 -9999 -9999 -9999 -9999 -9999 -9999 -9999 -9999 -9999 -9999 -9999 -9999 -9999 -9999 -9999 -9999 -9999 37.3346874122017 39.0460934048009 40.8746876125575 42.3134378198725 42.9368749260934 43.0245314237125 42.9725001459283 43.027656198416 43.0042185188018 42.1971879597937 41.464999615572 40.9840623135577 40.8096874358906 40.9217190745387 41.1110935808063 41.3356243372619 41.5259370807905 41.7904688719796 41.9939062003416 41.8970310094008 41.6753124597169 41.5285938384668 41.4451558591285 41.3525001408417 41.2273437980105 41.215624869057 40.8607820277663 40.7046881324504 40.5996876958074 40.3765627744606 40.3071879749756 40.0854683524049 39.8089059593048 39.4635934235748 39.0707810524097 38.6864065529203 38.2368751168719 38.0970306994691 38.2353130576265 38.0787501335425 38.5249999754936 38.8295314301381 39.1909374586218
-9999 -9999 -9999 -9999 -9999 -9999 -9999 -9999 -9999 -9999 -9999 -9999 -9999 -9999 -9999 -9999 -9999 -9999 -9999 35.5607284905264 36.4629170307454 38.3193745022155 40.2759372593762 41.9809375405888 42.9835941194874 43.1171876190988 42.9592192770396 42.510156631444 42.3732815391142 42.2695308932394 41.8659378295325 41.2534370426081 40.8610940577101 40.7910940645764 40.9598436355443 41.1189062595671 41.2074999809638 41.3629689218768 41.5129691364442 41.5412503484209 41.4512493614427 41.32546901735 41.2832812669779 41.1078125836503 40.9648445846618 40.961406111928 40.5493751764982 40.4292182922993 40.2178114058687 39.9553120138237 39.9576564435103 39.8007814887756 39.7604693178072 39.5079692601076 39.0467187161119 38.7474997632936 38.4967185849848 38.3826554411847 38.537343620589 38.5873439900942 38.8339058752963 39.1945319174281 39.6435943244682
-9999 -9999 -9999 -9999 -9999 -9999 -9999 -9999 -9999 -9999 -9999 -9999 -9999 -9999 -9999 -9999 -9999 -9999 -9999 34.9560410978013 35.4541668303699 37.8403124812105 40.2778124807451 42.199843704281 43.1209380625019 43.097968161248 42.7417180540434 42.3957808019879 41.9720311165236 41.7745315432091 41.4539067150845 41.0007818937775 40.8559370635528 40.8881258368244 40.9007821084193 40.9839065672898 41.0739063026359 41.0348437431755 41.2017188075299 41.1817191841878 41.0889067055757 41.0390630962 40.9560934307727 40.8073440197069 40.7571874262376 40.6979691984526 40.3745316269224 40.3926567435241 39.998436927949 39.5507805352166 39.2465618856665 39.1121872671332 39.1379684812471 39.2670312528907 39.3120315671657 39.253281593156 38.9589070079112 38.7660938500761 38.7885941865534 39.0110945701653 39.0846872329417 39.320156216557 39.66234332332
-9999 -9999 -9999 -9999 -9999 -9999 -9999 -9999 -9999 -9999 -9999 -9999 -9999 -9999 -9999 -9999 -9999 -9999 -9999 -9999 35.9425003520676 37.9770310517283 40.3010938169808 42.2710933694252 42.9020315415938 42.7843751317397 42.5528123384802 42.2651559717424 41.8765623576248 41.5881254084351 41.2900003796764 41.1831256752629 40.8085936308534 40.6748439071745 40.5993742345805 40.7289060952251 40.7035935522866 40.7390627863204 40.8501563074177 40.8915623428711 40.7406256797899 40.6915628317313 40.6807805301824 40.5670321585225 40.6345317364938 40.4607813361145 40.2268755439037 39.969374597583 39.6089055541449 39.1865624190908 38.6962496042994 38.3260935545377 38.2806247476166 38.5781248218543 38.7478126293911 38.9268746978271 38.8912501339568 38.7642195823848 38.6606246235492 38.7098441127373 38.9165621403824 39.260937452423 39.5426564811663
-9999 -9999 -9999 -9999 -9999 -9999 -9999 -9999 -9999 -9999 -9999 -9999 -9999 -9999 -9999 -9999 -9999 -9999 34.1143755910837 34.627500772357 36.3150007726531 38.5981248014741 40.0235933663798 41.3584377771749 42.0371879346236 42.1543750171181 42.0353126528362 41.7926560641206 41.4350001216459 40.8967184428403 40.6098431354099 40.4917188888836 40.5067186955979 40.5642187002953 40.5689057709244 40.4921880962393 40.5850000381686 40.5867192149494 40.5824997427516 40.5367186073059 40.4012497070074 40.3048440817096 40.4290627243217 40.3729687930873 40.3321875933611 40.1054687503015 39.8518744710192 39.5831252337767 39.3309375048995 38.9990629555353 38.5889063478542 38.246406555266 37.9618751408521 37.9242192510885 37.99124980033 38.1112496264078 38.1628124125425 38.1370311386721 38.0910934812742 38.0887492901944 38.3812497263061 38.9956251386129 39.5965624451745
-9999 -9999 -9999 -9999 -9999 -9999 -9999 -9999 -9999 -9999 -9999 -9999 -9999 -9999 -9999 -9999 -9999 -9999 -9999 35.2710414330483 36.8266661565289 38.7345303304418 39.6026562457754 40.5492185958039 41.2040622240882 41.4574992661445 41.5784375673186 41.2351562983535 40.7232812053703 40.294219136891 39.9717190870077 39.9115625624764 40.096719205491 40.1532812714723 40.250312686251 40.2592186334833 40.2690621618163 40.3192185168766 40.2470316891662 40.1109372976595 40.0298441054598 40.1199994685819 40.0881249909493 39.9985943440691 39.8289065363199 39.8785941603453 39.6554692390049 39.5039069056349 39.2667180896613 38.8450002074949 38.4864060279377 38.0462504620521 37.6740623113402 37.5606250760079 37.6562495825368 37.348281263926 37.2362500425616 37.3064068553025 37.6710934042846 38.0171880124231 38.3884377476492 38.9464064239925 39.4301565886305
-9999 -9999 -9999 -9999 -9999 -9999 -9999 -9999 -9999 -9999 -9999 -9999 -9999 -9999 -9999 -9999 -9999 -9999 -9999 -9999 36.3732295440321 37.6371873031724 38.7078130254427 39.6004685171282 40.3987502462368 40.9348438385975 40.9348434810801 40.4762497550024 40.0037500267352 39.7359378936529 39.4148433209225 39.465312540775 39.7517182831528 40.0520312787613 39.9451563360462 39.8031257991409 39.6695312267693 39.6250000602151 39.7018743161559 39.658594012686 39.5704686051007 39.6887494330147 39.5598433617573 39.5415630940043 39.5181254151397 39.5143752101396 39.1900001173404 39.2207811479593 39.1748434901935 38.7043753863976 38.6565623283923 38.1967189910351 37.8850007056822 37.7490622401008 37.8615621327296 37.6412503718318 37.5545311568488 37.5637501476784 37.6274992824398 38.0748440624104 38.6232815980121 39.070155858844 39.4793749450073
-9999 -9999 -9999 -9999 -9999 -9999 -9999 -9999 -9999 -9999 -9999 -9999 -9999 -9999 -9999 -9999 -9999 -9999 -9999 -9999 35.9300003051758 36.2871869811667 37.4271876821907 38.7035935527557 39.7381258611071 40.3760940437297 40.3831250073911 40.2256250382326 40.0212496518569 39.6317182183304 39.3753120901143 39.3424999121093 39.5075001123993 39.5407814387598 39.409530759331 39.2914062146096 39.0162501933974 38.9820311670727 39.1100000745093 39.1340625291195 38.9915624860114 39.154531836827 39.0771869426037 39.0720316772304 39.0734369757957 38.9460932616984 38.7581249480709 38.7282816174514 38.70203101682 38.3129695060171 38.4667181970991 38.0990625024102 37.7728127238733 37.7739061118296 37.655312597848 37.6724995971062 37.597030997404 37.6229682563795 37.7949999569837 38.097187757408 38.4684373139861 38.8571877481343 39.412656247875
-9999 -9999 -9999 -9999 -9999 -9999 -9999 -9999 -9999 -9999 -9999 -9999 -9999 -9999 -9999 -9999 -9999 -9999 -9999 -9999 -9999 35.2090626963405 36.245000124911 37.849531532082 39.1639062171407 39.7278127080052 39.8276566869717 39.8534372454121 39.890937567021 39.7001562117379 39.1414066554984 38.9464068415991 39.0017186408086 39.0050001745091 38.8076566462819 38.7856252794011 38.6257817152738 38.4162497524473 38.3853122597782 38.6109375361059 38.6723443867812 38.6862497930211 38.5259377364294 38.5221879486616 38.5573429470532 38.4421870116064 38.2260935906034 38.1821874386136 38.1700001958997 37.9131247405446 38.0499996547414 37.8103126887944 37.658437610098 37.6440626979865 37.531093776332 37.4756247404104 37.4240626694312 37.6131250859405 37.7739054562011 38.1520312428421 38.4740622640037 38.6828125120262 39.1946870685585
-9999 -9999 -9999 -9999 -9999 -9999 -9999 -9999 -9999 -9999 -9999 -9999 -9999 -9999 -9999 -9999 -9999 -9999 -9999 -9999 -9999 34.6605212887407 35.2942705952802 37.1864058378545 38.7796873453944 39.3004687432345 39.5006242991558 39.6225001813958 39.7110944394988 39.2667193417198 38.8865627053699 38.658594429591 38.5915628079568 38.4809369451157 38.1279682519462 37.8837497240792 37.9826560028742 38.083437920044 37.9549998048556 37.924687922562 37.9673439867711 38.0565624839539 38.0354679830289 37.9929686194058 38.0070312623885 37.7417186503302 37.7032813435451 37.6585937743292 37.6557810311194 37.5334377886583 37.496874809478 37.4545313718633 37.2909379009979 37.330312431222 37.1967187526404 37.2687500121885 37.2851560116962 37.3914060593009 37.6107808950019 37.9909378292321 38.2946872713691 38.4115623834745 39.0289065841563
-9999 -9999 -9999 -9999 -9999 -9999 -9999 -9999 -9999 -9999 -9999 -9999 -9999 -9999 -9999 -9999 -9999 -9999 -9999 -9999 -9999 34.6402090391079 34.9361458025537 36.6393744951198 38.2664062385438 38.9071875217079 39.1129687433683 39.2732808593612 39.0820311313403 38.6849995260474 38.4257810119976 38.3037499790184 38.0665622358087 37.9226565959806 37.7539068464111 37.2954685095058 37.2664060595964 37.5818746689833 37.3971874123294 37.3785932067293 37.3424996140379 37.3693748121193 37.318750262685 37.4239066843077 37.4520316128276 37.2921866777182 37.1932816508078 37.1631248596484 37.1350001100516 37.1687498096836 37.0267180805919 36.9923440222755 36.8850007655268 36.9792182447581 36.9834375382364 36.90734362634 37.0601560475936 37.1542183164262 37.3229686024011 37.6928120854201 37.9810937645621 38.1050001980845 38.5521877412046
-9999 -9999 -9999 -9999 -9999 -9999 -9999 -9999 -9999 -9999 -9999 -9999 -9999 -9999 -9999 -9999 -9999 -9999 -9999 -9999 -9999 -9999 35.6849994659424 36.6239063738893 37.8168742659883 38.501406551087 38.5445316437527 38.625624716935 38.4568751457982 38.377188325214 38.1212499742184 38.0664064291034 37.7851564290399 37.4256247283631 37.2287504076292 36.937187314038 37.0000000003628 36.9832814338386 36.8318744901743 36.7864060405991 36.6289063697981 36.5342189080374 36.6532816297893 36.7610939745436 36.8468744166244 36.7884375460872 36.7021873601661 36.682187438826 36.6198439604622 36.5418747072652 36.5460938219708 36.4571874146002 36.523749828765 36.5962505941733 36.6393755084514 36.5095313194249 36.6145317558397 36.6946879630022 36.8821879629206 37.2348440294676 37.5610939864071 37.9010933044604 38.0721874834301
-9999 -9999 -9999 -9999 -9999 -9999 -9999 -9999 -9999 -9999 -9999 -9999 -9999 -9999 -9999 -9999 -9999 -9999 -9999 -9999 -9999 -9999 35.4799995422363 36.3051564103412 37.1549994953003 37.6539057500061 37.8770317442387 37.8001562959756 37.8929687743868 37.8301568037258 37.585469246329 37.5456253295663 37.3698435430183 37.0909372571914 36.965780914319 36.7585931423152 36.5584377649928 36.5412503485464 36.3082811836958 36.0739063627961 36.0007809404787 35.9618753793267 35.9670316580975 36.0251564391051 35.8001573691185 35.6718754182425 35.5870307097523 35.592812896714 35.7315621383801 35.7487499721465 35.7628122576286 35.7474992282353 35.8351561433938 36.0112500791093 35.9756248001776 35.924062491122 36.0178121334037 35.9967192417958 36.2165623910103 36.5270307070275 36.9489062434602 37.3939061766036 37.7829689983013
-9999 -9999 -9999 -9999 -9999 -9999 -9999 -9999 -9999 -9999 -9999 -9999 -9999 -9999 -9999 -9999 -9999 -9999 -9999 -9999 -9999 -9999 -9999 33.7292185741527 35.6445311917324 36.8420312408142 36.9606243973571 37.0714064248114 36.9968748099475 36.8251561528579 36.9156249170345 37.0384366517875 36.6976562744063 36.3900002247447 36.1518749602264 36.0592189438262 35.8407818083587 35.784062684149 35.7479683763149 35.6056249741978 35.5315629249036 35.4110928183252 35.2924994834013 34.9285938153688 34.5404685149704 34.2956249723848 34.260937930162 34.4356251368936 34.7112500079582 34.8079690941081 34.6017188440392 34.5578125131219 34.7682809840978 35.1185939917475 35.2662504920171 35.2600005873153 35.0546875005847 35.0787501344433 35.1898436556494 35.5495312819406 36.0750003462902 36.7887501720973 37.3095316293884
-9999 -9999 -9999 -9999 -9999 -9999 -9999 -9999 -9999 -9999 -9999 -9999 -9999 -9999 -9999 -9999 -9999 -9999 -9999 -9999 -9999 -9999 -9999 32.0168747911599 34.1951560089891 36.2171879417233 36.2640625840055 36.2914060955113 36.3364065889298 36.247655988055 36.3296875958245 36.4693756107052 36.1946875455408 35.7154695396143 35.281875610987 35.2145308858648 35.1507810360685 35.1006247406513 35.0715626482706 34.9423441893279 34.8907815819091 34.7365623121873 34.3156250127152 33.7412496218196 33.2589069019295 32.9540621649823 32.8715626013513 33.0546871435876 33.4962500941223 33.6656248579919 33.0501564159363 32.8904691353219 33.2345314635212 33.7531244767201 34.0189059983981 34.0735944520439 34.0932811508181 33.9110938916074 33.9673437485563 34.3504681596954 35.1206254968548 36.0434377797066 36.6415628798514
-9999 -9999 -9999 -9999 -9999 -9999 -9999 -9999 -9999 -9999 -9999 -9999 -9999 -9999 -9999 -9999 -9999 -9999 -9999 -9999 -9999 -9999 -9999 31.9726563989705 33.2668748203049 35.2675002816418 36.0606253743291 35.9417190553947 35.8250000481111 35.6314062482277 35.6346876628554 35.651718140229 35.4243746406694 34.9832814342689 34.5206250555745 34.3390627509896 34.5092190510149 34.5543748742927 34.5253126032418 34.4243742828951 34.3957812194711 34.0626566415616 33.3609376557088 32.5660936543976 31.8648438763959 31.3596874787474 31.2237500860582 31.366250099243 31.5921873169277 31.4221873004386 30.8160940726851 30.8281251209398 31.4060935987817 32.0381256057091 32.4459378731748 32.6532816299814 32.6509371114603 32.7253115784394 32.6920311760062 32.9709372235529 33.5812498344669 34.4745315922678 35.2840630422637
-9999 -9999 -9999 -9999 -9999 -9999 -9999 -9999 -9999 -9999 -9999 -9999 -9999 -9999 -9999 -9999 -9999 -9999 -9999 -9999 -9999 -9999 -9999 -9999 32.723124623853 34.5700002320677 35.7751560811646 35.5057808761574 35.2681253557026 35.1031251552015 35.0417191984407 34.9171873336955 34.5801559693284 34.077656627456 33.7809372548684 33.6968748573213 33.8107809429444 33.6749995954334 33.530624330905 33.6846877342924 33.8557819131977 33.3384373193993 32.3948434301278 31.382031233046 30.3446875226511 29.6562501503257 29.471093417584 29.6445315492726 29.70593777429 29.4390624774132 28.9918753811706 29.742499947548 30.5468747615814 31.2112498283387 31.6668748855591 32.0912506580353 31.5193749969511 31.2726562333113 31.3504689048073 31.3645313990659 31.7990624919398 32.8559377205923 33.9242186557434
-9999 -9999 -9999 -9999 -9999 -9999 -9999 -9999 -9999 -9999 -9999 -9999 -9999 -9999 -9999 -9999 -9999 -9999 -9999 -9999 -9999 -9999 -9999 -9999 32.3903123736159 33.2476559887164 34.7214062824971 34.7112496508973 34.1754687436831 34.6265628344828 34.8660937552534 34.4162501696723 33.7239069349974 33.222187996539 32.9203120777028 32.6373432585577 32.7545310268009 32.549843699742 32.4795314676554 32.9464064844725 33.2253127700592 32.5690625317416 31.4304687389355 30.229114384212 29.2283337417315 28.634999871254 28.5581248998642 28.5752081871033 28.7908334732056 28.7399997711182 -9999 -9999 -9999 -9999 -9999 -9999 -9999 -9999 30.6200008392334 30.4950006008148 30.6679691078307 31.6457808321779 32.7326559135907
-9999 -9999 -9999 -9999 -9999 -9999 -9999 -9999 -9999 -9999 -9999 -9999 -9999 -9999 -9999 -9999 -9999 -9999 -9999 -9999 -9999 -9999 -9999 -9999 32.0426561537493 32.3223439459914 33.3095318682366 33.2056250582307 33.2478124505646 33.652499855409 33.9229695210985 33.4731252204412 32.7104694851965 32.2181248674454 31.8065624245726 31.5043750414317 31.3684376490978 31.1529686463038 31.3175001751891 31.7703125487221 31.9775003208081 31.4126561890931 30.4892184740676 29.7047393918815 29.0358338356018 -9999 -9999 -9999 -9999 -9999 -9999 -9999 -9999 -9999 -9999 -9999 -9999 -9999 -9999 -9999 -9999 30.6164061437374 31.3770314466949
-9999 -9999 -9999 -9999 -9999 -9999 -9999 -9999 -9999 -9999 -9999 -9999 -9999 -9999 -9999 -9999 -9999 -9999 -9999 -9999 -9999 -9999 -9999 29.2641668319704 31.8994790318065 32.1240625682402 32.4737503832496 32.5785942084438 32.6024999328393 32.5228125165443 32.477812202071 32.0643751038048 31.4948436926485 30.8982814855534 30.4885938176677 30.0870313356391 29.7898440075176 29.7429687392406 29.9014063785338 30.2549997281833 30.3224997530401 30.7750005722046 -9999 -9999 -9999 -9999 -9999 -9999 -9999 -9999 -9999 -9999 -9999 -9999 -9999 -9999 -9999 -9999 -9999 -9999 -9999 29.5837504863739 29.7168747796973
-9999 -9999 -9999 -9999 -9999 -9999 -9999 -9999 -9999 -9999 -9999 -9999 -9999 -9999 -9999 -9999 -9999 -9999 -9999 -9999 -9999 -9999 -9999 28.7022916087394 30.579635413331 31.1612500262561 31.3435937476127 31.2806253446833 31.3214061868528 31.1015626203976 30.7992188348004 30.4284375322828 30.386250138966 30.1900000278216 29.6495310668278 29.1860938672425 28.5598439283396 28.4998438068228 28.8185935921754 28.9879689820869 29.2804685241466 -9999 -9999 -9999 -9999 -9999 -9999 -9999 -9999 -9999 -9999 -9999 -9999 -9999 -9999 -9999 -9999 -9999 -9999 -9999 -9999 -9999 -9999
-9999 -9999 -9999 -9999 -9999 -9999 -9999 -9999 -9999 -9999 -9999 -9999 -9999 -9999 -9999 -9999 -9999 -9999 -9999 -9999 -9999 -9999 -9999 27.0226561727335 28.1354686631453 28.9664060787725 29.5078122928885 29.7212501778479 29.6340622023482 29.1432814916858 28.9287501886825 29.2192187617083 29.2200000288608 -9999 -9999 -9999 -9999 -9999 -9999 -9999 -9999 -9999 -9999 -9999 -9999 -9999 -9999 -9999 -9999 -9999 -9999 -9999 -9999 -9999 -9999 -9999 -9999 -9999 -9999 -9999 -9999 -9999 -9999
-9999 -9999 -9999 -9999 -9999 -9999 -9999 -9999 -9999 -9999 -9999 -9999 -9999 -9999 -9999 -9999 -9999 -9999 -9999 -9999 -9999 -9999 -9999 -9999 26.9392183726181 27.3337501892787 27.7382814002741 27.9296875311855 27.5190621631889 27.0521877121963 27.8070314230855 28.59375 -9999 -9999 -9999 -9999 -9999 -9999 -9999 -9999 -9999 -9999 -9999 -9999 -9999 -9999 -9999 -9999 -9999 -9999 -9999 -9999 -9999 -9999 -9999 -9999 -9999 -9999 -9999 -9999 -9999 -9999 -9999
-9999 -9999 -9999 -9999 -9999 -9999 -9999 -9999 -9999 -9999 -9999 -9999 -9999 -9999 -9999 -9999 -9999 -9999 -9999 -9999 -9999 -9999 -9999 -9999 -9999 -9999 -9999 -9999 26.2912502288818 -9999 -9999 -9999 -9999 -9999 -9999 -9999 -9999 -9999 -9999 -9999 -9999 -9999 -9999 -9999 -9999 -9999 -9999 -9999 -9999 -9999 -9999 -9999 -9999 -9999 -9999 -9999 -9999 -9999 -9999 -9999 -9999 -9999 -9999
-9999 -9999 -9999 -9999 -9999 -9999 -9999 -9999 -9999 -9999 -9999 -9999 -9999 -9999 -9999 -9999 -9999 -9999 -9999 -9999 -9999 -9999 -9999 -9999 -9999 -9999 -9999 -9999 -9999 -9999 -9999 -9999 -9999 -9999 -9999 -9999 -9999 -9999 -9999 -9999 -9999 -9999 -9999 -9999 -9999 -9999 -9999 -9999 -9999 -9999 -9999 -9999 -9999 -9999 -9999 -9999 -9999 -9999 -9999 -9999 -9999 -9999 -9999
