2050_A1B_MR/TMAX.asc
NCOLS 720 
NROWS 360 
XLLCORNER -180 
YLLCORNER -90 
CELLSIZE 0.5 
NODATA_value -9999 
[rows 196 to 223 of 360, columns 252 to 314 of 720]
38.115156471101 37.8634377713546 37.5879688257454 36.8243748538762 36.1601560107396 36.7053123114001 36.6523443452571 37.0451556438055 37.1442186232558 37.1151565311194 36.7071874737383 36.8717190025686 36.9810938237682 36.8887498378075 36.4550005797268 36.2848441007305 36.6165627239592 36.1839059589012 36.3479691742197 36.1764059659589 36.9882805945685 36.5317189099448 37.4267186528732 37.7609376313354 37.147031545689 36.0651561028714 34.4853125806604 34.6142190095075 35.0103121395284 34.5589061963533 33.6446877706323 33.1023438566957 32.1529684957425 31.8318748181456 31.0168747894727 31.0937497619307 30.751874983972 30.821718723027 31.585000038147 -9999 -9999 -9999 -9999 -9999 -9999 -9999 -9999 -9999 -9999 -9999 -9999 -9999 -9999 -9999 -9999 -9999 -9999 -9999 -9999 -9999 -9999 -9999 -9999
38.7742186779121 38.415625214022 38.1720312828721 37.7206244459387 37.0249999754377 36.9148437975543 37.222343981025 37.5293750164255 37.5492191311205 37.3275004027583 36.7967183588675 37.0470312236125 37.0987494587188 36.9178126454505 36.2595306634742 36.3579684492061 36.7351555227633 36.312344074245 36.4576566815046 36.83171915922 36.5382808452812 36.0325006253535 36.6546869881696 37.482500016987 36.747656346038 35.6250005961513 35.2020313730855 34.9878129956045 35.1134368183952 34.9967185262882 34.481406628738 33.5003123282117 32.5200002786284 32.0540624847596 31.1635937695259 30.2603125881779 30.4396874009599 30.3693749908353 -9999 -9999 -9999 -9999 -9999 -9999 -9999 -9999 -9999 -9999 -9999 -9999 -9999 -9999 -9999 -9999 -9999 -9999 -9999 -9999 -9999 -9999 -9999 -9999 -9999
39.33281260701 38.958281278299 38.5882813925679 38.2334376568755 37.6909379956762 37.3904688954261 37.7681255336427 37.8867188689335 37.7610940931515 37.496250092855 36.9079688189904 37.2234373690098 37.2731252907323 37.2314060328932 36.4912504547688 36.5835937258081 36.7187501189563 36.4135941264458 36.6085940590611 36.9142183666597 36.0182812215137 36.0018746849636 36.8820313220915 36.6124998934572 36.0793749691439 36.0315617321724 35.4753121734863 35.009374559516 34.4821881657091 34.1634373076856 33.8359376194471 34.4654687035948 33.5248433339886 33.0649995198003 32.3351560512391 31.4951560490292 31.0803124304015 31.1098431050685 -9999 -9999 -9999 -9999 -9999 -9999 -9999 -9999 -9999 -9999 -9999 -9999 -9999 -9999 -9999 -9999 -9999 -9999 -9999 -9999 -9999 -9999 -9999 -9999 -9999
39.6225004789791 39.254999756591 38.9721872208433 38.6567188498557 37.9314060805251 37.7251560086059 38.071874618399 38.0962499975149 37.9021875857482 37.6654686926037 37.0931252835364 36.9009374980549 37.3115631342624 37.3612503408511 36.8198435902789 36.7096875907219 37.0178124901789 37.0445310464668 37.2531247732264 36.7825000879389 36.3993757359058 36.4631248707492 36.7020313141316 36.3579693433754 35.7189062838876 34.9651560207673 34.350781204215 34.1829684385659 33.8953124290078 33.8015624283213 33.4098436837703 33.866406085285 33.5867188583374 33.945312499396 33.1489062613286 31.9939062891413 31.5832815165821 -9999 -9999 -9999 -9999 -9999 -9999 -9999 -9999 -9999 -9999 -9999 -9999 -9999 -9999 -9999 -9999 -9999 -9999 -9999 -9999 -9999 -9999 -9999 -9999 -9999 -9999
39.6642193197675 39.5390627979678 39.1595313548597 38.7451565265412 38.3210946319818 38.0412497523333 38.0692192317037 38.146561622675 38.064843773742 37.8506246804218 37.3990629310124 36.7343748800489 37.2226560713329 37.4481252434622 37.0724996926481 36.1439060569908 36.2206250439759 36.6518752573041 37.4442186952518 37.0129688391689 36.0909373768933 36.1003133065445 36.8318749671013 36.6228125097196 34.8328130253448 32.1806253498604 32.9209377473724 32.7554689645038 33.7162498825674 33.4945322267803 32.7993755033424 32.8593750006176 32.3150006536395 32.8634374749772 33.900051754055 32.3822395602305 -9999 -9999 -9999 -9999 -9999 -9999 -9999 -9999 -9999 -9999 -9999 -9999 -9999 -9999 -9999 -9999 -9999 -9999 -9999 -9999 -9999 -9999 -9999 -9999 -9999 -9999 -9999
39.727499425351 39.5784374475328 39.1421874762335 38.7685934901062 38.5451561806251 38.1260939236062 38.0171879529903 38.0382812024544 38.0807816386934 37.9101564884094 37.6681253314453 37.4028117652172 37.0215620996694 37.3046874999816 36.7364062074771 36.0215626360074 35.9534384006414 36.687030971175 37.0439063316891 36.7054684158115 35.7571874258174 35.5021871332153 36.5206249953086 36.1948440676783 34.1798439029318 32.1576558942215 32.2703123396214 33.214374452083 34.361250161579 34.5923435675759 33.9300000060445 32.8973434560614 31.9381253424319 31.9395309989178 32.6613011766395 -9999 -9999 -9999 -9999 -9999 -9999 -9999 -9999 -9999 -9999 -9999 -9999 -9999 -9999 -9999 -9999 -9999 -9999 -9999 -9999 -9999 -9999 -9999 -9999 -9999 -9999 -9999 -9999
39.6474996807194 39.4839065672294 38.9810940624861 38.3960942629881 38.2321875101527 37.9973441960706 37.8276557922555 37.8328122498224 37.9604687692146 37.8667185904807 37.9262505770197 37.9154691694105 37.2667183275893 36.9821870917817 36.1514065263076 35.5364063983128 35.916249991111 36.4960940489188 37.0060936807459 37.1837497949099 36.4810941809742 35.8604685651431 35.2140625727959 34.4003127233002 32.6114062673061 30.8470311182743 31.4665621823506 33.2707809217395 33.7399992356913 33.6368750946994 33.7932816764409 33.1309376963295 33.2467189430765 32.4648437498773 -9999 -9999 -9999 -9999 -9999 -9999 -9999 -9999 -9999 -9999 -9999 -9999 -9999 -9999 -9999 -9999 -9999 -9999 -9999 -9999 -9999 -9999 -9999 -9999 -9999 -9999 -9999 -9999 -9999
39.3671877387166 39.2893748881564 38.7410941126651 38.0703124405868 37.5196876532389 37.6940625313058 37.77234417208 37.6832805276958 37.7954683901403 37.6384379269541 37.9253130554703 37.9300004841695 37.7059372063738 37.5915626281849 36.7246868602773 35.3840622899702 35.5103119612489 36.0943751333346 36.8725001815478 37.076875388862 36.8359373807224 36.815781652502 34.7476559276961 32.80890661604 31.9884374742651 29.9835937020657 30.8974998895083 32.4710934466815 32.6885944017377 32.4954692724522 31.8835937394202 32.0003123891271 32.9054686433602 33.3025004864405 -9999 -9999 -9999 -9999 -9999 -9999 -9999 -9999 -9999 -9999 -9999 -9999 -9999 -9999 -9999 -9999 -9999 -9999 -9999 -9999 -9999 -9999 -9999 -9999 -9999 -9999 -9999 -9999 -9999
38.888281048094 38.8231251842698 38.2834371929864 37.7265623216128 37.2362498643306 37.5301568509369 37.6560937764261 37.590937018602 37.5085936192293 37.4799996614489 37.6642190221899 37.6534377934956 37.2809376115735 37.5223439336795 37.2026565076872 35.3881258367927 35.4949999452833 35.8723434808635 35.6899995214196 35.1410940295783 36.1243752832 36.5275000332391 35.3487498161952 32.1439062943719 31.3371874989158 31.5964066373328 31.2687500712267 32.4326560494121 31.833593637031 31.7309374513816 31.6739062657154 31.8403123015098 32.1422912678756 -9999 -9999 -9999 -9999 -9999 -9999 -9999 -9999 -9999 -9999 -9999 -9999 -9999 -9999 -9999 -9999 -9999 -9999 -9999 -9999 -9999 -9999 -9999 -9999 -9999 -9999 -9999 -9999 -9999 -9999
37.9817190774872 37.9489063629155 37.6248434788214 37.1818750506045 37.0164061786343 37.4003130794648 37.4235939981665 37.2951558831509 37.1171872619143 37.3051564696507 37.0656254298192 36.9142186652351 37.2279691701922 37.0025005348791 36.2318753019279 35.2160941365983 35.1565627460498 35.2892185457144 34.9085935361644 34.7604690790632 36.3742184043684 36.5199996830556 35.0257814534483 33.1399997762437 30.5684374285328 32.3309384286289 31.6582810278807 31.6465624587889 30.5764059741843 30.887187631172 32.1323438884443 32.2270308732166 -9999 -9999 -9999 -9999 -9999 -9999 -9999 -9999 -9999 -9999 -9999 -9999 -9999 -9999 -9999 -9999 -9999 -9999 -9999 -9999 -9999 -9999 -9999 -9999 -9999 -9999 -9999 -9999 -9999 -9999 -9999
36.9906247265653 36.9887505775511 36.9120305782204 36.680937350201 36.6987499596473 37.1679680945645 37.1754686835112 36.9181246757639 36.8693751098278 36.7493748670175 36.5073435312041 36.3606250889153 35.3800001761731 35.9706249248326 35.7721877097109 34.5459373591661 34.6103115680262 34.737812161738 34.6029684544345 34.9887496829892 35.9007816922827 35.7137501845998 33.7712503091325 33.0976561616824 30.3009373237432 30.9759375751432 31.4028125411473 29.0478124622511 28.955937892187 30.6476562916002 31.9607290430144 -9999 -9999 -9999 -9999 -9999 -9999 -9999 -9999 -9999 -9999 -9999 -9999 -9999 -9999 -9999 -9999 -9999 -9999 -9999 -9999 -9999 -9999 -9999 -9999 -9999 -9999 -9999 -9999 -9999 -9999 -9999 -9999
36.3062499766161 36.422499776305 36.3120315079871 36.341093242362 36.7573437091879 36.9579686524024 36.8979691269213 36.8150003554117 36.6556248667064 36.2206249241047 35.3467186108249 35.4179688105627 34.698906301527 33.9915623688399 35.6559375527536 34.3748435382745 34.2953124049439 34.5156249404942 34.4323436620117 34.4173433193809 35.1953119039882 34.8170313840753 32.5810940866932 32.2295315866093 32.618906465096 31.6992186592808 31.6606244136148 29.7781249565963 29.4551563552305 30.6870314777433 -9999 -9999 -9999 -9999 -9999 -9999 -9999 -9999 -9999 -9999 -9999 -9999 -9999 -9999 -9999 -9999 -9999 -9999 -9999 -9999 -9999 -9999 -9999 -9999 -9999 -9999 -9999 -9999 -9999 -9999 -9999 -9999 -9999
35.3189065462955 35.8382812746659 35.911406159663 36.3984375596227 36.7165633441546 36.7746875287532 36.7298431993755 36.4687503579302 36.2642190462807 35.6267187603361 35.2184376127123 35.0754687197918 33.3500006204864 34.3446878189897 35.4720312359241 34.2650001641539 33.9551560284802 34.3737505079105 34.8501561880432 35.2298432589637 35.3684374691847 34.1046876911801 32.4695309109559 32.3715627790238 33.1581242988629 32.6410936427395 30.8129689113186 29.1746870884609 30.6545313895759 30.8049998283781 31.4400005340576 -9999 -9999 -9999 -9999 -9999 -9999 -9999 -9999 -9999 -9999 -9999 -9999 -9999 -9999 -9999 -9999 -9999 -9999 -9999 -9999 -9999 -9999 -9999 -9999 -9999 -9999 -9999 -9999 -9999 -9999 -9999 -9999
34.4868751176248 35.2368747594267 35.8420310019046 36.3445312381553 36.5937498212483 36.6364062429466 36.5826560856264 36.0600006584482 35.1987497818774 34.8987497096046 34.4974997049673 33.4714065214327 32.5446871229177 34.5996872187104 34.6268748653501 33.9035941372238 33.8576561212155 34.3423434495688 34.5154694324302 34.9162499313011 35.1954687835023 34.0385937687449 32.3748436564817 31.663749904604 32.0260937819703 31.7495309415896 29.3204688142158 29.2417185296152 30.534530878176 30.9507810172478 -9999 -9999 -9999 -9999 -9999 -9999 -9999 -9999 -9999 -9999 -9999 -9999 -9999 -9999 -9999 -9999 -9999 -9999 -9999 -9999 -9999 -9999 -9999 -9999 -9999 -9999 -9999 -9999 -9999 -9999 -9999 -9999 -9999
34.1843748691182 35.1907804607716 35.3306251165603 35.8162499663861 36.5445312261769 36.5829683543665 36.3198442461174 35.3692189462002 34.334843575867 34.0746871829997 33.883436978973 33.3429682867941 32.7923438262761 33.676406444769 32.98484462451 33.7217195026615 34.1473438738608 34.6760936370321 34.8567185985681 34.9551560279888 34.8445314174283 34.0509376524587 31.6834376454958 30.5570309157327 30.5684376946714 30.5670311442615 30.8957810996844 31.6982813172097 31.2615623469561 30.8603123720685 -9999 -9999 -9999 -9999 -9999 -9999 -9999 -9999 -9999 -9999 -9999 -9999 -9999 -9999 -9999 -9999 -9999 -9999 -9999 -9999 -9999 -9999 -9999 -9999 -9999 -9999 -9999 -9999 -9999 -9999 -9999 -9999 -9999
34.0582813620282 35.3051555751393 35.6474996802322 36.1049999592015 36.4910939336565 36.301718712201 36.0878118874615 35.048593759399 34.0029686696019 33.7695308332019 32.1692186910769 31.5865623368391 31.616249979416 32.3582813150193 32.9454690819552 34.2673439381413 34.8457818020333 35.4110938306932 35.6995307204703 34.2778122439667 34.2464063172633 33.4007809174731 31.3581244950579 31.2484375231198 30.9171874525396 31.2307811376214 31.7137498842486 32.8537500487965 31.8526560360424 31.1209375261494 31.1818747521131 -9999 -9999 -9999 -9999 -9999 -9999 -9999 -9999 -9999 -9999 -9999 -9999 -9999 -9999 -9999 -9999 -9999 -9999 -9999 -9999 -9999 -9999 -9999 -9999 -9999 -9999 -9999 -9999 -9999 -9999 -9999 -9999
34.6201561688588 34.6323439487888 35.4209374196188 35.5957815067717 35.9579690706651 35.5576565273743 35.4406253106334 34.3742188810465 33.4643746608279 32.9121879333772 32.2628127927688 32.4001566463321 32.1149998299718 32.5153124634499 33.3906250587788 33.64796978288 34.9917189488604 35.626875877595 34.8529685738149 33.3356245164036 33.4779684256161 31.8378125435801 31.6309374861896 32.4198433750074 32.1418748476115 32.0340623839546 33.0259372000689 33.1492190379855 32.1925004119537 31.3796876364876 31.1399993896484 -9999 -9999 -9999 -9999 -9999 -9999 -9999 -9999 -9999 -9999 -9999 -9999 -9999 -9999 -9999 -9999 -9999 -9999 -9999 -9999 -9999 -9999 -9999 -9999 -9999 -9999 -9999 -9999 -9999 -9999 -9999 -9999
34.1500003346777 34.4082813257825 35.0899998544577 34.7121876476882 34.5695312631409 34.7176569706702 34.5785935529159 34.4909375308761 34.13749933188 33.6303120248483 33.0376559487374 33.1876568786963 32.7168751058044 32.5054689343877 34.0384373661889 34.0468747007608 34.3781244755699 35.186250091147 34.5984373094613 32.7900000816135 32.3037501583322 31.2345311645495 32.4559372358163 33.8298441750046 33.240156293195 32.4362499722944 32.6542187036762 32.0195313394823 32.7367192800493 32.0420312578007 -9999 -9999 -9999 -9999 -9999 -9999 -9999 -9999 -9999 -9999 -9999 -9999 -9999 -9999 -9999 -9999 -9999 -9999 -9999 -9999 -9999 -9999 -9999 -9999 -9999 -9999 -9999 -9999 -9999 -9999 -9999 -9999 -9999
34.2892187235484 34.0778125525248 34.3242193474475 34.0565629611002 33.5432813173029 33.7335935242469 34.24625009309 34.8828123207641 34.6217188232768 34.4023439880378 34.3029682624595 34.7932807194811 33.836249708696 33.3374992014368 34.1120314595618 34.4471870661057 34.6595312960716 34.3435931808692 34.5981250707571 33.187187911333 32.1135940555937 31.6996872716878 32.4074999099151 32.8743747789898 32.287031024422 33.1753123093044 33.695625245694 32.8612497444911 32.745312392904 32.2357815504325 -9999 -9999 -9999 -9999 -9999 -9999 -9999 -9999 -9999 -9999 -9999 -9999 -9999 -9999 -9999 -9999 -9999 -9999 -9999 -9999 -9999 -9999 -9999 -9999 -9999 -9999 -9999 -9999 -9999 -9999 -9999 -9999 -9999
35.1564058648795 33.8396876457723 33.7148438092555 33.6707811948775 33.5573441380539 33.4621872303113 34.1984372138735 35.1626564859739 34.8054683807664 34.3990625742951 34.9165625573285 35.4504689575201 34.1718748806456 33.255468487742 33.904375911362 33.9104689964669 33.7501556881263 33.9643749594334 33.5560934855331 32.0326564319342 31.3598438808178 31.9401560725854 31.5417190501917 32.1562495224921 32.9864062955604 33.7706245781249 33.6885939239351 33.0960935950239 32.5521872641059 32.1664065719594 -9999 -9999 -9999 -9999 -9999 -9999 -9999 -9999 -9999 -9999 -9999 -9999 -9999 -9999 -9999 -9999 -9999 -9999 -9999 -9999 -9999 -9999 -9999 -9999 -9999 -9999 -9999 -9999 -9999 -9999 -9999 -9999 -9999
35.6662501694927 33.9557816978466 33.48859351914 33.9732812052175 33.8514063948524 34.1279686088225 34.004062651734 35.1173433659121 35.0679692022596 34.9231247299309 34.680781723155 33.916250766311 32.9037503012436 32.3534371863215 32.5495307755795 32.9681242714298 33.3984369039455 33.8756247759702 32.9042190311579 32.7814067601603 30.4237500727145 30.9979688226831 31.6292185490775 33.5318755211601 34.1168746940813 33.7034375674181 33.5603128077738 33.1478124855807 32.4150004981887 -9999 -9999 -9999 -9999 -9999 -9999 -9999 -9999 -9999 -9999 -9999 -9999 -9999 -9999 -9999 -9999 -9999 -9999 -9999 -9999 -9999 -9999 -9999 -9999 -9999 -9999 -9999 -9999 -9999 -9999 -9999 -9999 -9999 -9999
34.9349998842109 34.0612508060537 33.3259379266426 33.7698442338221 34.1729691028908 34.6239060160106 34.637343823678 35.1585939528186 35.2751559022882 34.7506248960452 33.6354685432807 32.7359382520529 31.3554687518146 31.3057813652019 31.5548432176148 32.2321872713892 33.0473436123259 33.9562501905136 33.2309373017293 32.6567194464509 30.806250064914 31.190624743405 31.0024999385436 33.4085933268031 34.8570313448422 33.6518753165257 33.3653129936467 33.2045315504242 32.8185933824769 -9999 -9999 -9999 -9999 -9999 -9999 -9999 -9999 -9999 -9999 -9999 -9999 -9999 -9999 -9999 -9999 -9999 -9999 -9999 -9999 -9999 -9999 -9999 -9999 -9999 -9999 -9999 -9999 -9999 -9999 -9999 -9999 -9999 -9999
34.0631247766958 33.7467190623483 33.9826562404049 34.1120313404255 33.9382808808183 34.681249201672 34.7682806855645 34.6403128511806 34.6057816151827 34.449687600147 33.7676562665925 32.4762497834699 31.2009373905242 30.8193749201564 31.1021872469143 31.1612498469877 32.5526560841736 33.4376565821879 32.7348438209548 32.0551561421841 31.1417184174388 31.1510931855182 32.1931248015283 33.9157813204713 34.0334371939098 34.4984363911633 33.4300004236366 33.2504687304923 32.8818743824671 -9999 -9999 -9999 -9999 -9999 -9999 -9999 -9999 -9999 -9999 -9999 -9999 -9999 -9999 -9999 -9999 -9999 -9999 -9999 -9999 -9999 -9999 -9999 -9999 -9999 -9999 -9999 -9999 -9999 -9999 -9999 -9999 -9999 -9999
33.4406255486147 33.7570317983253 33.8678120973262 34.0590620043525 33.6153125168727 33.9307812461352 33.766093851226 33.8968749647987 34.3264061213281 34.4684374928044 34.1187499160527 33.4390627733025 31.9289062604862 29.8401563768124 29.6214059906231 30.6226561965066 32.5179686846191 32.2962500464575 31.9248434312775 31.4054687027589 30.7010937936323 30.8496875464358 32.3970313360698 32.2817188813918 32.9276567403657 33.9396879088362 32.9054687039551 33.2645310167589 -9999 -9999 -9999 -9999 -9999 -9999 -9999 -9999 -9999 -9999 -9999 -9999 -9999 -9999 -9999 -9999 -9999 -9999 -9999 -9999 -9999 -9999 -9999 -9999 -9999 -9999 -9999 -9999 -9999 -9999 -9999 -9999 -9999 -9999 -9999
33.470937967337 33.653281689087 33.5734378696108 33.7267187837961 33.5657812357323 33.1799998287267 32.5826561451555 32.6923438313844 33.4284375320649 33.981562854035 34.0004689108229 33.4637503038859 31.8732812414931 29.8782811770342 29.4884372043044 30.5768747635434 31.6084375097332 30.9085938343412 31.1376562724685 30.7926563332939 29.076719045414 30.7600004673069 32.5315622999344 30.8984375612127 31.0556252623385 30.8873439129039 30.4032809430747 33.0385931430442 -9999 -9999 -9999 -9999 -9999 -9999 -9999 -9999 -9999 -9999 -9999 -9999 -9999 -9999 -9999 -9999 -9999 -9999 -9999 -9999 -9999 -9999 -9999 -9999 -9999 -9999 -9999 -9999 -9999 -9999 -9999 -9999 -9999 -9999 -9999
33.2778123024029 33.2646878960366 33.221405983505 33.3718748690538 33.4678122998569 32.7431252006237 32.5939067601372 32.5207815169979 32.4309372312072 32.5832815182224 32.6617183101113 32.410468817448 30.9446876948552 29.5754687185765 29.6337499032477 30.0485935808489 30.5270313625017 30.3404688835834 29.7046876265862 29.8082815116973 29.7287503770147 30.9325000342725 31.3709378248187 30.9275001866979 30.9178122855852 32.7478123279866 32.353281405805 33.0296881197503 -9999 -9999 -9999 -9999 -9999 -9999 -9999 -9999 -9999 -9999 -9999 -9999 -9999 -9999 -9999 -9999 -9999 -9999 -9999 -9999 -9999 -9999 -9999 -9999 -9999 -9999 -9999 -9999 -9999 -9999 -9999 -9999 -9999 -9999 -9999
33.1600003239266 33.2124995586789 33.0315624473312 33.1506240963525 33.0793755057922 32.4807813763009 32.3776567577897 32.5407810217027 32.4884378913054 32.2189062834189 31.7135934531 31.2926561539174 30.8565626442069 29.8239061817708 28.6610935023391 29.5906251071619 30.8493748902072 30.6131248479373 29.6795310087668 29.5750000487182 29.2001564805003 31.4553123113093 33.239062190475 33.4870308040521 33.2864062787771 32.6606250111686 32.0550012588501 -9999 -9999 -9999 -9999 -9999 -9999 -9999 -9999 -9999 -9999 -9999 -9999 -9999 -9999 -9999 -9999 -9999 -9999 -9999 -9999 -9999 -9999 -9999 -9999 -9999 -9999 -9999 -9999 -9999 -9999 -9999 -9999 -9999 -9999 -9999 -9999
33.6714062089301 33.2837501169513 33.1342182755904 33.2434367536347 32.753125012126 32.65796864009 32.3059370817379 32.1371873320111 32.0431247656089 32.0885939301851 31.7721872031389 30.7128125434154 30.3685937234392 30.4440624122095 28.8570315545492 28.5490624625397 30.445312798823 30.1260937157251 28.7471874662385 28.2109377992868 29.0295314191392 31.0287497948249 32.3943746696015 32.8574998986442 31.9082812986441 32.4567188321589 -9999 -9999 -9999 -9999 -9999 -9999 -9999 -9999 -9999 -9999 -9999 -9999 -9999 -9999 -9999 -9999 -9999 -9999 -9999 -9999 -9999 -9999 -9999 -9999 -9999 -9999 -9999 -9999 -9999 -9999 -9999 -9999 -9999 -9999 -9999 -9999 -9999
