2050_A1B_MR/TMAX.asc
NCOLS 720 
NROWS 360 
XLLCORNER -180 
YLLCORNER -90 
CELLSIZE 0.5 
NODATA_value -9999 
[rows 112 to 139 of 360, columns 567 to 629 of 720]
20.7456252901086 22.8492186387248 25.4526563578234 27.7909376333643 29.6401564170319 29.5110936171219 27.1621874285842 26.2857812303876 24.6507811770518 26.1754690079209 27.020156439 27.8634375892881 29.3732812986475 29.8331248157905 29.8485940955086 29.3860941782825 29.5937499982422 30.2267189291605 33.1020314396986 34.0785935525593 34.2810931803416 34.2203122378943 34.1799995304887 34.252812981752 34.2589066028791 34.2157809733922 34.2096871729436 34.1081246133286 33.7307812569081 33.3029681441372 32.8778117296377 32.6220310326543 32.5559374685744 32.4514065380811 32.3721882104193 -9999 -9999 -9999 -9999 -9999 -9999 -9999 -9999 -9999 -9999 30.3899993896482 30.0299997329713 -9999 -9999 -9999 -9999 -9999 31.744687139759 31.5528125167479 32.4781248878061 32.4521878075253 32.7287497520695 32.235625386238 30.8246877813451 29.51343746757 28.9800000934874 28.810156491659 -9999
19.1171876199773 23.0039061880866 25.7929688691177 27.4876560565074 29.5928123008835 30.2704687393525 29.6062497131918 30.6521874611389 30.9564065570404 30.1457809154039 29.380312262893 30.0721873629382 30.4823438813043 30.987656114576 31.4784375133004 32.7793745070358 32.7592185087682 32.7387496508075 33.600312738361 33.6660944824052 33.9740623240829 34.1640627383877 34.1110937595151 34.1524997950341 34.244374752057 34.2500004171996 34.453437566644 34.3832806347081 33.9089062212426 33.5424999592218 33.2298434371683 33.0706251257607 32.9637496466752 32.7598444816722 32.5001572965886 -9999 -9999 -9999 -9999 -9999 -9999 -9999 -9999 -9999 -9999 30.830624996648 30.5156252969568 -9999 -9999 -9999 -9999 31.2178125977166 31.7760937513517 32.6606249784354 31.6668750949041 29.95046866374 32.0987491919278 31.2235940397949 30.501718787658 31.1029686815804 31.2787500222524 -9999 -9999
18.249999967872 22.7148433573898 26.835156201925 29.8274999535507 31.901718614424 29.9773442162196 29.0164062676626 29.1096874485772 29.4439062487899 31.3156250731034 32.4518748824636 32.3175001744276 32.1150003685205 32.5376569957833 33.1657818874348 33.3673436039823 33.9457812903617 34.1601560708851 34.0415623784045 33.5528126961709 33.4370304943477 33.9631252888604 34.0568756462417 34.1279693841328 34.2076569199264 34.2507812976457 34.4678129555295 34.4068750741562 33.9287502169609 33.6195312737792 33.523906409271 33.5762501949896 33.3592188949186 32.9326558707408 32.4259375930346 -9999 -9999 -9999 -9999 -9999 -9999 -9999 -9999 -9999 -9999 -9999 -9999 -9999 -9999 -9999 31.6212502122665 31.7099990844727 32.2974996566772 32.713281273641 32.165156219522 28.8853125284311 31.2159372249913 -9999 31.1918748617172 -9999 -9999 -9999 -9999
20.8070311811641 25.7631251797018 28.3646875888371 31.2815624765078 32.9310930369347 31.4590631677995 30.8975002428682 30.1634375121659 30.2051560552368 29.6984374840804 28.9362500680046 29.2392189268193 31.4020313026582 32.3435933563151 31.7651565681145 32.3998437252788 34.0034369826748 34.3837496636412 34.0949998496815 33.10234338077 33.0850001281895 33.6785944106686 33.9832811951976 34.1274998188634 34.170624554268 34.2564060688275 34.3131253125169 34.1429687741729 34.0037496088295 33.8778126234754 33.9256247873975 33.9446880814482 33.7487496730303 33.0990626214028 32.4531248210753 32.1654687522027 -9999 -9999 -9999 -9999 -9999 -9999 -9999 -9999 -9999 -9999 -9999 -9999 -9999 -9999 -9999 -9999 -9999 32.3343750248709 30.838437228212 29.885312345407 32.2525003847946 -9999 -9999 -9999 -9999 -9999 -9999
22.6682814085566 28.1524998810532 31.3057813329725 32.4523439406336 32.9984372252479 33.2810933578408 33.2792190302794 33.1651565715013 31.9478123160218 30.6339062124987 27.6100000415789 26.2760937452527 28.3146873129361 28.0584374722285 28.8867188125761 30.4348439588162 32.5779692838404 34.3525004984666 33.848594070067 33.8015620714909 33.3178126201267 33.3093753446473 33.7762499453683 33.4203126746311 33.2576566357636 34.0607803474195 34.1601560114658 34.2618754502797 34.3359371419855 34.4790629142285 34.2465624208616 34.0284371375076 33.8301560878743 33.2754683492941 32.8821876641222 32.8039062014152 32.4949999442104 -9999 -9999 -9999 -9999 -9999 -9999 -9999 -9999 -9999 -9999 -9999 -9999 -9999 -9999 -9999 -9999 31.9981248971363 31.4810941508362 32.0657811162105 32.3887507319369 -9999 -9999 -9999 -9999 -9999 -9999
26.4885936272378 31.1074996559342 32.0065625311312 32.5728124974546 33.3678120968379 34.0896872871971 34.288906751917 34.6276561601531 33.9306247814958 33.5087504949594 32.4367189327482 31.2485937427158 31.3901563505 29.4426565978266 29.7885936151332 30.2703123380368 32.9042188806393 34.0539059047718 33.7637500758938 33.610312878859 34.2867191427446 34.2384374728085 34.5421876292584 33.1357814360041 31.3967187426096 31.5164063022002 33.0403122927454 34.3228125574185 34.6457810995075 34.7879688143189 34.534375428986 34.1193749307565 33.6131253247228 33.4821872708303 33.2295305129161 33.3392186162192 33.0809372660252 -9999 -9999 -9999 -9999 -9999 -9999 -9999 -9999 -9999 -9999 -9999 -9999 -9999 -9999 -9999 -9999 32.1223443449268 31.581405997955 31.5998438609617 -9999 -9999 -9999 -9999 -9999 -9999 -9999
31.5117187190703 31.5654688775957 31.8743748660538 32.7774999136805 33.5476561780009 34.3409374351402 34.8368748430308 34.4835939409436 34.2576564547538 34.0367190840518 33.346249735469 31.2260940130375 30.4404689061677 29.4078127426824 30.7798439280114 33.3639057861471 34.265312372858 34.211406111594 34.2010937332913 34.2792181370535 34.6589064596403 35.2304684518271 35.4099994299963 34.3056250797342 33.0887496758591 31.8382811802379 33.9378126546223 34.4576568007826 34.2284380812902 34.0509376842825 33.8793750130061 33.672655583808 33.8962497122183 34.2340626705227 33.9284378280379 33.5545312162944 33.0112504959106 -9999 -9999 -9999 -9999 -9999 -9999 -9999 -9999 -9999 -9999 -9999 -9999 -9999 -9999 -9999 -9999 -9999 30.8387498855592 32.0200004577637 -9999 -9999 -9999 -9999 -9999 -9999 -9999
32.0760939418284 31.8973438732165 32.5015626838455 33.2790617340768 34.2460937489583 34.956875263795 34.6062495709604 34.6289067263138 34.602655946746 31.8959372981437 29.6093749424361 30.0987502901656 29.9698436878332 28.7074999543356 29.2020314354248 32.9481245897555 34.5329682232931 34.2681246399879 34.195937454731 34.4067181944187 34.824374794769 35.3199993371517 35.3856249453995 35.174686729349 34.2671872362659 34.8851564502381 34.9090620869688 33.7704692199467 32.572344334595 32.0550001884056 31.7217190885757 32.7276558584733 34.330780623698 35.1078129999209 34.9301558124999 34.0259897901934 32.8883345921834 32.1766675313314 -9999 -9999 -9999 -9999 -9999 -9999 -9999 -9999 -9999 -9999 -9999 -9999 -9999 -9999 -9999 28.303749978583 30.8199999928882 -9999 -9999 -9999 -9999 -9999 -9999 -9999 -9999
32.4585941429658 32.6390628212181 33.4907813060594 34.001250087213 34.5403129458083 35.2892186040262 35.3885935540435 34.6787496540348 32.5032804654211 30.3176562164207 31.0625002970416 31.4839061486301 30.5656248890406 31.2450001197752 32.3826567515898 33.9584370840302 34.9006245131191 34.5810933105969 34.3762499685756 34.5132815242453 34.7570315611884 34.8226560962316 34.5137500179873 35.0603129278462 35.2824997915181 35.5010930303622 34.8214064230507 33.8645310981687 33.1989069585443 33.0214062347497 32.8184376641493 33.7407813060026 34.2020311355337 34.8990628126386 34.5118752125819 32.9114062790636 32.7853118782812 32.2018752098083 -9999 -9999 -9999 -9999 -9999 -9999 -9999 -9999 -9999 -9999 -9999 -9999 -9999 -9999 -9999 -9999 -9999 -9999 -9999 -9999 -9999 -9999 -9999 -9999 -9999
32.1164057862466 33.6482818707395 34.3157814138865 34.6237493153946 34.8056245440822 35.6426563260683 34.7506251353439 31.9796875144363 30.767499893074 31.9432810535668 31.3943750264891 32.9496868829473 33.0551562590177 33.4645309442262 33.4139062158655 34.9535940279207 35.4106250995408 35.2256254546995 34.9884373536722 34.6703128810669 34.0140621665762 33.9742181307422 34.4739068734475 34.0210941743618 35.1784372318723 35.5878127807612 35.6492194525405 35.2637501345021 34.4026562541138 32.977812110036 33.1545316883208 35.1428121906288 35.1442187408388 34.75375002623 33.4764059204449 32.5078122321981 32.4998432994526 -9999 -9999 -9999 -9999 -9999 -9999 -9999 -9999 -9999 -9999 -9999 -9999 -9999 -9999 -9999 -9999 -9999 -9999 -9999 -9999 -9999 -9999 -9999 -9999 -9999 -9999
30.3954688034057 32.4259372371225 34.285000086586 34.5200000415287 34.497968557539 33.1445309257518 33.4614061144222 30.928125022695 31.6167184402433 32.1575002068547 32.3492186050193 33.8499996069284 33.9170308713698 33.3898437592968 34.1018745903886 35.1218756455517 35.5653127441664 35.6968750953876 35.730155944181 35.2298440929602 34.295625329167 33.8717188849452 33.1634375122722 34.5425000763599 35.4106245630599 35.6975001096645 35.8273442390499 35.5214064719746 34.0171869972308 34.1921876651907 33.9404686124076 33.2210935372579 34.454374939272 33.7317188109336 32.4965627210273 32.865937650549 32.6081251501916 -9999 -9999 -9999 -9999 -9999 -9999 -9999 -9999 -9999 -9999 -9999 -9999 -9999 -9999 -9999 -9999 -9999 -9999 -9999 -9999 -9999 -9999 -9999 -9999 -9999 -9999
28.2256248320536 31.5071872176857 32.7882809663611 32.4298441445036 31.6582811505479 32.1878121778137 32.0856252017216 31.914374886968 32.300624608526 32.9960944640215 32.5085933224294 33.4004692441743 34.1171873203015 34.5696870685449 33.9007804393416 33.7526560437013 33.9021879460559 35.4306250816145 36.1839063164237 35.796562313177 34.9214057907421 34.4154682729507 35.4326565249062 35.9267185919818 35.8582816716714 35.6726564169545 35.609843373475 35.3184379937178 34.4934375296721 33.2026564815153 31.5854690690905 32.6609371596269 33.3401562594789 33.0421884049568 32.5607815962746 32.6756250858951 32.3325002791593 -9999 -9999 -9999 -9999 -9999 -9999 -9999 -9999 -9999 -9999 -9999 -9999 -9999 -9999 32.3090620042122 32.1234374047555 -9999 -9999 -9999 -9999 -9999 -9999 -9999 -9999 -9999 -9999
27.03500014856 28.4909372654056 29.4514062742578 29.5093750082125 30.5799995679321 31.81656268347 32.1385938820177 32.6039066315411 33.0909380322063 33.4203126735872 32.6145315751808 33.7846879966566 34.4920313964075 34.3709374387674 32.4195315858519 33.878437400586 34.4268752933072 35.5923436283352 36.1426563863641 35.8729685546545 35.1417186267713 34.9048429166102 35.8029682641539 35.9862501622211 35.357655704121 35.5079687251502 34.9754685166644 32.7887494256984 31.4284378845145 32.8621872350094 33.070781469336 30.2803123890168 31.4489062428585 32.5820314292433 33.4824995995573 32.6100006103516 -9999 -9999 -9999 -9999 -9999 -9999 -9999 -9999 -9999 -9999 -9999 -9999 -9999 -9999 32.1625003814697 -9999 -9999 -9999 -9999 -9999 -9999 -9999 -9999 -9999 -9999 -9999 -9999
26.076875119334 26.0285939302651 27.1423436710878 28.3609372379503 29.1545311820594 30.9864062971909 31.7570310544252 32.1660935887411 32.6981252136936 32.8601561193363 33.4043745396114 33.1800002461209 34.0167189240927 32.962343991873 33.2932815512445 34.5309373119169 34.7643749706153 35.4156250362122 35.763437986721 35.5818750266915 34.3429682264411 34.4187506413187 35.8709377639726 35.9365627765756 34.9873434908169 34.331875146579 34.9131252167803 33.1590628923089 33.3906252383183 33.7579684253685 32.3620308950899 30.162187368049 31.4615622460461 32.4915621278323 32.8089053633387 -9999 -9999 -9999 -9999 -9999 -9999 -9999 -9999 -9999 -9999 -9999 -9999 -9999 -9999 -9999 -9999 -9999 -9999 -9999 -9999 -9999 -9999 -9999 -9999 -9999 -9999 -9999 -9999
25.5899999737339 24.8768748618433 25.7820310880375 27.9120313224205 29.730781019758 30.7120313052997 30.789374768774 30.8489061602648 32.0085939171023 32.4120306108161 32.0201564740414 33.0017189388162 33.5304688823283 32.4240623422304 33.6714064798829 34.1995316756533 35.3887500156964 35.9143743510491 36.2214061020193 35.6025006773329 34.2815625384583 33.9476566050618 35.791250348984 35.3757811208506 34.2329685685786 34.8620308647298 33.6910933855569 33.5598436599464 34.0651557443114 33.3998433645785 31.2079687096398 31.0810937572167 32.7862497576258 32.5781259541428 -9999 -9999 -9999 -9999 -9999 -9999 -9999 -9999 -9999 -9999 -9999 -9999 -9999 -9999 -9999 31.9675008051341 -9999 -9999 -9999 -9999 -9999 -9999 -9999 -9999 -9999 -9999 -9999 -9999 -9999
25.5089059772235 25.7337499861224 27.176093934024 29.3675002129643 29.8756249533701 30.4734375477297 30.5212498908588 30.6140625771245 31.6274996703936 31.2031252972523 31.7253125901096 32.3393751392297 32.5545311280983 30.2335936167995 31.3810938623643 34.5468754152271 34.483124497473 34.3642190136307 35.5417187826035 35.298749983734 31.3312499273 32.4021875261324 35.0023436554226 35.004531024701 34.8404683460009 34.5212503073202 33.9085937134372 33.7014063588266 33.0451556468308 33.0768749128477 32.5514065616742 32.6232813277099 32.5617182847512 -9999 -9999 -9999 -9999 -9999 -9999 -9999 -9999 -9999 -9999 -9999 -9999 -9999 -9999 -9999 32.7174993353672 -9999 -9999 -9999 -9999 -9999 -9999 -9999 -9999 -9999 -9999 -9999 -9999 -9999 -9999
26.054062245919 25.5498436387697 27.1215624209771 29.7709373850027 31.6810939001053 31.0065624108026 31.4199998943507 31.2184375812837 31.4321871103272 31.9589063536511 32.2973438232883 33.1332807247525 32.8412498547319 31.9137500183964 33.1765633544373 33.5412500218362 33.8501563650741 34.7840626251636 34.9912496842104 33.7298439158212 31.6579687874226 33.5603131951836 35.3565621979041 34.7904689915612 34.7304685123398 33.6534378534036 32.763281436356 32.6637502917636 32.0829686232403 31.3579687181773 31.9851566249701 32.9217187854197 32.5856241384703 -9999 -9999 -9999 -9999 -9999 -9999 -9999 -9999 -9999 -9999 -9999 -9999 -9999 -9999 -9999 -9999 -9999 -9999 -9999 -9999 -9999 -9999 -9999 -9999 -9999 -9999 -9999 -9999 -9999 -9999
26.5546875300947 26.2759373772312 28.3398436583528 29.2393751435472 32.2759379446766 32.3959373812081 33.3085937789183 32.2154689419724 31.7064063243789 32.6990624639225 32.0235938108133 33.8485938588829 33.2935933149543 34.7196870131097 32.6665623177975 33.4526564763106 32.6182816966268 32.6240626309528 33.9942187651212 33.3792185777728 33.9862498610745 33.8701565257154 34.8592191342149 33.876874984492 33.5103124994475 33.4209370016555 32.0456250309386 32.0539059941028 31.3564058549739 32.580000218774 33.1340622584901 33.4462498224016 32.6062490145365 -9999 -9999 32.974999308586 31.9999998807907 -9999 -9999 -9999 -9999 -9999 -9999 -9999 -9999 -9999 -9999 -9999 -9999 -9999 -9999 -9999 -9999 -9999 -9999 -9999 -9999 -9999 -9999 -9999 -9999 -9999 -9999
26.8765622661905 28.140312429923 30.1104688919146 31.4981247796758 32.5804688931792 32.6232806163041 32.3607818497037 32.7603124974194 33.1957814688718 34.0690625302899 33.953281043812 34.7774997947734 34.352811871707 33.6812501554564 33.9212495688394 32.8168756637129 32.8084373460488 33.1420308958985 32.1150001850485 33.285625069782 34.4490628257871 33.5384376055173 33.4695309414162 33.8140626542398 33.5351567261496 33.9200003733806 33.0729690496568 31.8721874059736 32.2617185395352 33.1665101639543 33.7111970783434 -9999 -9999 -9999 32.8028122802531 29.1664062271904 30.1990626793316 -9999 -9999 -9999 -9999 -9999 -9999 33.0499992370605 -9999 -9999 -9999 -9999 -9999 -9999 -9999 -9999 -9999 -9999 -9999 -9999 -9999 -9999 -9999 -9999 -9999 -9999 -9999
27.8731250457352 28.8331247884648 29.5995310578995 31.0396876032785 32.8799995772388 33.6015620790153 32.97203144175 33.5178123102455 32.912656338093 33.8178128612456 33.8131252541652 34.4404691466728 34.8229689600648 32.1695308712401 33.5092188124829 33.7614061839091 33.4224998653569 33.2081245469177 33.8474998768502 34.4996868351827 34.2765622723321 32.9285943812933 33.6007807238447 33.9921872619359 34.1210940474718 33.6485935464678 32.5737493342338 31.6968749167753 32.5251564396387 32.974165917631 -9999 -9999 -9999 33.1731250286221 31.097031475738 22.2490623908206 27.7793745110757 -9999 -9999 -9999 32.3731238840229 -9999 -9999 -9999 -9999 -9999 -9999 -9999 -9999 -9999 -9999 -9999 -9999 -9999 -9999 -9999 -9999 -9999 -9999 -9999 -9999 -9999 -9999
28.1107814339274 27.7314061818048 28.1659374526845 29.1706249425398 31.2762502152497 33.4037499472248 34.7664058248325 34.4728120559467 34.0340622061979 33.9696877000246 34.0301561352618 34.5245313052186 33.6278130406826 33.3412498802827 34.357499896425 34.3246874788699 34.7718750250154 34.5248441108664 34.1076558216848 34.4121868009376 33.3410933007467 33.404531597375 33.6909375194034 32.6820312449473 32.5737501102506 32.6954687525973 32.5726566304375 32.0132810770349 32.068125724749 -9999 -9999 -9999 -9999 33.2801569106871 29.1424998424702 24.2482809431589 30.5149994488422 -9999 -9999 -9999 -9999 -9999 -9999 -9999 -9999 -9999 -9999 -9999 -9999 -9999 -9999 -9999 -9999 -9999 -9999 -9999 -9999 -9999 -9999 -9999 -9999 -9999 -9999
27.559531508312 27.3699998865646 29.3921878022273 29.9876568290733 31.0456249402115 31.0192186540191 32.7109370533102 33.8606250304909 34.4990626569246 34.3475004429104 33.9664064650075 33.9742185481199 34.2643750897869 34.4114065772692 34.6654693488357 34.7517192971327 34.4831255668724 34.4039061659552 34.7587504388637 34.6657812594983 34.2373434296586 33.8489072916694 32.9470307839346 31.9489067203203 31.6592186690944 32.1714063307569 32.574531943632 32.0662496089935 -9999 -9999 -9999 -9999 -9999 33.1629693209917 25.4281250234985 26.7846873938148 30.8974996210564 -9999 -9999 -9999 -9999 -9999 -9999 -9999 -9999 -9999 -9999 -9999 -9999 -9999 -9999 -9999 -9999 -9999 -9999 -9999 -9999 -9999 -9999 -9999 -9999 -9999 -9999
30.4060938977101 29.7642183554581 31.153593685597 32.9792188393766 31.8021873815128 32.9410937415503 33.6203123909867 34.0520313968547 34.2400002479199 34.2240624435879 33.9564065938686 33.836562634193 33.5707814709294 33.2525000863541 33.5454687480416 33.3449997031372 33.8381257067497 33.8695314545352 34.1915628320804 34.333749950589 33.9535942088071 33.1807813657971 32.5343747139646 32.183750629425 32.0112504959106 31.7137503623962 -9999 -9999 -9999 -9999 -9999 -9999 -9999 33.2362494271973 27.6712496341496 30.7399997711182 -9999 -9999 -9999 -9999 -9999 -9999 -9999 -9999 -9999 -9999 -9999 -9999 -9999 -9999 -9999 -9999 -9999 -9999 -9999 -9999 -9999 -9999 -9999 -9999 -9999 -9999 -9999
28.6900003863687 31.7915619318448 33.7575000804018 33.9040622107971 32.937968521591 33.5425002575275 34.0965627439111 34.108281970869 33.5003128067595 33.4009372005091 33.6704688072744 33.4967188835487 33.2534371605291 33.5257815123556 33.9003126609569 32.1745309830743 33.1373442415809 32.8954693676681 33.3356252323807 33.662812770162 32.6371871846178 32.2714062934658 32.5024993419647 -9999 -9999 -9999 -9999 -9999 -9999 -9999 -9999 -9999 -9999 33.1424986521403 31.1564062898595 -9999 -9999 -9999 -9999 -9999 -9999 -9999 -9999 -9999 -9999 -9999 -9999 -9999 -9999 -9999 -9999 -9999 -9999 -9999 -9999 -9999 -9999 -9999 -9999 -9999 -9999 -9999 -9999
30.2912497500317 27.1510937203729 32.8398435740813 34.0842181448368 34.0274997943843 33.5943750720064 33.1087500448061 32.3437500890035 32.3343753198874 33.2843748023374 33.6500000357001 33.6142711638275 33.6331773990867 33.8868753312099 34.053750217192 33.1973440044156 33.0454685689674 32.7743744850159 32.5681250095367 -9999 -9999 -9999 -9999 -9999 -9999 -9999 -9999 -9999 -9999 -9999 -9999 -9999 -9999 -9999 32.2799987792969 -9999 -9999 -9999 -9999 -9999 -9999 -9999 -9999 -9999 -9999 -9999 -9999 -9999 -9999 -9999 -9999 -9999 -9999 -9999 -9999 -9999 -9999 -9999 -9999 -9999 -9999 -9999 -9999
30.3751562256076 29.9457811665126 31.231562614904 33.7307809594469 34.5459371800131 34.6035943029269 33.4359371660244 33.1579689668586 33.6239063136589 33.7474999427795 33.6800012588501 33.6683337688446 33.9220834969927 34.0378130673131 33.9487504958989 33.5287489891052 32.9662504196167 -9999 -9999 -9999 -9999 -9999 -9999 -9999 -9999 -9999 -9999 -9999 -9999 -9999 -9999 -9999 -9999 -9999 -9999 -9999 -9999 -9999 -9999 -9999 -9999 -9999 -9999 -9999 -9999 -9999 -9999 -9999 -9999 -9999 -9999 -9999 -9999 -9999 -9999 -9999 -9999 -9999 -9999 -9999 -9999 -9999 -9999
29.7298439754908 30.0370312049382 30.3975000665809 32.5770312848817 34.6212501526971 34.8593749994424 34.2232816217877 33.7975006103516 -9999 -9999 -9999 -9999 34.0460938810045 33.9940627817608 33.9903116226372 -9999 -9999 -9999 -9999 -9999 -9999 -9999 -9999 -9999 -9999 -9999 -9999 -9999 -9999 -9999 -9999 -9999 -9999 -9999 -9999 -9999 -9999 -9999 -9999 -9999 -9999 -9999 -9999 -9999 -9999 -9999 -9999 -9999 -9999 -9999 -9999 -9999 -9999 -9999 -9999 -9999 -9999 -9999 -9999 -9999 -9999 -9999 -9999
28.6493749925228 28.7578124118205 30.6103123435677 32.9848431933285 34.7857811446456 35.2662494775754 35.0098437069689 -9999 -9999 -9999 -9999 -9999 -9999 34.1225000016918 33.9668737649178 -9999 -9999 -9999 -9999 -9999 -9999 -9999 -9999 -9999 -9999 -9999 -9999 -9999 -9999 -9999 -9999 -9999 -9999 -9999 -9999 -9999 -9999 -9999 -9999 -9999 -9999 -9999 -9999 -9999 -9999 -9999 -9999 -9999 -9999 -9999 -9999 -9999 -9999 -9999 -9999 -9999 -9999 -9999 -9999 -9999 -9999 -9999 -9999
