2050_A1B_MR/TMAX.asc
NCOLS 720 
NROWS 360 
XLLCORNER -180 
YLLCORNER -90 
CELLSIZE 0.5 
NODATA_value -9999 
[rows 56 to 83 of 360, columns 189 to 251 of 720]
-9999 -9999 -9999 -9999 -9999 -9999 -9999 -9999 -9999 -9999 15.2166668574015 14.9298958826736 -9999 -9999 13.8999996185303 13.8893749707942 13.5710936328534 13.2667187444988 13.1340625434398 12.9746876207828 13.0590625404134 13.1206251083743 13.178281292549 12.8917187010925 12.5467187166872 13.1881249701048 13.7290625574674 14.3299998641014 -9999 -9999 -9999 -9999 -9999 -9999 -9999 -9999 -9999 -9999 12.2762501239777 12.1599998474121 11.4715623256936 11.152812645137 -9999 -9999 -9999 -9999 -9999 -9999 -9999 -9999 -9999 -9999 -9999 -9999 -9999 -9999 -9999 -9999 -9999 -9999 -9999 -9999 -9999
-9999 -9999 -9999 -9999 -9999 -9999 -9999 -9999 -9999 -9999 -9999 -9999 -9999 -9999 -9999 14.202968612137 13.731406137869 13.6032812594411 13.4860937587431 13.4317187806816 13.3346875900392 13.3278125222466 13.1534376440751 12.9465624534064 12.892656310477 13.0671876517868 13.4478124682581 13.8817187260677 13.8099999429792 14.0300000905991 13.9175000190735 -9999 -9999 -9999 -9999 -9999 -9999 -9999 -9999 -9999 11.5775001049042 -9999 -9999 -9999 -9999 -9999 -9999 -9999 -9999 -9999 -9999 -9999 -9999 -9999 -9999 -9999 -9999 -9999 -9999 -9999 -9999 -9999 -9999
-9999 -9999 -9999 -9999 -9999 -9999 -9999 -9999 -9999 -9999 -9999 -9999 -9999 -9999 14.6550002098084 14.5381249480824 14.436875089373 14.1335936478546 13.9864062659753 13.9626560355077 13.8131249835048 13.7482812692941 13.7234374424627 13.7639061948572 13.7470313451989 13.8650000239274 13.8176562181398 13.7896875283716 13.7217186978536 13.7435938111576 13.9929687967973 14.2728124946333 -9999 -9999 -9999 -9999 -9999 -9999 -9999 -9999 -9999 13.2324998378754 -9999 -9999 -9999 -9999 -9999 -9999 -9999 -9999 -9999 -9999 -9999 -9999 -9999 -9999 -9999 -9999 -9999 -9999 -9999 -9999 -9999
-9999 -9999 -9999 -9999 -9999 -9999 -9999 -9999 -9999 -9999 -9999 -9999 -9999 -9999 -9999 14.8493748753207 14.8381250646156 14.6403124626205 14.4804686749973 14.4051561945911 14.410312562715 14.2971876110866 14.2990624750641 14.4032813900025 14.3624998770669 14.4209375521967 14.4804687790438 14.6160937386772 14.656406356481 14.6473437980891 14.7884374697311 15.2137500039697 -9999 -9999 14.9542187152675 -9999 -9999 -9999 -9999 -9999 14.6199998855591 13.6745311458018 13.8948434588666 -9999 -9999 -9999 -9999 -9999 -9999 -9999 -9999 -9999 -9999 -9999 -9999 -9999 -9999 -9999 -9999 -9999 -9999 -9999 -9999
-9999 -9999 -9999 -9999 -9999 -9999 -9999 -9999 -9999 -9999 15.8299999237061 -9999 -9999 -9999 -9999 15.4159377812354 15.144531264648 14.8932813847287 14.7953126277033 14.7742187375808 14.7939063306259 14.8265625680116 14.8364064090383 14.8945313386316 14.8851562581241 15.0246874383855 15.1357810939543 15.1829688245624 15.2237499797257 15.4614062454279 15.6550000004866 16.1135936520118 16.3231250046813 -9999 -9999 -9999 -9999 -9999 -9999 15.4637502728702 14.9021875264162 13.8549999605546 13.8517186348538 -9999 -9999 -9999 -9999 -9999 -9999 -9999 -9999 -9999 -9999 -9999 -9999 -9999 -9999 -9999 -9999 -9999 -9999 -9999 -9999
-9999 -9999 -9999 -9999 -9999 -9999 -9999 -9999 -9999 -9999 -9999 -9999 -9999 -9999 15.7599999109904 15.5753126290517 15.3376563487254 15.1946875600384 15.1051563617469 15.1332811858446 15.1881250286804 15.2104687090653 15.1935937253918 15.3942187871062 15.4860938780956 15.5567186618999 15.5412500048523 15.6624999636062 15.7201561027656 15.9128126793041 16.2793752542894 16.8776561607528 17.2817186113503 -9999 -9999 -9999 -9999 -9999 -9999 16.4856252816693 15.3039063054549 13.7837499371012 13.5362499061082 14.1093749855424 15.0612497925758 -9999 -9999 -9999 -9999 -9999 -9999 -9999 -9999 -9999 -9999 -9999 -9999 -9999 -9999 -9999 -9999 -9999 -9999
-9999 -9999 -9999 -9999 -9999 -9999 -9999 -9999 -9999 -9999 -9999 -9999 -9999 16.1290627121553 15.9432813820169 15.725468650151 15.5370312180798 15.3478126224729 15.3135937151201 15.3153124746854 15.4160937961733 15.4829686578768 15.526093616777 15.6024999615153 15.7426562007899 15.8801562781938 16.0606247330789 16.2343747908406 16.3792189949972 16.647187530408 17.0193750551475 17.5501564139463 17.7615623172972 18.1671875709087 18.6617193220156 18.8487498760223 18.574999332428 18.0974999366821 17.4951559899492 16.8906248805442 15.7000001664822 14.4789062281834 13.851250140531 13.7901560953015 14.7890625442676 15.5674998155049 -9999 -9999 -9999 -9999 -9999 -9999 -9999 -9999 -9999 -9999 -9999 -9999 -9999 -9999 -9999 -9999 -9999
-9999 -9999 -9999 -9999 -9999 -9999 -9999 -9999 -9999 -9999 -9999 -9999 -9999 -9999 16.0687501430511 15.9943746175896 15.8424999858779 15.6646874989462 15.5517186668796 15.4934373496437 15.6771875765734 15.7440623041938 15.8321873541251 15.9662501061457 16.176719247574 16.3756251476275 16.5406250350841 16.6815622443478 16.8193747694296 17.0104689595111 17.5373437698864 17.8290626107485 18.1093749994671 18.7600000790457 19.0801565936869 18.9171876011616 18.6420310436051 18.2085937260249 17.7314064796742 17.2332814627981 16.2353124460613 15.3193749923548 14.9378123866291 15.0712499298551 15.7987500856009 16.3226559450928 16.5787497757499 -9999 -9999 -9999 -9999 -9999 -9999 -9999 -9999 -9999 -9999 -9999 -9999 -9999 -9999 -9999 -9999
-9999 -9999 -9999 -9999 -9999 -9999 -9999 -9999 -9999 -9999 -9999 -9999 -9999 -9999 -9999 -9999 16.1299991607666 15.9779688860048 15.8762499986079 15.8809374121016 15.9212499854221 15.9528126114316 16.0873437666227 16.2600000793019 16.512187540638 16.5998437998735 16.7170313892464 16.9014061983843 17.1146875018273 17.4545312515874 17.9682811190878 18.3915626395781 18.8467185788135 19.0809371173632 19.2182814179839 19.0260937809728 18.8423437769601 18.4785937962382 18.0492189820683 17.6073437622685 17.0453127906556 16.2421873944984 15.7814061926111 15.8537499595834 16.1415624761745 16.6203123317863 16.6999998669421 16.546666640357 -9999 -9999 -9999 -9999 -9999 -9999 -9999 -9999 -9999 -9999 -9999 -9999 -9999 -9999 -9999
-9999 -9999 -9999 -9999 -9999 -9999 -9999 -9999 -9999 -9999 -9999 -9999 -9999 -9999 -9999 -9999 -9999 16.2376563398635 16.1190627362425 16.1420315947581 16.3145309381842 16.4356248075285 16.4829687473197 16.5337500869275 16.6312499936448 16.8201560672706 17.0498438173719 17.3935936979039 17.6926566055929 17.9795311982647 18.3245314956812 18.7229686978327 19.210468858316 19.2374998923078 19.426875292851 19.1784374412403 19.2056249375892 18.8446876102316 18.505312173844 18.3146876088036 17.9973438373153 17.3132813856897 16.9635939285029 16.8085935252472 16.7954684932921 17.0548436942382 17.5901564655385 17.5104687208623 -9999 -9999 -9999 -9999 -9999 -9999 -9999 -9999 -9999 -9999 -9999 -9999 -9999 -9999 -9999
-9999 -9999 -9999 -9999 -9999 -9999 -9999 -9999 -9999 -9999 -9999 18.1050002573471 17.8475003241043 -9999 -9999 -9999 -9999 16.7998434601663 16.5064063957386 16.5368747409173 16.5706251556977 16.6451562039566 16.8481248610786 16.9871875636597 17.1545311206188 17.3056252594415 17.4650001521939 17.6929687557669 18.0028124447629 18.1323434408234 18.4351562557057 18.7339064773218 19.448749870003 19.6001563368586 19.6559377911039 19.5306249858987 19.3295311926471 19.1845309434091 19.1146873827107 18.9204687767354 18.714218526328 18.6062500168624 18.0062497839967 17.6635937079211 17.5000002368335 17.6539061950911 18.0893749882069 18.1989061519403 18.2756247516824 -9999 -9999 -9999 -9999 -9999 -9999 -9999 -9999 -9999 -9999 -9999 -9999 -9999 -9999
-9999 -9999 -9999 -9999 -9999 -9999 -9999 -9999 -9999 -9999 18.7800006866455 18.5235938429505 18.0635935660414 17.6887503858855 -9999 -9999 -9999 17.1570308207143 17.275155930745 16.9540624910474 16.9976563448035 17.1504688258182 17.3942188613776 17.3687499461479 17.5135937926837 17.6412498947207 17.7387499806598 17.9320314522727 18.1659375131198 18.46468728743 18.5101563633223 18.8182810844629 19.4360934198795 19.9160940045101 19.6287498472449 19.3023439649236 19.4092184602615 19.351875215588 19.4493749436281 19.4154689306862 19.3231253914799 19.4167188098599 19.0093749453614 18.6367190770243 18.444999962349 18.4995311490879 18.7943752103631 18.9873439069528 18.6482809478637 -9999 -9999 -9999 -9999 -9999 -9999 -9999 -9999 -9999 -9999 -9999 -9999 -9999 -9999
-9999 -9999 -9999 -9999 -9999 -9999 -9999 -9999 -9999 -9999 -9999 18.7749996185303 -9999 -9999 -9999 -9999 17.4226563576301 17.0914062854323 17.0989066356099 17.2270314092701 17.4454684551436 17.5093750650643 17.6593751009895 17.7496875817018 17.9404685493957 18.025000214694 18.1065623461411 18.2407815155198 18.4484374225117 18.5521876514161 18.5493750866574 18.8395312127778 19.1882811486484 19.5659378770555 19.6517188548421 19.4079686699504 19.3404687343911 19.4628127219526 19.5814064145663 19.6746878921467 19.6456249949023 19.9317186772338 19.660312384085 19.0343751009309 18.7765625120991 18.6535937189165 18.5401563943639 18.7687503694631 18.6843752267097 18.3087501522676 18.0195309518899 -9999 -9999 -9999 -9999 -9999 -9999 -9999 -9999 -9999 -9999 -9999 -9999
22.5692186951176 22.5168750286102 22.4343749284744 22.2668752670288 22.1425001621246 21.9862499237061 21.7275004386902 -9999 -9999 -9999 -9999 -9999 -9999 -9999 18.0749998092651 17.61671873918 17.5562501245079 17.6103126099483 17.6318752461103 17.727187662585 17.8907813125202 17.9298437828687 17.9799996610134 18.1087500747912 18.2334373887639 18.3357809773394 18.4806252709777 18.6439060860315 18.7446874969066 18.7767190331586 18.8723438080017 18.9454687237863 19.164843648752 19.2434374694266 19.3939063555852 19.3245311383226 19.345625102619 19.5068754252485 19.5650000572024 19.8453124161955 19.9132813808162 19.977187573849 19.82812514889 19.3971873219031 18.9664063149314 18.6362498403901 18.5720310507235 19.0167188043263 19.1714059994714 18.8885937620403 18.4671875228535 18.5787500143051 18.7437498569488 -9999 -9999 -9999 -9999 -9999 -9999 -9999 -9999 -9999 -9999
22.5856250522184 22.4974998234894 22.467968702232 22.4321876165442 22.3332813378228 22.1787502462285 21.951874971246 -9999 -9999 -9999 -9999 19.7768745024415 19.5125001266802 18.9521876864778 18.5771876864238 18.2453124510602 18.2256249474098 18.3289061477003 18.2806252230035 18.290156035675 18.4143749466716 18.4806249730639 18.4965625696572 18.5754687781979 18.6921873386922 18.7750000353763 18.8640629645365 18.8928124602003 18.9218744632391 18.9232809541891 18.9949996469113 19.1309372481471 19.1900000269688 19.2518753106599 19.2701564429427 19.3464058933025 19.2564065154671 19.7046875354505 20.0525002176317 20.1692189868322 20.2442182892286 20.2899999614081 20.138124793323 19.8340622180706 19.5312500286474 19.5795311319964 19.3292188028556 19.2849997259829 19.6356250633125 19.6201561383883 19.1875000888183 19.1701559124703 18.8818751272349 19.1218747201637 18.9971872268512 18.9344273212369 -9999 -9999 -9999 -9999 -9999 -9999 -9999
22.8753124768905 22.7487502092881 22.6320317384497 22.7087499197485 22.6871878202177 22.6362496310826 22.715468853545 -9999 -9999 -9999 -9999 20.0018753606857 19.969062705218 19.625781117938 19.3492189932656 19.2484376121029 19.2484375227228 19.2270308721202 19.282812415264 19.2496876107 19.2290624071347 19.136406390999 19.0778126411437 19.1117189815869 19.1946875742743 19.162655949051 19.2320309276337 19.2354683276392 19.0606250464782 19.0925002691798 19.2260937687494 19.4093745943431 19.5218747552756 19.5710937675932 19.5781251782533 19.5700002011901 19.6403129691352 19.9596876499055 20.3665625748709 20.5545312756979 20.6956250364974 20.7071877116386 20.6481252900947 20.4340623608763 20.2901560359527 20.2404686506515 20.2179686723648 20.2942187784118 20.3959375314263 20.3696875561732 19.8723438669665 19.8142185793492 19.6187500045162 19.6389063581308 19.4495311370204 19.2066144039865 18.8773960470563 -9999 -9999 -9999 -9999 -9999 -9999
23.3943753535681 23.3546871537089 23.2520310573647 23.1854686133594 23.127812831862 23.0946873718037 23.0084369175223 -9999 -9999 -9999 -9999 -9999 20.5431252711391 20.3846875122916 20.3185935906873 20.370000271991 20.2373438467232 20.1748439362868 20.0557813040652 19.9040625982073 19.9200000161879 19.9778126472174 19.9201561506657 19.8075004812206 19.763906448765 19.6940626795696 19.5773439401272 19.5975000555181 19.4648433620561 19.4526559109566 19.5796870287988 19.6721870300759 19.813749998602 19.890937804793 19.8234376902178 19.8070315117669 19.8525004981337 20.158281117699 20.5028124746147 20.7937501070377 21.057656317702 21.1489058431684 21.112812339465 20.9609377375032 20.7335938803524 20.3751562529216 20.1707813130737 20.4984374034978 21.2460940478184 21.8615625194621 21.8348438716734 21.1578125340864 20.1007813233195 19.1206252595691 18.7915627367752 18.6373438538923 18.7001561823898 18.239531309347 17.5860936047269 -9999 -9999 -9999 -9999
23.8654687100209 23.8379687363185 23.781718879383 23.7578126781907 23.7325000457813 23.6759374432278 23.6149998002101 23.5383331775665 23.1895837783813 23.0100002288818 21.8299999237061 21.9099998474121 -9999 21.070000051639 20.9293750517596 20.9564065333171 20.8799997861105 20.8437500290786 20.6923437111058 20.4862501018677 20.3165625627364 20.334062665453 20.3087501222494 20.2087501877788 20.1482813054264 20.0925003583062 20.0053127403895 19.9715624447817 19.9092187876008 19.9626563184143 19.8295311329035 19.7223436237577 19.9637502132327 20.0489065945204 20.1642188724896 20.1229687330505 20.116406082639 20.4137499028106 20.8173437710589 20.8785935640815 21.1270309389453 21.3289062081751 21.3715626301146 21.3921875058465 21.3814062766508 21.1354689884524 21.142031281169 21.2095308000192 21.6731251470064 22.2393745480985 22.4601564713469 21.3190627408995 19.5495311315059 18.8159373091102 18.652812599727 18.4859373571298 17.8324996548299 17.3798437129688 17.2579688734054 17.1392185093547 -9999 -9999 -9999
24.3157810266807 24.3226560945542 24.3273437911893 24.3690627508115 24.38640636136 24.3340625458206 24.2487497025535 23.9429683673944 23.4365628953802 23.1575002670288 -9999 -9999 -9999 21.6697395439253 21.5464583331139 21.4809374802822 21.4134374551546 21.3906252078895 21.3671877079229 21.19046866827 21.0165623717215 20.8626565031611 20.7421875886556 20.7526561612177 20.6251562827845 20.5112502269852 20.5150003125751 20.3915625204344 20.3770312958529 20.4093748332541 20.31703120457 20.312968878936 20.3026563220834 20.3499998742729 20.4493748243387 20.5446875089682 20.5723438553305 20.8648434869515 21.3209374838986 21.4746876054341 21.5543748735579 21.5018750130417 21.2721875306622 20.8973436650236 20.991562515544 21.1095309854256 21.2178127470642 21.3625003403796 21.2968750899064 21.2185935379156 21.3742186141411 20.8320312803407 19.9793750049289 19.262187302632 18.5384375456852 17.8923437007313 17.2895312609328 17.1985938252679 17.0865625142271 17.1145308612941 -9999 -9999 -9999
24.6978125269086 24.7754690343083 24.8321875625156 24.9334374361983 24.9099996680508 24.8590625816781 24.7601562136376 24.666562765253 24.5943751333913 -9999 -9999 -9999 -9999 21.9658327100288 22.1913019707591 22.0865626625224 21.9965623908721 21.9962498538526 21.9404686682691 21.8392186752169 21.7257811715538 21.6346873630222 21.5254689741964 21.405156253786 21.329687475079 21.1609373978332 20.7456250492719 20.5317187614175 20.3596876866451 20.1328126197188 20.4159372149852 20.7695314585328 21.0010938038116 21.0550000060356 21.0264062275956 21.2271873940434 21.2351563266772 21.4423439198852 21.5778125524454 21.6631249489536 21.4489062133755 21.1971874245004 21.229062527852 21.1603127119055 20.9746873080664 20.8920316402605 21.0157808961275 20.828593940178 20.7756249613997 20.8881250030606 20.665468752837 20.5221874119832 20.0112499294307 19.2387498910567 18.5712498123786 17.6270310281027 16.9989065830801 16.7987499542916 16.8062502153199 17.0853124262304 -9999 -9999 -9999
25.2564063364043 25.2784373456937 25.4021876746847 25.4457814687311 25.4406251901575 25.3426563734969 25.1949999626276 25.0478125210957 24.766562610476 24.5499474800057 24.552916208829 23.5484373566002 23.7428128715843 23.2056252348974 22.939531206062 22.7443751087398 22.6600000552156 22.6998438529892 22.5779690138552 22.4153124682927 22.3614060574102 22.1987499287782 22.1410937004058 22.0878125722491 21.90734353631 21.2020313427174 20.9048437455517 21.1403126112462 21.0610937464355 20.9340624206579 21.3001565928553 21.4368748953241 21.8718750170775 21.8245312860211 21.884062379854 21.3273436731635 21.2373434010066 21.5346877578274 21.6298439506902 21.6428124610496 21.3821876648308 20.7812502687095 20.6237500618183 20.8328125184077 20.6654684252482 20.497187346693 20.5801559392668 20.522968560787 20.0776561502539 19.9701562530671 20.1717186281704 20.0876563194512 20.1110938186184 19.9539061476495 19.0979688154481 18.0049996956894 17.1679687786487 17.3292185941248 17.8475000518268 18.0368746487511 -9999 -9999 -9999
25.6909370716286 25.8039061419947 25.8967187994507 25.8690622147019 25.8498433824442 25.71390655597 25.585937827318 25.4734375172364 25.2709372631611 24.9910416695544 24.7983850338649 24.5774998066682 24.2420312455915 24.0034372202989 23.6801562599986 23.3968748444162 23.3153126232396 23.3017186813492 23.1700001352869 22.9989059858792 22.9660938076446 22.8282811933699 22.6960938864956 22.5739066295961 22.4764066328133 22.2651562680152 22.0129688972599 21.758593797031 21.8073439294198 21.5790624311885 21.4585936964478 21.8442185819138 22.3101563749359 22.4217185969323 22.0790626399511 21.7998435777654 21.3821876042725 21.4859374461364 21.5614059564892 21.1740624613812 20.9696876115185 20.7015626427519 20.1081248821823 20.0851562333609 20.26234376457 20.2407814861685 20.5346875783834 20.5417187210163 19.9585938750623 19.6420311630714 19.4723438925583 19.8537496330792 20.4242185650073 20.8954686212407 20.365781514146 18.6462502479553 17.6549997329712 19.4076565475849 20.3778123539682 20.3487499929177 -9999 -9999 -9999
26.078906148494 26.1693752406037 26.2537504728627 26.1787502167132 26.0278120336108 26.0320307607453 26.068125068469 26.0042188460253 25.7431250211922 25.350937426265 24.9374999408687 24.8521871570953 24.6928125318879 24.4457809920689 24.1753122205349 24.0012502066323 23.9379687599867 23.9506251210272 23.8231252426738 23.6199997659118 23.4737500841608 23.2203128332972 23.0529685613629 23.0399997527988 22.788281589418 22.5262498253838 22.3654685605843 22.2315625841453 22.3946877419396 22.27296858992 22.2087498892878 21.8918751167697 22.6376566280935 22.538437455271 22.0818750548693 22.182968974088 21.8979689773325 21.8182811434514 21.6443752045047 21.1328123204539 20.9495313454923 20.4795310781095 20.6412499543112 20.3437499993187 20.6156247847818 20.8631250550772 20.7356250874628 20.5179687437265 20.1851561368032 19.626718729793 19.2479685543961 19.5826564132935 20.6101564170158 21.0200004577637 -9999 -9999 20.0095311097587 20.0815624582678 21.4892188305149 21.635000705719 -9999 -9999 -9999
26.2715624270064 26.3896878656524 26.5021882055314 26.3409376739109 26.3053124841297 26.4028126295606 26.4726566371487 26.2385938465408 25.7778125109121 25.2576560974574 24.8962499793591 24.7748433349166 24.8193745315075 24.7884374853262 24.7275001994857 24.709531306343 24.5998436204361 24.5117188386509 24.3378124528086 24.1721873870801 24.0034371904775 23.7598437361044 23.4504687183555 23.3564060923358 23.2621875099407 23.1623440077559 23.0339061612741 22.6975000196607 22.8381251980905 22.8640620995959 22.9292189472285 23.3154690840631 23.5198437560653 23.0859375589358 22.6434377132191 22.3404686447503 22.454843669175 22.7309370917987 22.3615622210878 22.1176567955823 21.8092188527529 21.4742189934552 21.1971872141692 20.850000053132 21.017812639168 21.4996876413094 21.1851561662455 20.7448437509702 20.2442183790682 19.6576560436366 19.4701567586009 19.6037504672739 -9999 -9999 -9999 20.2017184496069 20.2003127041636 21.1057810473233 22.6737498320562 -9999 -9999 -9999 -9999
26.1190623050145 26.1504687075264 26.2470312716681 26.283437073277 26.3073433339298 26.3040620386667 26.3040620386667 26.0914065536389 25.8298439677751 25.5235938722623 25.2582814688152 25.2026563578272 25.2448440190307 25.2754688855163 25.3279688353559 25.2681254145575 25.1303128001496 25.0265627500949 24.9042187030027 24.6829687351584 24.5929690894083 24.2718749639728 23.7932812567593 23.7453125411526 23.8582813734302 23.9053126263752 23.8373437506139 23.7556247698888 23.7424998272414 23.959062426791 24.1615625912337 24.4679686119058 24.261718540552 23.7142187950098 23.1920312346823 22.8007813982658 23.1293749802083 -9999 -9999 -9999 -9999 -9999 21.2499998807907 20.3025001587863 20.0718749764798 20.4610413814773 20.6429172356923 -9999 -9999 -9999 -9999 -9999 -9999 -9999 -9999 21.148593365072 21.4640622709533 22.9626565269428 23.8256253588635 24.2910937051557 24.8156247133381 24.3283333778381 23.3269273039605
25.641875059015 25.8204687539094 26.1012499929794 26.2210937739419 26.2970316708627 26.2773443759048 26.2506255508657 26.2348443865853 26.1026565429921 25.8868750330488 25.6384377475925 25.6132813688981 25.4698435364691 25.4606251716086 25.5370311140849 25.3440627754856 25.4143748279296 25.3045309777949 25.0556250216072 24.8006252649041 24.6403125824809 24.2540624144749 24.0693747100664 24.2220313841579 24.5768751192624 25.0059376940982 25.0617187012114 24.5581249886159 24.4071876104007 24.0434375706259 24.3851561844668 24.8818746805499 24.8345310086838 24.0282813306148 23.5220313658719 23.4232808046336 23.4350001811981 22.6300005912781 22.1724996566772 22.1593749523163 22.6187500953674 22.6050000190735 -9999 20.2012504339218 20.2809380582802 20.476666976457 20.6515106161234 20.6324996948242 -9999 -9999 -9999 -9999 -9999 -9999 22.0046874875052 22.5224999465896 23.3531248252599 23.3885936735203 24.4456248876354 25.0753125251197 25.1845313605579 24.5002085264466 23.5498962102158
24.8843749178087 25.4540627308969 26.0128128233534 26.1299998165274 26.1914063991773 26.0812500420963 26.0357812348396 26.2710940241166 26.3657811877818 26.1703127619861 26.0751562118388 26.1206251381336 25.8365624841231 25.518125504128 25.4318754077397 25.0765624050034 25.1768750553454 25.0475000148274 24.9031252860979 24.863906860153 24.5723436768533 24.2746875879142 23.9353125094336 24.0565627217227 24.7001562714741 25.7746876482694 25.6692186296831 25.3346876792314 25.2114064672768 24.0871875554171 23.9568748469644 24.474844038808 24.8282807768565 24.3624999523163 23.9331247806549 24.2278129759589 23.8429690883256 22.762812672459 22.4271875006264 22.2645314312375 22.5214063215184 22.9642187645854 23.2534373397263 -9999 -9999 -9999 -9999 -9999 -9999 -9999 -9999 -9999 -9999 21.3759378190764 21.6281250119575 22.1018751576125 22.210156024243 23.1812501562229 24.2406248171084 24.7990626708418 24.4446877850984 23.9243750888178 23.2428125455404
23.9168751249851 24.6046874236769 25.5459374197327 25.9101562206017 26.0587496162906 25.8632812203345 25.8318752349825 26.1670312884547 26.3292189243598 26.1628124120764 26.0690621435927 26.1764062345214 26.0737499592936 25.7056251463164 25.3873435855514 25.0053126511921 24.9312497974099 24.8553126751654 24.762968778942 24.8807812632718 24.7860935627702 24.3801563382685 23.9282813669445 24.2501561637236 25.0118752710526 25.8234375113581 25.4718747440767 25.1035938276069 25.1589061639719 25.2576561870742 24.7673438176949 24.6328126483217 24.8442186413652 24.4225002525047 24.1506249303505 24.3037498588425 24.9553123402712 24.4774998104192 24.2571873639648 24.4334379705343 23.9417186954268 23.854374645971 23.481249332428 -9999 -9999 -9999 -9999 -9999 -9999 -9999 -9999 -9999 20.318125725962 20.9501560940421 20.7232810875684 20.7917187826096 21.2487498536872 22.0787498666207 22.7823437169569 23.4167188422668 22.9948437532015 22.436093838708 21.9021874385207
