2050_A1B_MR/TMEAN.asc
NCOLS 720 
NROWS 360 
XLLCORNER -180 
YLLCORNER -90 
CELLSIZE 0.5 
NODATA_value -9999 
[rows 224 to 251 of 360, columns 630 to 692 of 720]
24.6229882485621 24.7940039407313 25.0713477009333 25.4566406099998 25.7215103423524 25.8909440618252 26.0583137691625 26.2128255952231 26.039570298013 26.1338280830583 26.1665364634341 26.1672199964679 26.056790416411 26.1008528184553 26.0886458941441 26.0797981659995 25.881705802761 25.6665104431132 25.7177473513507 25.5731184464297 25.3050585651393 24.7447069845733 24.6696159216102 24.6004947918225 24.226497386696 23.6295442442959 23.6274087735959 23.7613932029518 23.301529959812 24.1769597433339 24.2706118758661 24.2254166834884 -9999 -9999 -9999 -9999 -9999 -9999 -9999 -9999 -9999 -9999 -9999 -9999 -9999 -9999 -9999 -9999 -9999 -9999 -9999 -9999 -9999 -9999 -9999 -9999 -9999 -9999 -9999 -9999 -9999 -9999 23.6964842428763
23.9670312219971 24.2268164118481 24.6013867885877 24.9789453301262 25.2122525630677 25.3602994543143 25.6909896164472 26.0151302580537 26.0797266587271 26.1687694973608 26.2024544514019 26.1161848754389 26.0361262852334 26.1575325423115 25.962591229154 25.6286654123098 25.4350064017331 25.5171157053662 25.5133528301095 25.4481770360722 25.1396483836118 24.4794531376242 24.1143814393159 24.0937174495039 23.7604036992879 23.525794329459 23.3810026280791 23.7459635034595 23.5828515754901 23.7500586253769 23.9486002386566 23.9518034129532 -9999 -9999 -9999 -9999 -9999 -9999 -9999 -9999 -9999 -9999 -9999 -9999 -9999 -9999 -9999 -9999 -9999 -9999 -9999 -9999 -9999 -9999 -9999 -9999 -9999 -9999 -9999 -9999 -9999 -9999 -9999
23.2395833248855 24.1074154141761 24.46668626967 24.8425651373702 25.0951887580352 25.297473983505 25.431406213557 25.7688476431532 25.9176236704287 26.0924869585642 26.0521614206166 25.9180793880297 26.0121549330985 25.9482877425016 25.6168294544701 25.3582942443832 25.2837630317704 25.4351301542145 25.3949999680328 25.2035938318642 24.9038021219792 24.2118293761806 23.7205402727617 23.8372005328066 23.277506563646 23.7813346340577 23.8564583297191 23.8385285991078 23.6998893351872 23.6053581229658 23.68059247524 23.8470116473731 -9999 -9999 -9999 -9999 -9999 -9999 -9999 -9999 -9999 -9999 -9999 -9999 -9999 -9999 -9999 -9999 -9999 -9999 -9999 -9999 -9999 -9999 -9999 -9999 -9999 -9999 -9999 -9999 -9999 -9999 -9999
23.6552668757058 24.1209700634388 24.4350063831474 24.7635417332589 25.0451497163119 25.2745051223162 25.4562304454477 25.6799415021716 25.6160806488009 25.8179556760685 25.7787825920686 25.8387630030469 25.8546549028212 25.5677799585928 25.3368879981598 25.1609700336372 25.2734505956696 25.2660287371888 25.0251757842541 24.8437890226607 24.628372358938 23.9549153633748 23.3689192414481 23.1890950429655 22.9436393461914 23.6202603989846 23.776302024421 23.3527864246189 22.8292058230009 23.5896158810404 23.1111002898965 23.4510155936463 24.0776562394139 -9999 -9999 -9999 -9999 -9999 -9999 -9999 -9999 -9999 -9999 -9999 -9999 -9999 -9999 -9999 -9999 -9999 -9999 -9999 -9999 -9999 -9999 -9999 -9999 -9999 -9999 -9999 -9999 -9999 -9999
24.0071028193308 24.217415351703 24.4432487270845 24.7097331274073 24.9418944468971 25.1533594834431 25.3374349501169 25.4837239709125 25.5060937667197 25.550214832918 25.5061978762402 25.6240884856113 25.5376302118969 25.1917707976461 25.1383918916793 25.0272981413874 25.1430013483435 24.9498373126682 24.7714258014732 24.6227539083464 24.3910742398349 23.7031640386961 22.6497525829899 22.3694009881573 22.7352344392132 22.9311524060998 22.9670702891254 23.0767774020295 22.800488310414 23.4017578101693 22.8133267318492 22.151608120107 22.9693619960289 23.5198502255436 -9999 -9999 -9999 -9999 -9999 -9999 -9999 -9999 -9999 -9999 -9999 -9999 -9999 -9999 -9999 -9999 -9999 -9999 -9999 -9999 -9999 -9999 -9999 -9999 -9999 -9999 -9999 -9999 -9999
24.0469856824835 24.2568879959111 24.413541680836 24.5896745238187 24.8178516313998 24.9958593765898 25.16266919563 25.2510677640392 25.2459960787278 25.2907618751494 25.3154557689409 25.3541861818505 25.1936653389152 25.0443294012991 24.8238801847778 24.9257746954035 24.8684114967942 24.7045442634222 24.3364843806425 23.9013476305007 23.9316601230613 23.2685351315499 22.3975651157155 21.693170572685 21.8034179575377 20.714785252071 21.5415038918334 22.4786132853788 22.5910351585508 22.8299022870628 22.2642057811966 21.256959621959 21.6214322410539 22.6409439868433 23.1593685283348 -9999 23.7368748784065 -9999 -9999 -9999 -9999 -9999 -9999 -9999 -9999 -9999 -9999 -9999 -9999 -9999 -9999 -9999 -9999 -9999 -9999 -9999 -9999 -9999 -9999 -9999 -9999 -9999 -9999
24.0740951001938 24.2701691724183 24.3788476030932 24.5113867319981 24.7051237490255 24.8563932361659 24.9686002149293 24.9390299017716 24.8850782074627 25.0175000828422 25.129056070207 25.1359700861052 25.0198112076235 24.7695378308276 24.8299219005937 24.8876757523496 24.7661067787023 24.4482161860987 23.9416275856627 23.5849869989067 23.2806249235568 22.7376366911113 22.3197786891187 21.605266928339 21.13069007221 20.4990298780926 20.801048177098 21.4403255790251 21.4410221336258 21.9932291247071 21.9004752594653 21.3950066466715 21.7967968678626 22.0791600892278 22.6737565100302 23.1169987558742 23.0084939146384 -9999 -9999 -9999 -9999 -9999 -9999 -9999 -9999 -9999 -9999 -9999 -9999 -9999 -9999 -9999 -9999 -9999 -9999 -9999 -9999 -9999 -9999 -9999 -9999 -9999 -9999
23.9958138252673 24.2253449345922 24.3443358692941 24.4459960445736 24.5833464278446 24.7030337895043 24.7700065332587 24.7486394210576 24.7068556181948 24.7638086256673 24.7992903835707 24.7623762939094 24.6566276833721 24.659947909493 24.755429589634 24.6789453342439 24.5060481632603 24.1635482047031 23.8760807918611 23.6183463832224 23.0096875030544 22.6380859557662 22.3491927283044 21.8329621878966 21.0269400626446 21.0985220374901 20.827200511002 21.1783723890985 21.7352800070893 22.1323893101951 21.6430339036107 21.3537760865411 21.6763672235316 21.6018359927283 21.880260421018 22.6991471237199 22.7703515527702 -9999 -9999 -9999 -9999 -9999 -9999 -9999 -9999 -9999 -9999 -9999 -9999 -9999 -9999 -9999 -9999 -9999 -9999 -9999 -9999 -9999 -9999 -9999 -9999 -9999 -9999
23.7633138138443 24.0372200634046 24.2580403164778 24.3388020294706 24.4339192448678 24.5315753999259 24.5503320376071 24.5435155684704 24.5416601907284 24.5498827790997 24.5087890840765 24.2752344117876 24.3813411238711 24.5467707970343 24.4824478885496 24.1881119515785 24.3250389852602 24.1211132433574 23.8225325517249 23.4177473946006 22.8616731790478 22.6217903663738 22.3099413446015 21.6967578209973 21.0609439891577 21.0707487250495 20.9090430922782 21.2780273588493 21.5666014793803 21.6214648384849 21.3519986673686 20.9617448085341 20.6878711333833 20.5728515359096 20.7966341606878 21.7104232241774 22.2727864685724 -9999 -9999 -9999 -9999 -9999 -9999 -9999 -9999 -9999 -9999 -9999 -9999 -9999 -9999 -9999 -9999 -9999 -9999 -9999 -9999 -9999 -9999 -9999 -9999 -9999 -9999
23.6621809739151 23.9284700320617 24.1649934016944 24.2250715141198 24.2868294468824 24.3290559700811 24.3222265465825 24.3175780874388 24.3103515740726 24.3076172296046 24.3391991482403 24.2033203186346 24.1148373213509 24.2145246937872 24.2461393400214 23.9676235939539 24.0188867198 23.8035937259518 23.711321690561 23.2505209422773 22.8638997609106 22.5885090100793 22.2974023564439 21.7794921263902 21.494029919454 21.3773892652681 21.4266211124369 21.6066992276745 21.6676758501731 21.5428906439303 21.3736978786219 21.0705143109623 20.2744921597571 19.5268358586278 20.1442708653017 20.7531966080996 21.8962369625283 -9999 -9999 -9999 -9999 -9999 -9999 -9999 -9999 -9999 -9999 -9999 -9999 -9999 -9999 -9999 -9999 -9999 -9999 -9999 -9999 -9999 -9999 -9999 -9999 -9999 -9999
23.4901823055924 23.6073502368758 23.8712499954788 24.0543359091407 24.0870116935431 24.0879492643842 24.0802538602113 23.9784570748839 23.8929296575975 24.0350780759256 24.0813997986686 23.9542708233607 23.7801692793695 23.9265755341231 23.9135741782393 23.8277343151438 23.7708528602788 23.5611263336745 23.5125130855285 23.0141341224741 22.7057812796804 22.4931836067753 22.3222135183901 22.1309830655885 21.9477473702575 21.8209114493322 21.8378580234342 21.9665299900237 21.7917838471776 21.6129166030058 21.3375650396879 20.8065690169843 20.4537630514942 19.3770052272055 20.0830078158351 21.0109570040243 21.7839974378232 21.6859765152974 -9999 -9999 -9999 -9999 -9999 -9999 -9999 -9999 -9999 -9999 -9999 -9999 -9999 -9999 -9999 -9999 -9999 -9999 -9999 -9999 -9999 -9999 -9999 -9999 -9999
23.3915105374596 23.4724088752834 23.6267968761943 23.8325000593425 23.8883009017259 23.8352735308458 23.7870703630768 23.6470702432917 23.6590429070935 23.7670897899586 23.7531575693549 23.6477669086972 23.5309700885569 23.729290353378 23.7420117226101 23.6656054459698 23.4749349423555 23.5372591875751 23.2143098434828 22.6261067457804 22.4240038577192 22.3520897826252 22.3548111738538 22.2929557291403 22.2155012489917 22.1655990203052 22.1469401553807 22.1248502215533 21.7953580978441 21.6060613130605 21.2975846205871 20.7097526223935 20.0861458645521 19.3035286278257 19.4601367623601 21.0451562054942 21.406751285394 21.5517968858174 -9999 -9999 -9999 -9999 -9999 -9999 -9999 -9999 -9999 -9999 -9999 -9999 -9999 -9999 -9999 -9999 -9999 -9999 -9999 -9999 -9999 -9999 -9999 -9999 -9999
23.2454947994803 23.2165690873984 23.4098567211463 23.6221419023366 23.6370573052954 23.5808267666855 23.4695637784148 23.2960285821325 23.4187629725504 23.4435482704757 23.4370833591596 23.3226497585903 23.1121550000743 23.268326847354 23.1350521152093 23.1972395815209 23.287057298491 23.1155728749821 22.8148698095435 22.3925455020737 22.2040038860724 22.2383788915125 22.3213607067082 22.3422786251798 22.3376431688605 22.2709635263428 22.2369206014574 22.1677214278259 21.8449674705829 21.6017448194245 21.320885377713 20.6798307109946 19.8301040724465 18.6018033815388 18.2979427065378 19.6922982379123 20.1108854369248 21.1062500074122 -9999 -9999 -9999 -9999 -9999 -9999 -9999 -9999 -9999 -9999 -9999 -9999 -9999 -9999 -9999 -9999 -9999 -9999 -9999 -9999 -9999 -9999 -9999 -9999 -9999
22.8689713352782 22.7741861487845 22.8677864455938 23.2296028603001 23.330865869192 23.2630924135417 23.1628060535968 23.050442718924 23.0660677114286 23.0828840825594 23.0741536415434 22.9130208486787 22.6865104123853 22.6577018374165 22.8328840890959 23.0380403820885 22.9994791031125 22.6665104946059 22.5069596689012 22.3255143495124 22.0991796662855 22.1491406249934 22.2372591220122 22.2920441901656 22.2927994142142 22.2049088823627 22.0800846338774 21.940455714139 21.7323893095472 21.4526041348162 20.9968424617646 20.4068228818222 19.5320377432048 17.1943814959682 17.6473763106691 20.0146810099298 20.7474219245799 20.9954296505441 -9999 -9999 -9999 -9999 -9999 -9999 -9999 -9999 -9999 -9999 -9999 -9999 -9999 -9999 -9999 -9999 -9999 -9999 -9999 -9999 -9999 -9999 -9999 -9999 -9999
22.3457422119739 22.4020312588771 22.6383268116815 22.8748111901806 22.9759699565207 22.8979622465455 22.6923762809889 22.4961848827236 22.6050065088018 22.713736946731 22.6744140641107 22.4439648663538 22.1840625082914 22.0294726485589 22.3812174829242 22.6706120309927 22.6149088514907 22.3341081149823 22.2260221194506 22.2065299235218 22.089694015459 22.0787955921101 22.1087631028894 22.1540170223317 22.126562450591 21.9814842935363 21.8046939803867 21.664537785827 21.4739388083995 21.1113606995332 20.241178326703 19.082760448402 18.3063411801442 16.6641731924135 17.1189062640612 20.1354882219315 20.8965624869679 -9999 -9999 -9999 -9999 -9999 -9999 -9999 -9999 -9999 -9999 -9999 -9999 -9999 -9999 -9999 -9999 -9999 -9999 -9999 -9999 -9999 -9999 -9999 -9999 -9999 -9999
21.6520702812953 21.8006445794939 22.1101627444508 22.2604557502967 22.4207162155543 22.0585287399234 22.0206966521073 21.8023567645342 21.6153580963156 22.0522135733044 22.2899414108463 22.0244531392444 21.7826171296754 21.693359335102 22.0606314969241 22.2275651408466 22.0313736152669 21.9295183025042 22.0914128029373 22.0610221212655 21.9956120659925 21.9796745206317 21.9843489624575 21.9570051902177 21.8558789180472 21.6872460568383 21.5194986874525 21.3517447246891 21.1805598629439 20.7268098738908 19.511940044199 18.2492251807085 16.6532552252282 15.1091145992888 17.0609765230471 19.9110937306408 20.6321419448715 -9999 -9999 -9999 -9999 -9999 -9999 -9999 -9999 -9999 -9999 -9999 -9999 -9999 -9999 -9999 -9999 -9999 -9999 -9999 -9999 -9999 -9999 -9999 -9999 -9999 -9999
21.2410091521716 21.3532747530922 21.6438867426137 21.7328124161058 21.9417512380153 21.7369661681374 21.3714452531771 20.5477343966109 19.9396680313304 21.6171874303487 21.8686718683497 21.6934570412228 21.599785179083 21.5524218597545 21.6644206662403 21.679010468366 21.5622396217463 21.7250130835222 21.8686979310015 21.8076822794624 21.7694271159048 21.7696028241048 21.6848307079295 21.5774869793404 21.4974284014261 21.3499674154874 21.1773828333841 20.9655860142442 20.7842578080548 20.3661328209136 17.9947135121473 17.2869010864597 15.8600911172034 14.1385091204267 15.5124934539301 17.9061458660163 20.0258983493878 -9999 -9999 -9999 -9999 -9999 -9999 -9999 -9999 -9999 -9999 -9999 -9999 -9999 -9999 -9999 -9999 -9999 -9999 -9999 -9999 -9999 -9999 -9999 -9999 -9999 -9999
20.7978840980444 20.8711263488393 21.0577539862544 21.2491015293747 21.3722199054912 21.6619660974105 20.9930663985708 19.0217382900477 20.3729687794188 21.557773470465 21.4329492248313 21.3147461249892 21.1559569915436 21.0084569776657 20.8871354068917 21.0288736708142 21.2690559670874 21.4922396438272 21.5523502332517 21.501705759109 21.3219661901103 21.1902474437088 21.1304166312233 21.0250064958042 21.0256119427156 20.8891666522989 20.6387890309047 20.241249997555 19.7146679022015 19.7089257366101 19.360260444084 17.9062565124016 15.332044234497 14.9411262868384 16.9342903430111 19.4936458373297 20.33742195118 -9999 -9999 -9999 -9999 -9999 -9999 -9999 -9999 -9999 -9999 -9999 -9999 -9999 -9999 -9999 -9999 -9999 -9999 -9999 -9999 -9999 -9999 -9999 -9999 -9999 -9999
20.1674544077691 20.3165169247519 20.4622525946345 20.5339518085877 20.7521874386395 21.1359570179619 20.8063477107417 19.1975781410946 20.5654231470151 20.9591341124845 20.8907682343858 20.8090495062442 20.3926888048265 20.2203060367906 20.4251171966849 20.5495507652808 21.0753450576844 21.1456379794071 21.1601757435481 21.0210547104828 20.5458072569413 20.5841862221509 20.374570296971 20.3705078407801 20.5247916955538 20.380611973256 20.0222721234478 19.1491080109309 17.9546354829046 18.5802018830726 18.966601594712 18.0494140540971 15.7466992389082 14.4288671848674 16.4921614740093 19.306328165697 -9999 -9999 -9999 -9999 -9999 -9999 -9999 -9999 -9999 -9999 -9999 -9999 -9999 -9999 -9999 -9999 -9999 -9999 -9999 -9999 -9999 -9999 -9999 -9999 -9999 -9999 -9999
19.4090365212359 19.5905012800019 19.9234049181851 20.1236588453437 20.2799999988193 20.6198828410637 19.9244531552583 18.4257812584286 19.5398567373653 19.9447005490464 19.9149282704263 20.0667057137261 19.6312630304527 19.6208333189074 20.1385155732813 20.3719335917478 20.7159310091413 20.6658138156255 20.6779882685462 20.4212695445129 20.3061197031811 20.1160416777607 19.7089843469841 19.9124609061368 20.1159830580418 19.9869791905142 19.5920963736997 18.7020573314603 17.8259439506125 17.0637759970247 17.1427538995423 17.2085937362727 15.8949023235529 16.6809961346685 18.5008919002455 19.3817578667403 -9999 -9999 -9999 -9999 -9999 -9999 -9999 -9999 -9999 -9999 -9999 -9999 -9999 -9999 -9999 -9999 -9999 -9999 -9999 -9999 -9999 -9999 -9999 -9999 -9999 -9999 -9999
18.5705924561291 18.8469206095795 19.2315755175211 19.3976692478317 19.4453906254435 19.8147656483615 18.6292253221098 17.8159440330396 18.6690494566843 18.4469986889297 18.585917967518 19.1768555034842 19.2937044172689 19.744329405805 20.1181380513554 20.3043489595659 20.3659375825174 20.3383984736648 20.2738151193013 20.1215104139763 19.9882617242319 19.5784374805275 19.2541601489273 19.3595117731313 19.7060937328146 19.7218360130381 19.3078059946167 18.4313997413224 17.6134440272627 17.1728189854433 17.7548307550787 18.4417838263822 17.5488737178755 18.128131460752 19.0736393004362 19.5333463301039 -9999 -9999 -9999 -9999 -9999 -9999 -9999 -9999 -9999 -9999 -9999 -9999 -9999 -9999 -9999 -9999 -9999 -9999 -9999 -9999 -9999 -9999 -9999 -9999 -9999 -9999 -9999
18.295006524334 18.3105338555442 18.3738216145097 18.5330598478086 18.9461132402462 19.3806445573768 17.5934635545349 16.9785221251068 17.3769596092362 17.9942642905389 18.5644531577957 19.1590234697505 19.5115755208903 19.7431185237651 19.8835676936297 19.9301497768539 19.9419141033645 19.9176562329411 19.886588546156 19.8194791587458 19.5626758377597 19.2647070578503 19.195957055814 19.2761718579049 19.193281281073 19.2302929792239 18.6904817929341 17.376087222718 16.3209244792255 15.5783658589298 15.9607096467574 17.5879166843953 18.7610806834807 19.3804166021981 19.559225280837 -9999 -9999 -9999 -9999 -9999 -9999 -9999 -9999 -9999 -9999 -9999 -9999 -9999 -9999 -9999 -9999 -9999 -9999 -9999 -9999 -9999 -9999 -9999 -9999 -9999 -9999 -9999 -9999
18.0996810262512 18.2174935321508 18.0272981837746 17.9657747165507 18.5841579800234 19.1050174483472 17.8307942693125 16.152278657924 17.2363997117572 18.3834895480959 18.8380794960824 19.1146223841487 19.3326367979964 19.4669921428947 19.5002408425428 19.5088931357031 19.5126757528436 19.5397656848694 19.5197264890382 19.4204687553563 19.2499869338536 19.129947901185 19.1490820154269 19.0635742325223 19.0755924447632 18.9075847113612 18.0802214035498 16.3003385897514 14.5278776256215 14.1440690344281 15.2426041846405 17.6563736587332 18.4523632663371 19.1158203883534 -9999 -9999 -9999 -9999 -9999 -9999 -9999 -9999 -9999 -9999 -9999 -9999 -9999 -9999 -9999 -9999 -9999 -9999 -9999 -9999 -9999 -9999 -9999 -9999 -9999 -9999 -9999 -9999 -9999
17.8262044534555 17.9325325748836 18.0146028614146 18.2592903910676 18.6126562592884 18.514824208629 17.840520797653 16.3426497399463 17.431067691162 18.4261067389234 18.6612630010129 18.9085676957427 19.0580273561678 19.1144531576801 19.0819987306948 19.0311783586839 19.1012305170757 19.1732617187762 19.1775390275353 19.0930468907969 18.9413932032783 18.7818619200447 18.4632226790501 18.3310156112378 18.3961002609011 18.3265885734647 17.527115919094 16.4003190391886 14.0212174385703 12.6987955803499 14.7332096026638 18.1632291912943 18.8993750182334 -9999 -9999 -9999 -9999 -9999 -9999 -9999 -9999 -9999 -9999 -9999 -9999 -9999 -9999 -9999 -9999 -9999 -9999 -9999 -9999 -9999 -9999 -9999 -9999 -9999 -9999 -9999 -9999 -9999 -9999
17.6084179334922 17.415644555971 17.8026561674158 -9999 18.200407906182 17.9980772182241 18.1759310418364 16.8965950565171 16.9733594126673 18.1351367218181 18.2994205670405 18.6228971460645 18.6827668924898 18.6900716298726 18.635722622561 18.6560351571758 18.7562238834374 18.839778626327 18.8580208327233 18.83214203818 18.7198958836642 18.5658528508426 18.3714127528356 18.2429752776554 17.8700064553247 17.7323893449706 16.6063606763072 15.6434310407843 14.4225195506725 13.3897851621089 15.3029362086663 17.3296875191815 18.7245833675067 -9999 -9999 -9999 -9999 -9999 -9999 -9999 -9999 -9999 -9999 -9999 -9999 -9999 -9999 -9999 -9999 -9999 -9999 -9999 -9999 -9999 -9999 -9999 -9999 -9999 -9999 -9999 -9999 -9999 -9999
17.3763541368716 17.2345572815344 -9999 -9999 17.652256953328 17.7562803439332 18.2822981449415 16.5491927016585 16.6092968599689 17.5377539397794 17.7109244529693 17.9996550008032 18.1106771039327 18.1462825381786 18.239999987518 18.2766601726066 18.3678645724717 18.4388216221872 18.4875520318718 18.5131185287297 18.446614602807 18.3519855869745 18.2859049158079 18.1059636042889 17.5376432416894 16.9439323007539 16.2643490000588 15.2229036433692 14.4406054834421 14.2329296976364 15.6172135241577 17.7625586282586 -9999 -9999 -9999 -9999 -9999 -9999 -9999 -9999 -9999 -9999 -9999 -9999 -9999 -9999 -9999 -9999 -9999 -9999 -9999 -9999 -9999 -9999 -9999 -9999 -9999 -9999 -9999 -9999 -9999 -9999 -9999
-9999 -9999 -9999 17.3833333055178 17.0919791796018 17.5379166183732 16.2070116731783 16.3340624881556 17.0755599104555 17.1853059559407 17.2369400818293 17.3288737636491 17.5371354094714 17.6377409344723 17.7163867569931 17.8496288909598 17.9064192974493 17.9755794124197 18.0480208478382 18.0994075729757 18.1088671805312 18.0875195171569 18.0211588914867 17.6247526229371 17.0665885209337 16.4510611469545 15.0624479042161 13.5325064911795 13.9877278705919 14.2132552134147 15.9271549206364 18.2130729816318 -9999 -9999 -9999 -9999 -9999 -9999 -9999 -9999 -9999 -9999 -9999 -9999 -9999 -9999 -9999 -9999 -9999 -9999 -9999 -9999 -9999 -9999 -9999 -9999 -9999 -9999 -9999 -9999 -9999 -9999 -9999
-9999 -9999 -9999 15.856692686677 16.1843033235283 16.4544010932503 16.2358072099633 16.7156510526936 16.8389388055734 16.9137043974578 16.9392838510885 16.778736999015 16.7951041620886 16.9888736886871 17.1555468711314 17.2843945130466 17.3746614519525 17.4644466059015 17.5409895402985 17.5508333713334 17.6324804752421 17.6468164092684 17.4766080946071 16.9355924603673 16.1222526213633 15.0890690461801 12.4879752969137 10.743170550306 12.3398567653349 14.3390169046949 17.3868554564635 -9999 -9999 -9999 -9999 -9999 -9999 -9999 -9999 -9999 -9999 -9999 -9999 -9999 -9999 -9999 -9999 -9999 -9999 -9999 -9999 -9999 -9999 -9999 -9999 -9999 -9999 -9999 -9999 -9999 -9999 -9999 -9999
