2050_A1B_MR/TMEAN.asc
NCOLS 720 
NROWS 360 
XLLCORNER -180 
YLLCORNER -90 
CELLSIZE 0.5 
NODATA_value -9999 
[rows 112 to 139 of 360, columns 567 to 629 of 720]
5.76687500263954 8.03485027600594 10.6089322801079 12.6144856846046 13.9433333292746 13.6591731702822 11.6312630333771 10.897024768838 9.48089190202532 10.5799935098134 11.1671419523208 11.8085546823603 12.9085351342587 13.2007096680669 13.0365104656999 12.5700325798359 12.66821614325 13.1702604282381 15.5686393769127 16.4391601386578 16.5819140595696 16.5438866768407 16.5547460911101 16.7182096616797 16.8919401354456 17.0476822511726 17.1735807162504 17.1734570255498 16.9310742545502 16.6629752872676 16.4007095663523 16.1930663912326 16.0819921621231 16.0187695194665 16.0226563123623 -9999 -9999 -9999 -9999 -9999 -9999 -9999 -9999 -9999 -9999 16.0713541984246 15.8342708552568 -9999 -9999 -9999 -9999 -9999 17.6674479189106 16.6069140610995 17.0670963725722 16.7491275843219 17.0826823053229 16.8352084076032 15.7157161807781 14.6309896109596 14.4805012568702 14.8202083317303 -9999
4.36357423383268 8.35033850062507 11.2963737161871 12.8477864683186 14.4342122569794 14.8302669624237 14.2777473841656 15.1044466085905 15.0316341143063 14.1188411410091 13.3481380220219 13.7963476745379 14.0558007507204 14.3669986662833 14.6265494601777 15.6033528031593 15.6303450577245 15.6905337868633 16.477584645105 16.4907031433032 16.689472672245 16.8046093974145 16.8887695870707 17.0670573139932 17.2638150765147 17.3604752695547 17.425377595613 17.3916992541349 17.2189257739003 16.9653971534142 16.7619010368727 16.5851171969546 16.4147460683624 16.2919141312945 16.2556056431411 -9999 -9999 -9999 -9999 -9999 -9999 -9999 -9999 -9999 -9999 16.5632291535211 16.4838020866055 -9999 -9999 -9999 -9999 17.4056901342106 17.4139909036974 17.3424674490993 16.0224935337853 14.7696354265666 17.0256900513308 16.6659505703268 16.3580078575064 17.1058723860761 17.1364583290285 -9999 -9999
3.72135415834686 8.27690753238351 12.6145247199153 15.2506575232859 16.6375130030992 14.9163997548716 14.0659505054199 14.0428060261797 14.1296419313509 15.4833658806897 16.2595963598494 16.0365494989191 15.7069205872708 15.9069336681963 16.3396874851214 16.4804166963888 17.0395573400423 17.2895898141621 17.2382617408386 16.7985481748377 16.6744856152741 17.06007158514 17.2208529129081 17.3887239460654 17.5491926870969 17.5668294327913 17.4949153608706 17.3353320602371 17.2446289688495 17.0647200444761 16.9756380512319 16.931907577789 16.7272591488708 16.4833072620715 16.43192055821 -9999 -9999 -9999 -9999 -9999 -9999 -9999 -9999 -9999 -9999 -9999 -9999 -9999 -9999 -9999 17.9026432241918 17.822499871254 17.8509374558926 17.6719140662444 16.7280078171492 14.3544075174006 16.7678255284065 -9999 18.0660416843991 -9999 -9999 -9999 -9999
6.40949871594096 11.7415560234976 14.504114632408 16.8804231785221 17.8422395950472 16.49804039144 15.9658138019442 15.1990950671249 15.0603450240076 14.4978385382944 13.7910026060335 13.9485611966237 15.5099283707102 15.9921288494585 15.285468781516 15.8886979082889 17.4104166638814 17.7719140126728 17.5497851514799 16.7631770297789 16.8047005067655 17.3307161893817 17.5303451212996 17.6367708342074 17.6600130206127 17.66538411099 17.6187239399549 17.4744921554342 17.3976171581191 17.3075520917691 17.3207161720402 17.2236067692887 17.106438796532 16.8394596633202 16.7024088552428 16.7380317347419 -9999 -9999 -9999 -9999 -9999 -9999 -9999 -9999 -9999 -9999 -9999 -9999 -9999 -9999 -9999 -9999 -9999 17.9584049697484 16.0372135594537 15.6596418799236 17.8882552445774 -9999 -9999 -9999 -9999 -9999 -9999
8.77787762453537 14.6333137858731 17.7124153228009 18.4447461282327 18.5497070449306 18.4989062754029 18.208789081663 17.7959309735347 16.6219660944021 15.4589713170571 12.9553776420262 11.7945378049545 13.3545963468474 12.94458982684 13.3780273203019 14.5686653817033 16.491419280566 18.0324479476984 17.6386783463515 17.6320377474269 17.2759440399782 17.2562955655216 17.5438541719919 17.212115877749 16.9755924568944 17.5333464067292 17.7202018060039 17.8737174496486 17.811666601793 17.8011263461914 17.629583307706 17.4921874753249 17.4183788302243 17.2214518474496 17.1368814859996 17.2445637986088 17.3134505057687 -9999 -9999 -9999 -9999 -9999 -9999 -9999 -9999 -9999 -9999 -9999 -9999 -9999 -9999 -9999 -9999 18.1475910635018 17.3123177073426 18.0752343852225 18.8017187759046 -9999 -9999 -9999 -9999 -9999 -9999
13.1268814617453 17.7914973639955 18.5888997175593 18.7783789278691 19.0759961108474 19.2724219203922 19.0761718868842 19.0418294129112 18.3256575874289 17.8923698260991 17.0140494416855 16.0685025849814 16.1255729155755 14.4038281717246 14.5060937432527 14.8436263023957 17.0907552053045 18.0683267832299 17.8516861522186 17.7200260529892 18.2471159081495 18.0930338220291 18.1771549692147 17.0417056635726 15.631549473098 15.7226237152406 17.0974674731221 18.1526237148485 18.2219987339107 18.1349349014762 18.0022982150544 17.7221093765287 17.4458007748677 17.5925065186088 17.4472331039838 17.6945246974107 17.7890754933517 -9999 -9999 -9999 -9999 -9999 -9999 -9999 -9999 -9999 -9999 -9999 -9999 -9999 -9999 -9999 -9999 19.1559114961338 18.6301888388097 18.5509570887018 -9999 -9999 -9999 -9999 -9999 -9999 -9999
18.1989713362195 18.2998502076734 18.4401627634592 18.9909960272668 19.305234372508 19.5808333824611 19.6081184775678 19.0074739947895 18.6072591411827 18.3756445605818 17.8586523451543 16.1284049492973 15.4622331148149 14.5476887888207 15.5983723942144 17.7320767705046 18.4852799695446 18.4610025867848 18.445416656518 18.4662043631357 18.6408919523196 18.9020833172655 18.9340168446331 18.0608007780683 17.0663085558859 16.1994791745741 18.0087760326677 18.4581575701478 18.1160286877699 17.8447982249128 17.6771224113463 17.470019512248 17.6693750197255 18.0715364640005 17.991399728117 17.9817621657909 17.8679340903958 -9999 -9999 -9999 -9999 -9999 -9999 -9999 -9999 -9999 -9999 -9999 -9999 -9999 -9999 -9999 -9999 -9999 19.8892187153301 20.7512500683467 -9999 -9999 -9999 -9999 -9999 -9999 -9999
18.7977799039046 18.5515885750454 18.8871353870555 19.3473827996681 19.8874999959264 20.0994075567162 19.4511067495257 19.2061653556984 19.0232747122366 16.7812499892759 14.8728320354107 15.2357291838024 15.0914518490845 14.058333370038 14.4004426678143 17.4609634876332 18.7741471248924 18.6048698151436 18.594264389972 18.7003840395628 18.8486458501425 19.0681965906472 19.0110677472938 18.7724023402719 18.0692381791328 18.6393229442214 18.8321354377995 18.0480599155302 17.0825521459566 16.6182356890214 16.1920442842561 16.7866211094163 17.9303905988568 18.5385481869551 18.5484114320209 18.3129318981846 18.177638899121 18.121805522177 -9999 -9999 -9999 -9999 -9999 -9999 -9999 -9999 -9999 -9999 -9999 -9999 -9999 -9999 -9999 17.6008984384372 19.8922265258864 -9999 -9999 -9999 -9999 -9999 -9999 -9999 -9999
19.149283869548 19.0734375254672 19.5491211126016 19.8539127100297 20.0743619880155 20.3585546657839 20.1162499746808 19.373164059718 17.5026366884778 15.6190364580044 16.0992122571366 16.3462760387386 15.5773307127811 16.0987304840425 16.9582031832861 18.1815299626837 18.9500455193192 18.8534635061465 18.8145768086699 18.8530338410955 18.7939908944859 18.6442772966209 18.3018750117025 18.7166406341608 18.9489452610486 19.2239322136405 18.877213521975 18.1616666994249 17.6577799551934 17.4891796756149 17.1622070114281 17.6474869785309 17.840201814355 18.3136003079218 18.1604752267835 17.4125845743071 18.1893228628828 18.3451041579247 -9999 -9999 -9999 -9999 -9999 -9999 -9999 -9999 -9999 -9999 -9999 -9999 -9999 -9999 -9999 -9999 -9999 -9999 -9999 -9999 -9999 -9999 -9999 -9999 -9999
18.6156510501751 19.7928125446536 20.2394921885393 20.3765884985364 20.3171353900083 20.6701172069655 19.6505664232106 17.2657812162529 16.1961718733435 16.9596028354848 16.2987239728786 17.4561197897256 17.520846323213 17.8258788802097 17.698984377917 18.7974088753837 19.1310417086661 19.1550846908486 19.1662369730772 18.9004361794814 18.1421940312132 17.8866991572605 18.2262695492949 18.0717382977284 19.0860350323309 19.5260417538445 19.6121550054957 19.2626041255191 18.6988346722976 17.6792968369813 17.6607031672043 18.9520376830327 18.7754362177335 18.4152604184389 17.6389909223615 17.5155143194284 18.4092447626161 -9999 -9999 -9999 -9999 -9999 -9999 -9999 -9999 -9999 -9999 -9999 -9999 -9999 -9999 -9999 -9999 -9999 -9999 -9999 -9999 -9999 -9999 -9999 -9999 -9999 -9999
16.7184180027401 18.4155925162177 20.2120377523373 20.2971484825919 20.0235937485184 18.5371353444297 18.5866471822952 16.4245702760161 16.8109374845168 16.9966797187953 16.9120507701864 18.0629101746177 18.14312498013 17.6781575893854 18.1819465899659 18.9071354280623 19.1949674606975 19.3694987040355 19.47110021029 19.0698437789453 18.2709374865991 17.8418945775991 17.3952929628587 18.6353450474477 19.4958723722992 19.9199478842546 20.0379948280347 19.8152083765859 18.8030989311881 18.8732031215999 18.5728906107918 17.8339713383537 18.5883072459268 18.0812630025849 17.511223984446 18.5704687207589 18.8734765646455 -9999 -9999 -9999 -9999 -9999 -9999 -9999 -9999 -9999 -9999 -9999 -9999 -9999 -9999 -9999 -9999 -9999 -9999 -9999 -9999 -9999 -9999 -9999 -9999 -9999 -9999
14.9849609509689 17.4413932146024 18.7059244695366 18.3738867557395 17.4793554652875 17.7204166462295 17.452174515831 17.1101562369896 17.2335547062084 17.6930468776469 17.0650194849971 17.7434570277225 18.350195345669 18.6721614277595 18.0528254855128 17.9217252579687 18.0469011060097 19.1811979498386 19.6669400917651 19.3715038788851 18.7548242196589 18.4100586205322 19.3118750234685 19.9176692763997 20.1289778445223 20.1773893111513 20.2469791158978 20.1001693076699 19.601575510275 18.6865039315707 17.3320312762946 17.8650846019599 18.2383267891062 18.2133138092816 18.4438997259369 19.2340039212298 19.1308789300339 -9999 -9999 -9999 -9999 -9999 -9999 -9999 -9999 -9999 -9999 -9999 -9999 -9999 -9999 22.5285546407863 22.250820286648 -9999 -9999 -9999 -9999 -9999 -9999 -9999 -9999 -9999 -9999
14.3617903989265 15.2973437577582 15.9559765620937 15.7866601652137 16.528652359044 17.4245443074797 17.4923958367329 17.5925000095744 17.8428711024922 18.0906250144552 17.2994141152055 18.2610416651182 18.8745182922365 18.6625976416312 17.0300586284623 18.1686848370263 18.6065950565617 19.4829491696954 19.8239257729396 19.5883593829646 19.0894140042532 18.9801496337054 19.8331379624033 20.1999023242707 19.8983984774843 20.1759309978402 20.0006185095786 18.7705859028282 18.0462500155723 18.96075519394 18.9023567683633 16.6124609308955 17.3882226327758 18.5845312436861 19.8712890470025 19.5495834151904 -9999 -9999 -9999 -9999 -9999 -9999 -9999 -9999 -9999 -9999 -9999 -9999 -9999 -9999 22.9615624050299 -9999 -9999 -9999 -9999 -9999 -9999 -9999 -9999 -9999 -9999 -9999 -9999
14.0311067861068 13.8470703122852 14.4704296582513 15.1316210869804 15.6347851676047 17.0502668981872 17.4958138380146 17.5751561493355 17.7525780951182 17.6355663283194 18.0197460795209 17.9560807336971 18.6944792056651 17.6722851629761 17.8268554743027 18.8125911385426 19.0518684739693 19.5717773384048 19.7714258196553 19.590722702719 18.7301953133583 18.895501356459 20.2110286745279 20.4146874758617 19.7893944819061 19.3894075525837 20.0747200830158 19.2264648836717 19.7255663675904 19.9017121769885 18.8035090808119 17.0612890372508 18.0380272820319 19.1538281433694 19.5869726760312 -9999 -9999 -9999 -9999 -9999 -9999 -9999 -9999 -9999 -9999 -9999 -9999 -9999 -9999 -9999 -9999 -9999 -9999 -9999 -9999 -9999 -9999 -9999 -9999 -9999 -9999 -9999 -9999
14.3879752450884 13.6914648394028 14.0674023040525 15.3884440173353 16.644889374922 17.344674518877 17.2830729150347 17.0913606877315 17.7398762985693 17.7456771286394 17.3068099062009 18.1873567928219 18.5658529058946 17.4791992375048 18.2754101369303 18.723072928473 19.6722720957484 20.0872655893979 20.2314843659681 19.8010417214443 18.9481510683713 18.8334244495765 20.4446354458992 20.3020833195791 19.4759700681816 20.0045703469036 19.4024218993422 19.6699478922443 20.3909439669362 20.0470898507617 18.4013671308337 18.3272981697346 19.8077279188192 19.9016580601422 -9999 -9999 -9999 -9999 -9999 -9999 -9999 -9999 -9999 -9999 -9999 -9999 -9999 -9999 -9999 23.080807265582 -9999 -9999 -9999 -9999 -9999 -9999 -9999 -9999 -9999 -9999 -9999 -9999 -9999
15.2016471667216 15.1489648425064 15.8795703154922 17.2690885488406 17.3846549406658 17.7435806884134 17.6581901071524 17.5676887910101 18.192473905257 17.5716145872285 17.8286067948997 18.2262044332742 18.2390169569212 16.1857616977039 16.9349219089321 19.2952018457054 19.2105142352243 19.1111719323628 19.9226562322091 19.8195963764627 17.1071159131514 18.0714323122621 20.2413932196215 20.4589778145268 20.418137975811 20.2428125692546 19.9691406406021 20.0725651044484 19.9147721419872 20.2060546701641 19.9258593608178 20.101516956316 20.080306036889 -9999 -9999 -9999 -9999 -9999 -9999 -9999 -9999 -9999 -9999 -9999 -9999 -9999 -9999 -9999 23.9975043835965 -9999 -9999 -9999 -9999 -9999 -9999 -9999 -9999 -9999 -9999 -9999 -9999 -9999 -9999
16.4258203066418 15.7744140495335 16.453691362137 18.2330468699345 19.5447069936247 18.7837955478332 19.0228971411697 18.7768489500136 18.7817317969141 19.0289779017316 19.0709310084216 19.523196604512 19.0408919391141 18.0963346509475 18.930553443558 19.0439974031733 19.1950716438187 19.8446484592467 19.9113866575943 19.0864323437221 17.8218033932131 19.4584570478072 21.0769726161047 20.844674528871 20.8980533902131 20.2139258002665 19.7454883184021 19.8737174488069 19.7188541677357 19.3958918938673 20.0847200876159 20.9911631875087 21.3650497777115 -9999 -9999 -9999 -9999 -9999 -9999 -9999 -9999 -9999 -9999 -9999 -9999 -9999 -9999 -9999 -9999 -9999 -9999 -9999 -9999 -9999 -9999 -9999 -9999 -9999 -9999 -9999 -9999 -9999 -9999
16.921914094935 16.6399608762308 17.9529882992638 18.2724413853558 20.5494336664313 20.4779361805858 21.1744791393175 20.2053060047476 19.6647982348904 20.3510871935586 19.4581184912737 20.6928255411138 19.9285090295798 20.8998502064791 19.1069010151878 19.6317122065413 18.8981966047487 18.8455859581065 19.9435742053545 19.6166862246815 20.3372721278114 20.435468741415 21.3742968493839 20.7237566361443 20.5735807979003 20.7402734574752 19.961933640207 20.2143619421384 19.8360221247608 21.1020247193224 21.78270834224 22.1275238662893 21.4849651472436 -9999 -9999 23.0504425689577 22.5030989125371 -9999 -9999 -9999 -9999 -9999 -9999 -9999 -9999 -9999 -9999 -9999 -9999 -9999 -9999 -9999 -9999 -9999 -9999 -9999 -9999 -9999 -9999 -9999 -9999 -9999 -9999
17.0681054577182 18.2305468395795 19.6794921961233 20.507851537024 21.2165820378577 21.1186001453364 20.8300456078444 21.1791406046946 21.5450391260475 22.1777669477584 21.721614580847 22.0769661378004 21.4299934748901 20.6987629773382 20.819661434567 19.8399544402302 19.7726887612677 20.0191471570848 19.2847917010718 20.3711132326071 21.533925808238 20.9816861738612 21.0286588338973 21.3843815091526 21.2907487320559 21.8550715891312 21.5382942603677 20.8504947426465 21.4270377560762 22.4349435329892 22.9592273453518 -9999 -9999 -9999 23.2498893645453 20.1452669301649 21.247493530412 -9999 -9999 -9999 -9999 -9999 -9999 25.0558331012726 -9999 -9999 -9999 -9999 -9999 -9999 -9999 -9999 -9999 -9999 -9999 -9999 -9999 -9999 -9999 -9999 -9999 -9999 -9999
18.0835351451607 18.9988476074019 19.4021288791964 20.3512304369412 21.8411914403935 22.3966666277406 21.8035417231642 22.2776367063976 21.7333398329875 22.4364387455187 22.1805012567824 22.4317707736097 22.577571636398 20.2238020467684 21.25700527789 21.3881771673934 21.0546615032295 20.8855728687061 21.5094206044864 22.2008398621259 22.1874999894147 21.2919010185123 21.9578580725728 22.3514322458959 22.5640104039503 22.3466536698715 21.8222200246956 21.4773893284659 22.6140885187086 22.9959461999929 -9999 -9999 -9999 23.8571354621733 22.2738997434557 14.7740559777959 19.6588020866463 -9999 -9999 -9999 24.5695441561729 -9999 -9999 -9999 -9999 -9999 -9999 -9999 -9999 -9999 -9999 -9999 -9999 -9999 -9999 -9999 -9999 -9999 -9999 -9999 -9999 -9999 -9999
18.7109375224576 18.3418359912712 18.4003515925643 19.0336132761677 20.8138867358672 22.6046810057205 23.7253450812956 23.4688997582069 23.1100325153588 22.9974154103208 22.9064193346893 23.2075651489248 22.3321745457575 22.0173567729974 22.7339192693952 22.5626302018677 22.9054231428936 22.7804492198717 22.5535742097733 22.9822591201937 22.2384114366802 22.4268554528033 22.8150976405125 22.1372330403344 22.1776821983817 22.437760456891 22.5666797424794 22.4778125056469 22.7605208256401 -9999 -9999 -9999 -9999 24.5640364275167 21.1038607587265 16.9003124936817 22.4786718191166 -9999 -9999 -9999 -9999 -9999 -9999 -9999 -9999 -9999 -9999 -9999 -9999 -9999 -9999 -9999 -9999 -9999 -9999 -9999 -9999 -9999 -9999 -9999 -9999 -9999 -9999
18.7069922675377 18.3049999978135 19.7504883263025 20.0620312329534 20.9273046687686 20.8768098843801 22.2561653082923 23.2795247641471 23.8758528175406 23.7632942065958 23.3851302513036 23.3173307591546 23.5207096009194 23.5637044131172 23.6010482240307 23.5414974344214 23.3847786330704 23.4484375441513 23.8738282074154 23.9087239279237 23.7369856099248 23.6065820687038 23.1319140531319 22.5269791788835 22.4294986765053 22.9236002211538 23.2270702479329 22.7680208037297 -9999 -9999 -9999 -9999 -9999 24.8669856620623 18.2036067865603 19.4939257910884 23.098359427145 -9999 -9999 -9999 -9999 -9999 -9999 -9999 -9999 -9999 -9999 -9999 -9999 -9999 -9999 -9999 -9999 -9999 -9999 -9999 -9999 -9999 -9999 -9999 -9999 -9999 -9999
21.7739648643714 20.7914843604579 21.5736132610583 22.861152377475 21.7708007806942 22.693652318734 23.2714452814025 23.7624609005013 24.0469335623332 24.1194335827081 23.8892773432928 23.7222200539971 23.3283138637855 22.9590430143982 23.2414062659701 23.093320313285 23.594453098375 23.7294661510683 24.0538020976957 24.2270052761349 24.1826888373259 23.8725456591319 23.6747330489794 23.5450521633029 23.5007812902331 23.1644271264473 -9999 -9999 -9999 -9999 -9999 -9999 -9999 25.4833072370109 20.7582486851972 23.3430556191338 -9999 -9999 -9999 -9999 -9999 -9999 -9999 -9999 -9999 -9999 -9999 -9999 -9999 -9999 -9999 -9999 -9999 -9999 -9999 -9999 -9999 -9999 -9999 -9999 -9999 -9999 -9999
20.5484180285069 23.0599805265889 24.2673828133731 23.9950780895687 23.013124980964 23.4150976511676 23.9028319992817 24.1463672106786 23.7957420911674 23.8354101693524 24.1218750012864 23.9306576302494 23.5753059969296 23.7411913890377 24.2073047094176 22.7731445593015 23.7198827933397 23.6109309885722 24.0205794730157 24.2429947760352 23.7670769215123 23.8540494936976 23.9451041122278 -9999 -9999 -9999 -9999 -9999 -9999 -9999 -9999 -9999 -9999 25.6813542644183 24.4292642686353 -9999 -9999 -9999 -9999 -9999 -9999 -9999 -9999 -9999 -9999 -9999 -9999 -9999 -9999 -9999 -9999 -9999 -9999 -9999 -9999 -9999 -9999 -9999 -9999 -9999 -9999 -9999 -9999
22.2003450419167 19.1967122378518 23.9188801195242 24.6383072923847 24.4195767450091 23.9419075996626 23.4666146201669 22.9832812600616 23.1683398301534 24.1389323356023 24.546901006527 24.5475607633805 24.4380099957374 24.6603776253459 24.879420547152 24.2141926682105 24.2375325719877 24.0606770465771 23.8924738615751 -9999 -9999 -9999 -9999 -9999 -9999 -9999 -9999 -9999 -9999 -9999 -9999 -9999 -9999 -9999 25.9849996566772 -9999 -9999 -9999 -9999 -9999 -9999 -9999 -9999 -9999 -9999 -9999 -9999 -9999 -9999 -9999 -9999 -9999 -9999 -9999 -9999 -9999 -9999 -9999 -9999 -9999 -9999 -9999 -9999
22.2473176815425 21.9127669534761 22.9130599604429 24.8284243797042 25.401764342225 25.4927864985131 24.5240755207846 24.2534375086477 24.587382810071 24.6849479178588 24.7122916380564 24.7750868176421 24.9764345068234 25.1377214102968 25.0537174274964 24.6964583595594 24.3391144772371 -9999 -9999 -9999 -9999 -9999 -9999 -9999 -9999 -9999 -9999 -9999 -9999 -9999 -9999 -9999 -9999 -9999 -9999 -9999 -9999 -9999 -9999 -9999 -9999 -9999 -9999 -9999 -9999 -9999 -9999 -9999 -9999 -9999 -9999 -9999 -9999 -9999 -9999 -9999 -9999 -9999 -9999 -9999 -9999 -9999 -9999
21.7956901457448 22.1181445585903 22.400371094476 24.0641276341535 25.6810025970578 26.0438215996493 25.7840755531531 25.1692708233992 -9999 -9999 -9999 -9999 25.2909505855502 25.2738932864139 25.3240885759233 -9999 -9999 -9999 -9999 -9999 -9999 -9999 -9999 -9999 -9999 -9999 -9999 -9999 -9999 -9999 -9999 -9999 -9999 -9999 -9999 -9999 -9999 -9999 -9999 -9999 -9999 -9999 -9999 -9999 -9999 -9999 -9999 -9999 -9999 -9999 -9999 -9999 -9999 -9999 -9999 -9999 -9999 -9999 -9999 -9999 -9999 -9999 -9999
21.0819596516232 21.1722656317118 22.723749981588 24.4745377912697 25.8011392674896 26.2084505172705 26.1808332825389 -9999 -9999 -9999 -9999 -9999 -9999 25.5430339051401 25.59744774785 -9999 -9999 -9999 -9999 -9999 -9999 -9999 -9999 -9999 -9999 -9999 -9999 -9999 -9999 -9999 -9999 -9999 -9999 -9999 -9999 -9999 -9999 -9999 -9999 -9999 -9999 -9999 -9999 -9999 -9999 -9999 -9999 -9999 -9999 -9999 -9999 -9999 -9999 -9999 -9999 -9999 -9999 -9999 -9999 -9999 -9999 -9999 -9999
