2050_A1B_MR/TMEAN.asc
NCOLS 720 
NROWS 360 
XLLCORNER -180 
YLLCORNER -90 
CELLSIZE 0.5 
NODATA_value -9999 
[rows 112 to 139 of 360, columns 126 to 188 of 720]
18.0027148323948 21.3309180090802 22.2555338727874 24.2494987251083 24.6622786202268 24.0303645781444 23.0236458268539 21.7876496664379 22.0220182394875 22.963072957023 21.4613085856997 19.2896093534591 17.0239452800712 15.3436133661509 11.4550911669935 9.57446615360022 10.3175585780192 10.2072851370539 10.8829752291203 13.9377409015133 16.1461262599436 15.1993879615096 13.9344010233922 15.16598307318 17.1303580351274 17.2779752171141 16.5203711154179 16.3908593794545 16.6497395490167 17.166223991108 17.6386523482543 17.858964855419 18.5135220778224 19.1087760576065 19.5925455788421 19.6236002837098 19.9402408927152 19.8828385772614 19.8940364869487 19.7798958199119 19.785664073864 19.4082031202479 19.4552865349707 19.5351887849113 19.3879427419678 19.4159309878484 19.3148046822817 19.1635546825866 19.0890559627977 19.1518684787007 19.3587044362842 19.4951692405603 19.4947330549802 19.4807877543977 18.9504101114532 18.9484960780696 19.0193815110675 18.5625066066978 18.0997331089962 18.1624674281796 18.1484960810902 17.9728516157036 17.5458398966966
17.2558594453857 21.5811523786546 24.7138932429883 24.1854557062537 24.5472786804586 24.1417122513213 24.3752278818015 24.3557551662335 24.0175845258177 23.5143619141019 23.5251171512181 22.2110547493081 19.8876172238624 18.475175786297 15.3007356685036 14.391419271638 12.7016600903797 11.3968359153095 11.8105534099632 16.5864518211768 16.1377668990924 17.30274738104 12.9581901202029 14.3692447527266 17.3947916809382 17.7362956250066 16.7967773657419 16.7442578055759 17.1957161073095 17.7394466227511 18.1100586231066 18.8825586074562 19.2103385643091 19.6147526593526 20.1062174823181 19.8825064302463 20.0738736932499 20.0438932857973 20.1571614686906 20.0913020816518 20.1707616619285 19.6791601387421 19.5829426459859 19.7145833276661 19.9978450186412 19.9897395487806 19.8990819937497 19.598476580413 19.5444270464945 19.4247200743384 19.5230598704687 19.8630208088246 19.8967252811759 19.7304947680137 19.1299609223288 18.9993164296404 19.1650650653231 19.1345182341514 19.077682286231 18.886764342025 18.6592773247241 18.2528319842419 17.7695312653006
18.0407421349516 18.8636913619299 23.8140625450753 24.8935351246103 24.9102929891564 25.1161914147964 25.4149348667914 25.3080599105424 24.4441796712053 23.114160104522 23.4486458710024 22.6632160868995 20.4177343788275 18.0736914127331 18.1999283520267 17.8546354517466 15.6570573243344 14.3267448221214 14.5810937581685 16.7994531634023 16.8974218739207 17.9492968789493 14.0527864365412 14.9039778986182 17.3984114413053 18.2712630090569 17.9465103799816 18.0779556469606 18.5196614580781 18.6876301876351 18.9582812329365 19.4264843709613 19.5807746686471 20.1202473855301 20.3713411951575 20.1469272205839 20.0083854225468 20.3133659139645 20.3391210632191 20.7508008032635 20.8105729111424 20.261588498379 20.1027799258991 20.0649282689621 20.4669075479033 20.4746028587242 20.3370247962883 19.973938798867 20.0041275558906 20.1300651119308 20.214361988292 20.2189323034744 20.134785162793 19.8892578247434 19.4752017980999 19.2645767478433 19.2797134740211 19.4794010510506 19.5531510786059 19.4888151199792 19.1967773177922 18.9318750324741 18.7465364127041
17.9465429788363 16.2228906264488 20.1673632953201 24.3347851722239 24.8879883312622 24.6465234918962 24.3607356754141 24.603723953237 23.6713086386581 22.7901171795755 22.3959114707814 22.2734114399443 20.8605078321529 18.3310742346085 17.925397110208 17.9526431929502 17.3394792513327 17.0599869540267 17.5481250039517 17.5759570535768 18.0816797412382 18.4091015249256 17.0771419161236 17.6770833561656 16.9267904020652 19.3585871341494 19.3105338228765 19.2994791021105 19.3871419761606 19.5413411181138 19.6363866993519 19.7874804578486 19.8383333323709 19.7888215448134 20.0964583750403 20.0545052166427 19.8653385173263 20.1192252554705 20.6116211287504 20.8949805227611 20.9248698424886 20.9319987304389 20.8684830385524 20.7290299502927 20.4889192567114 20.5427278567146 20.5576888138712 20.3327669485437 20.410397187873 20.6194205908036 20.7471744472711 20.6516666913261 20.3908398657594 20.1891992486068 19.8560807419114 19.5726823139707 19.6024674411848 19.722233082351 19.7913737533926 19.8927994192189 19.9468945796674 19.8462304687042 19.6117708308216
17.8877300862832 16.8506011951999 17.0843684905737 22.4221028136864 24.0686913967271 24.1668945617148 24.0044270623468 23.7680989403571 23.0916991979669 22.5739257234997 21.1867187203927 19.7318945197712 18.7346614590077 18.7080598639946 18.0249023277782 16.5394726196636 17.0767838297448 17.8194987200998 18.59338538907 18.8723502983142 19.168411465611 19.1555599287237 17.7238801342818 18.5678255133713 18.1345703393464 19.5293749467173 20.2863541653905 20.1821940532665 19.9261588886407 20.0256706235942 19.7143684493652 19.520520852262 19.8838411752999 20.3945443267532 20.3951757620518 20.3731249436832 20.2437564748141 20.3459635488514 20.6613997092553 21.0927669358868 21.1355012654384 21.2203059415032 21.2490624484486 21.0947655695918 20.790006544263 20.5168034136812 20.4236067883734 20.7477669147822 20.9844466074276 20.8669856854421 21.0244921361162 20.8650586127371 20.3783528480007 20.3713997130713 20.1707097052727 20.1155534321699 19.8330273367246 19.9935351972442 19.9612695298389 19.8935546416429 19.8883463686115 19.9032486779369 20.1013280984469
17.8930554684584 17.9342534254637 16.8501302222022 19.5978450368732 22.8658854184072 -9999 23.824368522275 23.5410482749658 23.1725390805499 22.2272070040517 21.2078515178301 19.4375585600639 18.094505186022 18.2342512810846 18.2983788634078 18.7833984117181 16.9916667043772 18.7859635163469 18.9388346331376 19.4972330767559 19.5776303050522 18.8580208714911 18.5792708179826 17.9402083830786 18.4355859825317 19.0845508214757 20.1925846667625 20.4524089411634 20.6802408825011 20.8389323188745 19.9820833156213 19.7127669065365 20.3405989455891 20.6032747822683 20.4011522496395 20.381445263662 20.5552799326208 20.5441666645667 21.078684855468 21.3300520886342 21.619075494783 21.3729427109244 21.2420117154995 21.0861913896857 21.1627408536014 20.8751822675325 20.692005204439 20.9792512786758 21.3204622153716 21.213958348383 21.2331249908898 20.8983789151984 20.532727896091 20.7559309844742 20.827174487042 20.5953581269668 20.2343944942122 20.438671866644 20.5474609727694 20.1661522898524 20.0637565182956 20.2392057199719 20.6675780833939
-9999 19.3086111280653 17.9861003120655 17.5902213497795 21.6541210779239 -9999 -9999 23.661458392938 23.6016209969546 22.9153710437228 22.6707552123685 21.6041537075449 19.9633398763719 19.1514648063201 18.9680403497247 19.8078060514256 18.410065114976 18.4330924652157 18.4965234278301 19.4991993261673 19.5830338320963 18.6366276080316 17.8825260203336 18.0146745310298 18.791028610825 17.5613607542911 18.583626378854 19.6511654098334 20.194368387642 20.6371028522828 20.6055274290195 20.2294726542939 20.3695963537869 20.3151432162802 20.1774024157982 20.2644921920905 20.7016731543057 20.6872200698118 21.2711262307397 21.6119466827868 21.9610025743062 21.9215494159704 21.6654427413422 21.2786263323502 21.0848958818706 21.1485872068849 21.134928402352 21.3414323794976 21.4667252689835 21.5027018867962 21.4816211158535 21.301523382876 21.1621353653133 21.1076432197405 21.1530858644731 21.0738280573452 20.9665885170915 21.0507096395285 21.1566274804421 21.0189323005736 20.8188476315391 20.8688866864335 21.0517512842782
-9999 -9999 20.2925260300998 18.986803417375 20.6862695615145 -9999 -9999 -9999 23.2731835464678 22.5852343980009 21.9811458811961 22.076985600076 21.3253515566126 20.9724414116655 21.0264192908594 20.4461067367801 18.002526033924 16.2299479304693 18.1439843688136 19.2133399375615 19.0857682017897 18.701803376442 18.515397127954 18.6373503152462 18.7913801547186 18.1126106942077 18.1125129780878 18.8077473937686 19.4803255039036 20.8908528411367 21.4466406144845 21.2564453168291 20.962213604379 20.4247721468174 20.0232031131976 20.2012305381971 20.6227669037984 21.0095052414872 21.734876259594 21.7788606786587 21.9788737287318 21.9903971683505 21.7719075754868 21.6821614689334 21.6810482321879 21.6170638141826 21.5585806712774 21.7520768062915 21.7403776345187 21.6443425098557 21.6808593631308 21.6666405921562 21.7231119751365 21.8832485344458 21.5783202787812 21.5749413382346 21.3669791941841 21.2614322391649 21.5609635603794 21.5037173963327 21.190234379222 21.2087499847015 21.36833327191
-9999 -9999 20.9494727136604 20.3989908590641 20.1933789547991 21.3911328616501 21.9730207920075 -9999 23.9523827600854 23.3790234041718 22.6631836430929 23.0515820811912 23.4648633230683 23.0545703199743 22.7216079893167 22.6411393015992 18.1765299628898 14.6447526058979 15.5431510816472 17.338463560964 17.5499088462417 18.2793033736007 19.2364973758725 19.7944661333431 21.1225715376982 20.993665303318 20.2440689926933 20.8028971503003 21.6134961262739 22.3869335831432 22.9082877870458 22.6596159222262 21.9554427454067 21.0078255769798 20.5350585105807 21.1134180116202 21.3197200808479 21.7461848801286 22.0105664619739 21.9592969615784 22.0388347118556 21.9433463599384 22.0526432437565 22.2342447393823 22.2217773853475 22.1432031703519 21.995911522458 21.9658334578077 21.8619400917416 21.696549479073 21.7570638775044 21.9630403301728 22.0672461179641 22.2651171708271 22.1549522619387 21.870127975419 -9999 -9999 -9999 -9999 -9999 -9999 -9999
-9999 -9999 -9999 21.0716666032871 21.3849415073675 20.4850975828958 21.7824348653124 22.7450520096037 24.3842577537225 24.5047265186152 25.3255468984804 25.4725976584216 25.4675000492449 24.8829492819663 24.5270378116036 23.7654166801393 20.3711588148421 15.3048112048673 14.5391666611143 15.5739909362814 15.8890103975409 18.0329752575708 20.0921418907275 20.6482357549861 21.4501887949753 21.1436849000144 21.878736989514 22.109733067052 21.634394487807 21.1925390210051 22.962604147096 23.4658073192997 23.1576106866784 22.4373372910077 22.4096484095497 22.643066354976 22.6478841784146 22.6080598431658 22.5266015501534 22.4385938019852 22.3194596494305 22.1996550000163 22.1590494993274 22.2338541416522 22.4604296279273 22.2854687372843 -9999 -9999 21.8826041420301 21.7685416614016 21.8792708292603 22.1456770895707 22.2944530876784 22.3671093839398 22.2586110689089 22.3485329307958 -9999 -9999 -9999 -9999 -9999 -9999 -9999
-9999 -9999 -9999 -9999 -9999 22.1440689387047 21.181751312647 22.3745247081897 24.0072916199764 24.7643230011066 26.2015039314438 26.5138086352717 26.1447070932472 25.9463086643363 25.5665559274564 23.2787630725988 20.0569857357755 16.331985659555 15.8723111914405 15.5232487318611 15.8430143029897 18.0801237442781 20.6675781812553 20.7345508180917 20.7292318309569 19.9162044267473 20.7269010351675 22.4151041724421 21.7339648947328 20.6973046666746 22.6123436959747 23.4826563256326 23.7629037545479 23.6112630140778 23.4856184777035 23.3209310008401 23.1767577950105 23.0829687612201 23.0066535673375 23.042415331699 22.896484386476 22.7037500061042 22.5342014262246 -9999 -9999 -9999 -9999 -9999 -9999 -9999 -9999 -9999 -9999 -9999 -9999 -9999 -9999 -9999 -9999 -9999 -9999 -9999 -9999
-9999 -9999 -9999 20.4697915712992 -9999 22.7974480029057 21.9830794364183 21.6574544611861 23.2553255717557 -9999 26.3878126603962 26.4015820023621 26.4149609740151 26.5277540118853 26.3268294237853 23.371302047823 20.2341341001173 16.8077864633164 14.6995573171871 15.1931901413398 16.861510410035 18.6507877666175 20.5962890740437 20.8645898318337 19.9872396100245 20.1273567491171 20.5521158233323 20.9509049735796 21.0886132194042 20.7602343832535 23.224355497603 23.5751757491413 23.6933138015509 24.1320051781682 24.0765169687725 23.913880238691 23.5656835727524 23.4500390621622 23.4407356907317 23.3271419878286 23.1187695846868 22.9247266358025 -9999 -9999 -9999 -9999 -9999 -9999 -9999 -9999 -9999 -9999 -9999 -9999 -9999 -9999 -9999 -9999 -9999 -9999 -9999 -9999 -9999
-9999 -9999 -9999 -9999 21.5372915984901 22.1905534148506 22.850833321845 22.2835286734225 23.0149804925809 -9999 -9999 26.8050000270208 26.9133397538711 27.0280468073133 26.9530664473325 25.0503514553091 23.0758593826745 18.923496140537 14.9956641007804 15.1422851468252 17.1762304376667 19.2935350965726 20.0236002917369 20.5031510678106 20.2647655681808 20.1094335718772 20.4113541959972 21.2631120017646 20.6864973856582 20.7193098713436 22.2485676997858 23.9674349474021 24.0971094340036 24.2567578033197 24.6448242357452 24.3833398800588 23.6706836614571 23.7328516444522 23.8519140763742 23.6816601679473 -9999 -9999 -9999 -9999 -9999 -9999 -9999 -9999 -9999 -9999 -9999 -9999 -9999 -9999 -9999 -9999 -9999 -9999 -9999 -9999 -9999 -9999 -9999
-9999 -9999 -9999 -9999 21.2209243921064 21.7687565402508 22.1013606713509 22.7500520677353 22.5836718795504 23.9481120539404 -9999 -9999 27.2715624080704 27.3551757502092 27.253613249481 26.8059570359323 24.5150977072917 20.736621128332 19.1418359545004 16.4091015710825 17.479082040016 19.2100780917505 19.6479166807304 20.2032291045332 20.3474999868304 19.7330859245646 20.1997720590799 21.0194205224556 20.5814778784864 20.9568293689221 22.4954622214753 24.1658138491691 24.3085352282198 24.4576953337302 24.9967969129558 24.8063281116389 23.9182031596556 24.1600195659154 24.0896289092758 23.9476757204541 -9999 -9999 -9999 -9999 -9999 -9999 -9999 -9999 -9999 -9999 -9999 -9999 -9999 -9999 -9999 -9999 -9999 -9999 -9999 -9999 -9999 -9999 -9999
-9999 -9999 -9999 -9999 -9999 -9999 22.0817708075047 22.9622981527873 22.3544401372471 22.4369270132232 24.5012999610612 25.030017556503 -9999 -9999 26.3334894701839 26.4127083635174 26.198483180359 25.4194011201706 22.6855272996095 17.7633203240562 16.6795833473502 17.5710091008504 18.3770181948634 19.9657877892491 20.4953581371049 20.9770181540182 21.2204687229706 21.1211523506573 21.2547135351846 21.9948893294517 22.1737760765843 22.2853580247775 23.3007812802841 24.2100781267948 25.0743490477701 24.8790364487006 24.4688932029911 24.4145768300043 24.1634115089912 23.8626108150493 -9999 -9999 -9999 -9999 -9999 -9999 -9999 -9999 -9999 -9999 -9999 -9999 -9999 -9999 -9999 -9999 -9999 -9999 -9999 -9999 -9999 -9999 -9999
-9999 -9999 -9999 -9999 -9999 -9999 -9999 -9999 23.3225065404375 23.3518098894899 23.3765538839974 24.4620095567009 -9999 -9999 -9999 26.5187694735184 26.502643298846 25.5315495527511 23.4490039902827 19.9689647879408 15.9643880219468 14.6749544417118 17.7315104118085 19.1676432577136 20.465768227415 21.6898697905772 22.1924218259475 22.0677929242975 22.0735806710305 21.4768814999313 21.338307268431 21.8390689957939 22.5951172185728 23.3330273261551 24.046516944828 25.1842122427291 25.3204947477288 24.8642253422491 24.532220016633 24.232181024925 -9999 -9999 -9999 -9999 -9999 -9999 -9999 -9999 -9999 -9999 -9999 -9999 -9999 -9999 -9999 -9999 -9999 -9999 -9999 -9999 -9999 -9999 -9999
-9999 -9999 -9999 -9999 -9999 -9999 -9999 -9999 -9999 24.2591276271012 23.7987240000352 24.1380012865648 -9999 -9999 -9999 26.5634700407481 26.9079231309641 27.0343815927299 25.3913216085986 22.529563788362 17.0161718913522 15.2695312571328 17.2217187916153 19.5632031112916 20.363951805778 21.6238932341288 22.3570702609914 23.1252539640226 23.2459570015048 22.8908202050567 22.124303337977 21.8394206264765 21.2682356472897 23.2615363867292 24.5838866804553 25.2739648000691 25.1897591561638 25.0533137829919 24.8598372152963 24.6489778439192 -9999 -9999 -9999 -9999 -9999 -9999 -9999 -9999 -9999 -9999 -9999 -9999 -9999 -9999 -9999 -9999 -9999 -9999 -9999 -9999 -9999 -9999 -9999
-9999 -9999 -9999 -9999 -9999 -9999 -9999 -9999 -9999 23.8010808135214 23.8060481976514 23.3083137994726 23.9670832355817 -9999 -9999 -9999 26.8779817155641 26.9304753226666 26.5053840618006 25.2479231966935 21.7954297365941 16.421074223551 16.2474804836851 18.2110351981014 20.1502213601013 22.4782682767673 22.6681445752821 22.3528711311203 22.6864258344472 22.6819726864919 21.3813346414912 20.528854141085 18.1675130374671 18.9286457965629 24.3915624517529 25.1668944993114 25.3403059584368 25.1109895562825 24.957356847713 24.707942828536 -9999 -9999 -9999 -9999 -9999 -9999 -9999 -9999 -9999 -9999 -9999 -9999 -9999 -9999 -9999 -9999 -9999 -9999 -9999 -9999 -9999 -9999 -9999
-9999 -9999 -9999 -9999 -9999 -9999 -9999 -9999 -9999 23.3597222699059 23.1985026092618 23.3324869487618 23.6033789799862 -9999 -9999 -9999 -9999 26.9600001573563 27.1781185697268 27.2491732386609 25.5185611960462 20.2092643351927 15.5022265873393 16.4252343726836 19.1108138321653 20.8280989653947 21.1494336885085 22.074531244769 22.7373046831537 21.7666015814898 21.3448243021208 20.8926561777415 19.7645053167859 18.361048216269 22.0256315234135 24.5687370726788 24.3069791181998 24.9940495268619 25.1851628415073 -9999 -9999 -9999 -9999 -9999 -9999 -9999 -9999 -9999 -9999 -9999 -9999 -9999 -9999 -9999 -9999 -9999 -9999 -9999 -9999 -9999 -9999 -9999 -9999
-9999 -9999 -9999 -9999 -9999 -9999 -9999 -9999 -9999 -9999 23.0206510846814 23.7431510024839 24.0341514263923 24.458428853088 24.8441665371259 -9999 -9999 -9999 27.1979622785078 27.3873176331766 26.6193424373249 22.5289713201142 17.0612890326224 15.1326562637928 18.0728059796778 19.2942122391099 18.1363281037111 19.8633398283116 21.2029297496018 20.9370507391412 20.391542960623 19.7243359729908 19.9499739662506 19.6607942690721 20.4802408548789 24.7605924088862 25.2693034312805 25.3202213096819 25.3393489146013 -9999 -9999 -9999 -9999 -9999 -9999 -9999 -9999 -9999 -9999 -9999 -9999 -9999 -9999 -9999 -9999 -9999 -9999 -9999 -9999 -9999 -9999 -9999 -9999
-9999 -9999 -9999 -9999 -9999 -9999 -9999 -9999 -9999 -9999 -9999 -9999 24.4551041299723 23.7211392397117 23.9489822381177 -9999 -9999 -9999 -9999 -9999 27.290201803385 25.4372331039893 20.1045703094255 15.7949413797368 16.6604947510309 18.9702408776479 17.6477343509677 19.1590234342779 19.0726236831865 19.2178385169506 19.1452278565255 19.20091145422 19.5130403827909 20.1838802103622 17.9844205909489 23.3525651572433 26.0925781286949 25.4866796823092 25.3268032809123 -9999 -9999 -9999 -9999 -9999 -9999 -9999 -9999 -9999 -9999 -9999 -9999 -9999 -9999 -9999 -9999 -9999 -9999 -9999 -9999 -9999 -9999 -9999 -9999
-9999 -9999 -9999 -9999 -9999 -9999 -9999 -9999 -9999 -9999 -9999 -9999 -9999 24.1176432369574 23.6761501721091 25.2213975721772 -9999 -9999 -9999 -9999 27.0902016641798 26.7435026458657 24.4273828213299 20.8163672348179 18.0110807095108 17.8077408917683 17.387363259474 17.808281241301 18.6427018075154 19.5293033909387 19.2224739534756 18.8979426964206 20.0776302457364 21.6952278487818 20.5602995153523 22.7158073016972 26.1955273229011 24.2460155155048 25.0503710479556 -9999 -9999 -9999 -9999 -9999 -9999 -9999 -9999 -9999 -9999 -9999 -9999 -9999 -9999 -9999 -9999 -9999 -9999 -9999 -9999 -9999 -9999 -9999 -9999
-9999 -9999 -9999 -9999 -9999 -9999 -9999 -9999 -9999 -9999 -9999 -9999 -9999 -9999 24.7700000206629 -9999 -9999 -9999 -9999 -9999 -9999 26.9724996884664 26.676432247123 23.8081510521281 20.450442693979 19.7421224157283 18.2928906383457 17.3870898492734 18.2517187328201 18.828398413485 18.8841992317465 19.6300195080979 20.7756510511458 22.9050063988341 23.2687955236967 25.0852214184495 26.9982096886485 25.7388150653375 25.1714625722437 -9999 -9999 -9999 -9999 -9999 -9999 -9999 -9999 -9999 -9999 -9999 -9999 -9999 -9999 -9999 -9999 -9999 -9999 -9999 -9999 -9999 -9999 -9999 -9999
-9999 -9999 -9999 -9999 -9999 -9999 -9999 -9999 -9999 -9999 -9999 -9999 -9999 -9999 -9999 -9999 -9999 -9999 -9999 -9999 -9999 -9999 26.8929164403497 25.8993424486191 22.2589973733684 21.3216927947014 19.3603711544327 19.1299804412768 18.8852734166153 18.7532617780473 18.5293163625437 18.9192383070334 20.2552994397075 23.2538931715587 23.3052409012064 24.6203385496121 26.273873704616 26.1773307793696 25.573936490726 -9999 -9999 -9999 -9999 -9999 -9999 -9999 -9999 -9999 -9999 -9999 -9999 -9999 -9999 -9999 -9999 -9999 -9999 -9999 -9999 -9999 -9999 -9999 -9999
-9999 -9999 -9999 -9999 -9999 -9999 -9999 -9999 -9999 -9999 -9999 -9999 -9999 -9999 -9999 -9999 -9999 -9999 -9999 -9999 -9999 -9999 26.9968229034241 26.8469596606275 24.6489126932816 22.0932877652055 20.6664518016532 19.2889908121464 20.3148567481046 19.6564779159366 18.7261327342489 18.3726758078501 19.6271940213781 21.3793424539339 23.3935807574479 24.6617643124924 26.6624348195071 26.2199544822989 25.8556184708778 25.8701301034636 -9999 -9999 -9999 -9999 -9999 -9999 -9999 -9999 -9999 -9999 -9999 -9999 -9999 -9999 -9999 -9999 27.2081423302491 26.9073610355457 26.6442187130451 26.5905727843444 -9999 -9999 -9999
-9999 -9999 -9999 -9999 -9999 -9999 -9999 -9999 -9999 -9999 -9999 -9999 -9999 -9999 -9999 -9999 -9999 -9999 -9999 -9999 -9999 -9999 -9999 26.8317057190893 23.5275650741036 22.905416633329 21.6508463329449 20.7613541334394 20.1510286468029 20.0886653740806 19.7209375027886 18.4109960899054 19.4455729265636 19.7694987218787 21.6628580814976 22.4217448393513 25.2493489525452 25.9383724564162 25.6128841084706 25.8984895464567 -9999 -9999 -9999 -9999 -9999 -9999 -9999 -9999 -9999 -9999 -9999 -9999 -9999 27.5272915760676 27.1718749453624 27.2996875246366 27.3434613021375 26.970902797944 26.6531835458986 26.6357876980356 26.7862499867422 -9999 -9999
-9999 -9999 -9999 -9999 -9999 -9999 -9999 -9999 -9999 -9999 -9999 -9999 -9999 -9999 -9999 -9999 -9999 -9999 -9999 -9999 -9999 -9999 26.3215234121866 26.1660937714361 22.5477734013255 21.6435351768326 22.2977929490495 21.1530273637126 20.5339648863045 19.7996289459784 21.438763045595 20.7294856687635 20.0827344056334 18.811796891377 19.6854297226891 19.531835970015 19.6453841098837 23.3381966560786 25.7715885601455 25.9006121092645 -9999 -9999 -9999 -9999 -9999 -9999 -9999 -9999 -9999 -9999 -9999 -9999 28.1011068819521 28.0206966764982 27.7381380319569 27.7272590633869 27.6772656278428 27.1261913500557 26.8979622407471 27.0002277526775 27.1882550811409 -9999 -9999
-9999 -9999 -9999 -9999 -9999 -9999 -9999 -9999 -9999 -9999 -9999 -9999 -9999 -9999 -9999 -9999 -9999 -9999 -9999 -9999 -9999 -9999 26.5309765693906 25.8013802565562 22.2176171646778 21.3545703382558 20.4806640555727 20.7815820455476 21.1329101740277 21.2262109805245 21.2446418813293 20.69374348861 19.531015623003 17.7674804622859 17.6159570126624 18.060019526727 16.6811458033379 17.7006185242949 23.2103190711641 25.4831120477485 26.6296418785803 -9999 -9999 -9999 -9999 -9999 -9999 -9999 -9999 -9999 -9999 -9999 28.3793098255497 28.456321608139 27.9842903142049 27.5960677095848 27.6963672663254 27.419745991283 27.2561913712616 27.2317772618569 -9999 -9999 -9999
