2050_A1B_MR/TMEAN.asc
NCOLS 720 
NROWS 360 
XLLCORNER -180 
YLLCORNER -90 
CELLSIZE 0.5 
NODATA_value -9999 
[rows 196 to 223 of 360, columns 189 to 251 of 720]
-9999 -9999 -9999 -9999 -9999 -9999 -9999 -9999 -9999 -9999 -9999 -9999 20.9666669368744 18.4941536395021 13.0966861774134 10.7376888177249 13.7386653246268 21.311022165818 24.6483659104604 26.0674935048368 28.1884700831315 28.4863867425739 28.3382422102475 27.9264843324728 27.7080272856983 27.6753971189707 27.6120181294117 27.6528710996593 27.8438086336144 27.9743164580196 27.7821288135135 27.5685807679182 27.3762565059155 27.3046744629728 27.486803339325 27.7690429352399 28.134531263307 28.2897459367969 28.4736132386051 28.6154493354262 28.7040039636571 28.7225781828781 28.7238672190512 28.7415691018928 28.7637369858288 28.7022591471096 28.6264974712435 28.543561183048 28.4424674103595 28.3945314066566 28.4107812719912 28.3699804681683 28.0480078335899 28.0355141275153 28.2092448067334 28.3653450684463 27.9282356425653 27.0949283983502 26.9581509572726 27.3305534359661 27.6251627916652 27.5308398368402 27.2893359462073
-9999 -9999 -9999 -9999 -9999 -9999 -9999 -9999 -9999 -9999 -9999 -9999 -9999 20.0553645642192 16.7306510198355 10.4693294269796 12.6848567633706 15.7305143047873 24.2487760550561 25.4522395669804 27.9625716013277 28.358906298975 28.4921874626692 28.2445117132675 27.9072268168376 27.8523698286544 27.6562173912785 27.6717187364076 27.8110937302616 27.8295506749553 27.6251170922191 27.3788541544839 27.2117837729856 27.1138345761582 27.2961393162052 27.7650976851479 28.1451758890704 28.2990819240384 28.4827149460329 28.621523451049 28.6833008266984 28.6739061698581 28.6317773834438 28.6196745784468 28.5687174314244 28.4873566828158 28.4186263285255 28.3004557754189 28.1914518105117 28.1708204040538 28.1043945405085 28.1785155897672 28.0367186577529 27.9185417482357 27.8560807446398 28.0201302063523 28.1256575357798 27.8426627358018 27.4318425008604 26.9624479445188 26.7001237362371 26.9722656866113 27.2884570087358
-9999 -9999 -9999 -9999 -9999 -9999 -9999 -9999 -9999 -9999 -9999 -9999 -9999 20.9415495071013 19.6729557246138 10.5128319843476 9.14310544907283 13.5102083244975 21.968958377619 24.4614192568885 27.6082160937079 27.4798436782765 28.2792774227075 28.3559440511962 28.0508464079588 27.9533919443498 27.7335285744029 27.6552343158169 27.7192577806171 27.6937240115454 27.5398371307488 27.3685677213586 27.1715168331822 27.10664702932 27.4345963632633 27.9028385453522 28.1747721978812 28.3846354893303 28.4395182951355 28.5346940072766 28.5676627555189 28.6210677176077 28.5552082919647 28.4440495336575 28.3791667448729 28.1980078061881 28.017421967345 27.9622917240586 27.8447525231043 27.846490897553 27.8847526240618 27.8682031559816 27.9847656380119 27.7127018164623 27.7569596544463 27.6514387539645 27.9276692942767 27.9750130390705 27.8415364687875 27.4263150504003 26.7893424474662 26.5365038980057 27.3036132440861
-9999 -9999 -9999 -9999 -9999 -9999 -9999 -9999 -9999 -9999 -9999 -9999 -9999 -9999 20.6734830689152 13.24099609774 6.3845507963418 9.77438802501215 15.2860481911828 20.028821645022 26.9563216511907 27.1901367302503 27.7858984219149 28.300592410068 27.9373111936515 27.9725911331517 27.6768488859206 27.6691601474094 27.6378516122116 27.5650716958621 27.439954390215 27.3056967159629 27.2742904509984 27.3556900729735 27.7339714054284 28.1742643251511 28.3518033311278 28.5091472229652 28.6339322400512 28.7312370001334 28.7567643285178 28.6084504761663 28.4365364388701 28.2234829926955 28.1319399962547 27.8784960722245 27.676406203766 27.610787647777 27.4885025350694 27.513756502703 27.5124673139019 27.5185156728778 27.7171679773789 27.529440108666 27.6544400715624 27.7224348559574 27.8159114980234 27.8475326137473 27.7634504870755 27.726119756332 27.5128971629784 27.2265819515792 27.3203320454854
-9999 -9999 -9999 -9999 -9999 -9999 -9999 -9999 -9999 -9999 -9999 -9999 -9999 -9999 20.6247915824254 17.5939908583957 9.75766273869831 6.99389326022103 11.3087565536482 15.7298372420994 24.6821809664602 26.5078579951036 25.6662370093746 28.1953906046442 27.935273382623 27.9120051724256 27.619993468357 27.5448764439342 27.5374349456119 27.3986068431536 27.3001497600825 27.2575781607283 27.3052734063647 27.5931380688317 28.1026888227202 28.3763671641682 28.481015635003 28.5994921724185 28.7187500732432 28.8289517932507 28.7985808090615 28.5064583297871 28.2679622351478 28.0009245540395 27.8145963851998 27.5469532116553 27.3830078496308 27.1485547128496 26.9780078384042 27.1529882045616 27.0126171280115 26.8979361510619 27.0588151263603 27.326595010483 27.5148177348298 27.3672395605376 27.5346028571037 27.7684960778661 27.6861914061659 27.8428254996227 27.8243489204868 27.6502864958009 27.3071224429722
-9999 -9999 -9999 -9999 -9999 -9999 -9999 -9999 -9999 -9999 -9999 -9999 -9999 -9999 -9999 20.019186118991 12.9064908723502 7.02541667296704 7.6318815189569 11.9294856705538 21.3082161560568 24.1953970458754 24.0590104548477 27.3963672083888 28.0676564089482 27.8160677231037 27.5141537275989 27.5011653068036 27.2305208734603 27.1785481860199 27.1080989864076 27.0646484682776 27.1768554561566 27.5766927601026 28.1401497014945 28.3538085979989 28.4564062407363 28.6194139482535 28.821582036551 28.9613345922772 28.8901236789528 28.5263216369693 27.9012239825976 27.1054166828997 27.2228385812299 27.1192773236232 26.9519921085721 26.8368749695452 26.6481054912683 26.6641015129059 26.4248242245527 26.240299482444 26.3654363120674 26.7825715667072 27.3297982564181 27.3382356332752 27.4137825692663 27.5630468390975 27.7256641498346 27.7692121877605 27.4897591414047 27.443450458602 27.3873957914655
-9999 -9999 -9999 -9999 -9999 -9999 -9999 -9999 -9999 -9999 -9999 -9999 -9999 -9999 -9999 20.646119813009 19.152701829637 9.1356900804766 5.71330729451719 8.9347265572652 15.9018554950626 21.3722461493275 24.7663476785791 25.3673632217527 27.5879100578695 27.7906445526872 27.375468782986 27.1751237447282 27.0568229346406 26.9703645756419 26.8917903877676 26.8701432707603 27.0893229158719 27.4933854291903 27.9614909316175 28.3258267665888 28.5336978944513 28.6836067041149 28.7922786635999 28.9194205354333 28.9169986459591 28.6579492700802 28.275253937918 27.563613338847 27.1345508233748 26.914498648231 26.7636392217832 26.4690363941086 26.2338997735384 25.9042772769077 25.7544726289949 25.6743098624607 26.036302001786 26.5222331410816 27.1707095926746 27.4931704564193 27.6437956367162 27.5566275975301 27.405651129449 27.580247471899 27.5209896106081 27.4479687288244 27.470019581019
-9999 -9999 -9999 -9999 -9999 -9999 -9999 -9999 -9999 -9999 -9999 -9999 -9999 -9999 -9999 -9999 20.5440299590964 14.6198111780009 4.92215493895462 6.85761718262944 9.40871096150137 14.1432812474855 23.5198046994973 23.3602539723569 26.0448046814599 27.3938867045742 27.1636327509817 27.3500260610527 27.0933267745296 26.9329036449488 26.8908919106068 26.9266666085814 27.1842838065128 27.5788151570564 27.988151090786 28.3142448577009 28.500084622525 28.6770052102436 28.7604233113653 28.8497526261278 28.9227994592905 28.6605663423485 28.2677930121475 27.7321483963422 27.403281217729 27.0517056532897 26.3085220300838 26.1744857001079 26.0638606972238 25.6257617546473 25.0984374232945 25.2604036850827 25.6634700948055 26.385045635952 27.0997330708331 27.4347135176508 27.731354178161 27.7098111993138 27.572486884928 27.5532746636653 27.4481965365754 27.3559570034897 27.2914063558934
-9999 -9999 -9999 -9999 -9999 -9999 -9999 -9999 -9999 -9999 -9999 -9999 -9999 -9999 -9999 -9999 20.797916730245 18.9918098755858 9.41446614292462 5.47369140924009 8.94863282821895 14.2878580184616 20.4074869428022 22.0116080411509 23.3143033200097 25.5286327292042 21.8570898403788 24.8350715498054 26.9331965791342 26.9595247780214 26.9561458054543 27.1584504208317 27.435071557412 27.760117278501 28.087148336049 28.3258073428828 28.5174673707772 28.7102473750515 28.7884895801105 28.9002408757803 28.9603580124339 28.7494791025861 28.3570768820151 27.9655077542185 27.6677929025143 27.144589848721 26.1890038913556 25.6324478669191 25.6157877548906 25.1710807573002 24.4964323146111 24.7282551828146 25.610345037708 26.4455533637739 26.9810806657976 27.4671289114426 27.7047071208338 27.9289583575483 27.6566340934837 27.5253710809775 27.3488670837944 27.2569270606686 27.2233723986693
-9999 -9999 -9999 -9999 -9999 -9999 -9999 -9999 -9999 -9999 -9999 -9999 -9999 -9999 -9999 -9999 -9999 20.7666015559549 16.1341015213258 8.63234372231487 5.55199216285827 10.3344401104561 13.605240856149 18.9188932278262 21.5623307199016 20.5584961584632 17.2897265508981 19.9577669135359 25.7579622838665 26.6316146608095 26.9485090687147 27.2973958923097 27.6159114018362 27.8576366765512 28.0936718930922 28.373463551163 28.5943033868712 28.7117316872051 28.7989387735977 28.8803776130434 29.0006119608504 28.8280728780883 28.4239518070623 28.0544140910699 27.7002149237365 27.2989061845554 26.8250195977685 26.2913150804785 25.630299480794 24.9200456143192 23.8871550207727 24.4693684672556 25.3791145685882 26.2129361439501 26.7311198185727 27.2742382601064 27.6827344385892 27.9130013337757 27.5994856371889 27.3832031477594 27.1015234653988 27.1430598076361 27.0555404302417
-9999 -9999 -9999 -9999 -9999 -9999 -9999 -9999 -9999 -9999 -9999 -9999 -9999 -9999 -9999 -9999 -9999 -9999 20.3352799901047 12.8127018081745 6.34692056750984 7.09042970131385 12.4118164313463 15.3379492252677 15.0447460909906 12.526953115965 11.2133593729885 11.8605989558335 16.9741731675283 22.3780989485838 25.0418684995406 26.5030533815958 27.1263151194637 27.5942448221063 27.899381476558 28.2852538714235 28.5367968194853 28.6372395655173 28.6786262668001 28.7490039557148 28.8916797504241 28.8044010638982 28.4307487694205 28.0718359337912 27.743066436206 27.3082226253716 26.9125194813205 26.6139583487894 26.1735481816545 25.4930989852103 24.9694075789103 24.2629427586477 25.1587629446223 25.7330012443517 26.38655602102 26.9267578110599 27.6094530451062 27.8299674157632 27.5350455033893 27.1840169494155 26.8697590295794 26.7717187224169 26.7049609243023
-9999 -9999 -9999 -9999 -9999 -9999 -9999 -9999 -9999 -9999 -9999 -9999 -9999 -9999 -9999 -9999 -9999 -9999 21.1616927525985 18.9369791599599 10.6469400678799 7.45996092663955 9.54632811287987 13.239023438426 12.2750976239746 11.6093164332816 11.209785157968 10.5546028681481 6.32130207548259 7.77411460953278 13.0242708681599 20.6217252911846 23.5903189951283 25.3822721040972 26.7821744608985 28.0391210431789 28.4736522697357 28.5266926600336 28.4447982623988 28.43460934392 28.5411914453698 28.5576236746789 28.3681314600832 28.0960352110767 27.7929296369422 27.3884961231461 26.846132851967 26.6365169373665 26.2286848588292 25.2712435032776 25.7800325805539 24.727063818381 24.8517317692793 25.4030404694869 25.9573957631886 26.4903515524892 27.0274415284435 27.5832096365628 27.4272135000721 26.823645844219 26.6166732115208 26.235722670695 26.0691797626134
-9999 -9999 -9999 -9999 -9999 -9999 -9999 -9999 -9999 -9999 -9999 -9999 -9999 -9999 -9999 -9999 -9999 -9999 20.4127777848132 20.4779101595128 18.2048632567179 10.2463997156391 7.91155600751524 9.0687565021728 9.85309243547247 7.4763606556187 9.0488216147023 8.73203125038777 7.38173829652859 4.99279300136975 6.12906248589142 9.35194011777604 17.3739713997621 21.5808593896588 23.9860351573426 27.0908138946476 28.2585091263136 28.2805079150986 28.0818555173139 28.019199226472 28.219804715621 28.3835092013838 28.2745051396947 28.0687760499427 27.6934439104973 27.435735753452 27.039173095115 26.5869009729453 26.5099283691746 25.0260091636945 26.0234114860847 25.9820443184958 24.8872787037859 25.0823372176395 25.6948176657639 26.4593880373914 27.1383333334366 27.6620768290021 27.3434048769534 26.7312044077073 26.274407571693 26.1552278376849 25.68384114053
-9999 -9999 -9999 -9999 -9999 -9999 -9999 -9999 -9999 -9999 -9999 -9999 -9999 -9999 -9999 -9999 -9999 -9999 -9999 20.6160742479282 21.640976528572 16.9508137852675 10.6775325696699 7.22592444095624 6.39377601826658 4.51880208454344 5.20995443647271 6.56693359804419 7.60972658703766 7.65242185959529 8.45423828627466 7.44160807839811 7.27891277275878 18.3420898748468 21.8976366565467 25.9830989476275 27.3579231546109 27.8427343856714 27.6425585824629 27.5486524332621 27.9280273432598 28.3218685438558 28.2230011982567 28.0561979425858 27.6652213720796 27.3699348631905 27.0222981560643 26.6592252751188 26.6263736237036 26.066634075573 25.6871420028878 26.3012044109496 25.4444466467521 25.355091170629 26.1044465838427 27.6971419638152 27.9659896325444 27.7850845783016 27.0740690034713 26.8429035196776 26.3149154248722 25.5083724058326 24.712610672164
-9999 -9999 -9999 -9999 -9999 -9999 -9999 -9999 -9999 -9999 -9999 -9999 -9999 -9999 -9999 -9999 -9999 -9999 -9999 -9999 20.8845182458419 20.1769857584679 16.1606966080916 11.3238085741813 9.99496090502202 6.6190820312939 5.11410156219254 4.89255859753971 5.05169920117417 5.05005206512053 9.57536455056547 9.99472658232174 8.20667969401057 15.3773242236575 22.831875001816 24.9609504971409 26.0100130301219 27.1965038963733 27.4485743668338 27.5201757313048 27.8017773317667 28.1197982395033 28.1488411464898 28.0540170172967 27.8244856804803 27.2333399827119 26.8670312678524 26.5326236869732 26.4762368881649 26.602897128813 26.5776628389681 26.8642577448005 26.6804492356744 26.5239517614282 27.0409440007491 28.0505274457409 27.9076171448378 26.896692816199 26.6916146188474 26.5478645831165 25.4595051480417 24.6170507854368 24.5200976251269
-9999 -9999 -9999 -9999 -9999 -9999 -9999 -9999 -9999 -9999 -9999 -9999 -9999 -9999 -9999 -9999 -9999 -9999 -9999 -9999 -9999 21.128782593117 19.3762044353979 15.2796289112535 16.8245117264283 11.8430078081645 10.8930859023334 5.1090039142945 4.76224608708 5.30040366554766 8.85651692526794 10.4397265978303 10.7878320678768 11.3056054230467 16.2487695167693 23.7771224143311 24.3566145578987 25.4019921706733 27.1708789737974 27.6442578421623 27.846113334035 27.9416732342326 27.9686654808172 27.9605598364292 27.8911653634043 27.1190234151645 26.3543359239423 26.1491666295513 26.2011198298013 26.4454752810779 26.7857487542307 26.7560937232899 26.4093359426788 27.4337369510539 27.8851042250554 28.3275194351843 27.4889257216746 27.4472396140351 28.054563737572 27.5943685173345 25.4826106287809 25.7643945415818 24.8949999194327
-9999 -9999 -9999 -9999 -9999 -9999 -9999 -9999 -9999 -9999 -9999 -9999 -9999 -9999 -9999 -9999 -9999 -9999 -9999 -9999 -9999 -9999 -9999 19.1148697386185 19.333229145683 19.3700129760608 19.3108854176417 14.3282226159914 6.92839842277678 5.74949869876163 5.75395184205879 9.04558595767644 10.6355468853809 9.72765621298315 8.35673830766337 17.9291796791688 21.1329882735668 22.3578321027069 25.2220508054952 27.5542903492929 27.8356185332931 27.7990755093433 27.7137044360607 27.6780468216413 27.5875975666334 26.6678580460698 25.779987043801 25.8324674598903 25.8180143190041 26.0504427520087 26.6283918936802 26.8683854614986 27.2266080930142 27.9674087473562 28.2075455682821 28.3677865663756 28.3471223919833 28.4285156090525 28.5213281548862 28.1855143417409 26.4145767876615 26.7370312069284 26.2436523663014
-9999 -9999 -9999 -9999 -9999 -9999 -9999 -9999 -9999 -9999 -9999 -9999 -9999 -9999 -9999 -9999 -9999 -9999 -9999 -9999 -9999 -9999 -9999 -9999 -9999 20.8116536467931 20.8977018260877 19.5253711470699 15.0264648204015 10.0353189782284 4.19586590128519 6.6421289155118 9.33757813830544 9.44812499931581 9.37646485345866 13.3454882805612 15.8086132874477 16.0654492332843 18.199707046581 25.2914193379956 27.5924153964459 27.5708528597296 27.377786501297 27.2516015349884 27.2223827867185 27.0454752421037 26.4747135958344 26.0733853523462 25.8914713414872 26.0303255501105 26.6071028746039 27.227076910406 27.797291602764 28.1977799248864 28.4219205428078 28.5337826147695 28.6163606108288 28.6178516335516 28.560253821311 28.3625650666574 27.8822722091321 26.6394725935923 26.0873827630727
-9999 -9999 -9999 -9999 -9999 -9999 -9999 -9999 -9999 -9999 -9999 -9999 -9999 -9999 -9999 -9999 -9999 -9999 -9999 -9999 -9999 -9999 -9999 -9999 -9999 -9999 -9999 20.8629036787701 19.0562239150701 14.8024023630631 8.3788866587839 5.24236328831233 8.80587888681643 9.81390626559313 9.22529300350569 10.0445638014039 9.57454429504953 13.5100455594614 12.3691666244131 17.9459635609434 23.0681901161237 25.6333593726218 26.6008985299852 26.7427668813585 26.8534895643966 26.8830143460022 26.9596354315018 26.8415495402962 26.7404166945624 26.8093358950397 26.6253516248647 26.9819400884046 27.6277214826508 28.1713803374518 28.4024935254807 28.5386066934561 28.6027278727017 28.6087109521606 28.5654102005349 28.429960834465 28.1749413784051 26.5760221735615 25.6100456203372
-9999 -9999 -9999 -9999 -9999 -9999 -9999 -9999 -9999 -9999 -9999 -9999 -9999 -9999 -9999 -9999 -9999 -9999 -9999 -9999 -9999 -9999 -9999 -9999 -9999 -9999 -9999 -9999 19.6600326204325 19.5056054768801 17.1988281240691 7.38917967416783 6.99785158030846 8.11429688750051 9.28015626078694 10.3869270847518 10.4119075492771 9.96467447464953 16.1028971387803 16.3814908428059 18.0738736714148 19.4550976145611 21.8363867481382 24.4529036720291 26.3213215675299 27.076041749196 27.0508267344618 27.0487956577593 27.0745768347525 26.9966796737326 26.8956055068501 27.0181119507349 26.6928775968485 27.6688802249684 28.0502864573646 28.2358527870625 28.4768684669295 28.5297266022156 28.4993164130408 28.404042954309 28.2290625260135 27.1219205636103 26.5693814230992
-9999 -9999 -9999 -9999 -9999 -9999 -9999 -9999 -9999 -9999 -9999 -9999 -9999 -9999 -9999 -9999 -9999 -9999 -9999 -9999 -9999 -9999 -9999 -9999 -9999 -9999 -9999 -9999 -9999 20.2341406966249 19.5855859265329 11.9178580811931 4.54180336998646 7.30224608865408 8.94843751321053 10.0024023284971 10.8749414118818 9.30366538548609 12.9539778845106 18.1644791821238 19.8995963955491 20.5796614536382 20.3377864804275 21.8098958048351 25.7705403615518 26.9775716179736 27.0870832800549 27.148105478461 27.1911913553922 26.8992643477847 26.4947135305375 27.1703385483246 27.3875065294568 26.9851822585344 27.3541276382136 27.6662435059488 28.3600130429427 28.4173502861075 28.3903189948023 28.3452408152855 28.2279947983908 27.528053412836 27.2172916370582
-9999 -9999 -9999 -9999 -9999 -9999 -9999 -9999 -9999 -9999 -9999 -9999 -9999 -9999 -9999 -9999 -9999 -9999 -9999 -9999 -9999 -9999 -9999 -9999 -9999 -9999 -9999 -9999 -9999 -9999 18.6017122605806 14.6525455436581 6.42307291822202 6.98347657357459 9.91263673589986 10.7006445484897 11.4197851586042 10.652239589184 11.8010091940695 14.0315690162817 18.9265299426218 19.2425325841243 20.4642708594788 23.0753450799851 26.3200325280232 26.9258138555307 27.1567903309183 27.12091802321 26.9987695319717 26.8083462675888 27.0071354183245 27.1452799183031 27.4634049722078 27.6791471945793 27.7901042541633 28.0099349326731 28.3054427331071 28.3005143119298 28.2560221082463 28.2430925432567 28.1555534776112 27.0962955760383 27.0419987243978
-9999 -9999 -9999 -9999 -9999 -9999 -9999 -9999 -9999 -9999 -9999 -9999 -9999 -9999 -9999 -9999 -9999 -9999 -9999 -9999 -9999 -9999 -9999 -9999 -9999 -9999 -9999 -9999 -9999 -9999 18.2559244605721 16.2591275751739 8.35184243807828 6.54354815778005 9.8507161102218 10.8569531483422 11.4893945040863 10.8635155859875 9.35947264468959 12.6993424295363 16.6126041969125 16.991536436145 20.6495638288211 24.3093229411437 25.477076846501 26.8282225650793 27.1480859737396 27.0481184969743 27.018958304651 27.0217969371691 27.1368555029058 27.0918750438074 26.772695194178 27.498476562653 28.00537113963 27.9235481367506 28.1445247208479 28.1184114965151 28.0038997384883 27.983958378759 27.6254427217175 26.2720833735953 26.6278059788519
-9999 -9999 -9999 -9999 -9999 -9999 -9999 -9999 -9999 -9999 -9999 -9999 -9999 -9999 -9999 -9999 -9999 -9999 -9999 -9999 -9999 -9999 -9999 -9999 -9999 -9999 -9999 -9999 -9999 -9999 18.1214322482852 17.1763150665225 11.4795963833606 5.93300124467864 9.2175520406455 10.4007421860891 11.3185937477795 10.2675195055112 9.45664062406315 11.5739908602424 14.593287779036 17.011067703945 20.4586262569336 23.4070963325187 24.5732096194334 26.4060351417705 26.8127343298196 26.7941145739407 26.9754818163782 27.1729881999233 27.1956445083438 27.2293749296079 27.1809569045228 27.5949023113465 28.1023828510437 28.1407356870941 27.9489192419199 27.7588411200855 27.58286451963 27.4404036594975 26.7718098990034 26.521966092008 25.8140950171633
-9999 -9999 -9999 -9999 -9999 -9999 -9999 -9999 -9999 -9999 -9999 -9999 -9999 -9999 -9999 -9999 -9999 -9999 -9999 -9999 -9999 -9999 -9999 -9999 -9999 -9999 -9999 -9999 -9999 -9999 18.7105469136086 17.8782226519495 13.1365820616527 6.49244137320816 8.8282226741036 10.5483593376005 11.5029882804649 10.7832422058794 11.9894335815923 14.4009309994846 14.819466119605 15.6305989663254 21.0233724516781 23.3557617462604 24.4907811766838 26.0135872808251 26.379485709279 26.588183545445 26.8306835916137 27.0792838857479 27.164381558047 27.3238997495669 27.4828060231267 27.8033529247222 28.1324739445599 28.0595703015017 27.5173437148826 26.7778646950723 26.8980599014198 26.6281184876517 26.485950496224 26.2273046853194 25.5501953314325
-9999 -9999 -9999 -9999 -9999 -9999 -9999 -9999 -9999 -9999 -9999 -9999 -9999 -9999 -9999 -9999 -9999 -9999 -9999 -9999 -9999 -9999 -9999 -9999 -9999 -9999 -9999 -9999 -9999 -9999 18.8211197785857 18.3530077974192 15.6115820527452 6.60775390346488 7.50699219311271 9.80810543705796 11.2222851841462 11.8078125244841 11.5912890380224 15.3600911276444 16.4496419540504 17.8346810006323 22.5586653801694 23.481660129597 24.5478320054031 25.79587244556 26.0987826208718 26.2992773325425 26.6045898524284 27.0018619578744 27.2588736823377 27.4094466249935 27.5318489670757 27.7143098439912 27.868118441617 27.78626941173 27.2404100973628 25.7786067475609 26.2861652714215 26.1287435333148 26.0759310224617 25.6106250277135 25.4622070777833
-9999 -9999 -9999 -9999 -9999 -9999 -9999 -9999 -9999 -9999 -9999 -9999 -9999 -9999 -9999 -9999 -9999 -9999 -9999 -9999 -9999 -9999 -9999 -9999 -9999 -9999 -9999 -9999 -9999 -9999 19.4569271080425 18.8674478948198 17.0841861967043 7.24891925671761 7.28667315000861 7.96205730344297 10.1847526176334 10.7489193082116 10.4497395882311 13.7787760216707 16.4095181998636 17.4162239534341 21.260520810136 24.1094271035773 25.2546810093205 25.7367382577321 25.9359374724961 25.9751953800752 26.3649804574343 26.9737109852116 27.3057031289646 27.3877408268893 27.4274087630532 27.5029557300093 27.5495377359553 27.4295572567105 26.6153776597592 25.3534178782312 25.9337108857561 25.6192578015051 25.0810937158936 25.4918619348595 25.5208854332209
-9999 -9999 -9999 -9999 -9999 -9999 -9999 -9999 -9999 -9999 -9999 -9999 -9999 -9999 -9999 -9999 -9999 -9999 -9999 -9999 -9999 -9999 -9999 -9999 -9999 -9999 -9999 -9999 -9999 -9999 18.2997785911758 17.5631705856709 16.0991862200216 8.7261849077772 6.44462243333525 5.5727799473782 8.3088737113891 8.2113411757671 10.489934896269 13.5447330522745 13.5070572836807 17.8953841128924 20.8071615281132 22.662473880218 24.9655403994988 25.5474609816516 25.6248437119909 25.8241015412985 26.3313672002136 27.0439647820124 27.3510546994281 27.2928190220161 27.1893425089583 27.1925650993022 27.2320573506377 27.1037565732904 26.2338541390867 25.5186523060888 25.6089257874467 24.6967773564975 25.1632617197611 25.6248893265924 25.7003775138224
