2050_A1B_MR/TMIN.asc
NCOLS 720 
NROWS 360 
XLLCORNER -180 
YLLCORNER -90 
CELLSIZE 0.5 
NODATA_value -9999 
[rows 84 to 111 of 360, columns 189 to 251 of 720]
-16.0917189004987 -17.3017185656621 -18.6390624364392 -19.3720308858799 -19.6659374251683 -19.7918752741564 -20.0093753349925 -20.3595309267813 -20.5292184660089 -20.4262499523132 -19.8806251599997 -19.1101562397697 -19.0098437682291 -19.3970317543679 -19.4579687715112 -19.8951562649816 -20.0376559505445 -19.6248438070261 -19.2728121884826 -19.1529687354962 -19.1112500146605 -19.208280952012 -19.1440624307004 -18.819687963391 -18.074843526775 -17.4134375758821 -17.2545308183358 -17.3803123541354 -17.8865624976455 -17.1031250673268 -15.3232812617882 -14.273593992267 -14.8342187089528 -15.1475000219344 -15.6434375199384 -15.7826561632777 -15.5707811862088 -14.9151561995522 -14.13703131586 -12.484218820253 -11.9310937219797 -11.6293750999391 -9999 -9999 -9999 -9999 -9999 -9999 -9999 -9999 -9999 -9999 -8.01578125477951 -8.37812508789553 -8.3406248986721 -8.17953127681071 -8.12843738670504 -8.44687503724469 -8.32546882536936 -8.00354166759255 -7.42119794010571 -6.87421868159616 -6.30343750319637
-13.4109375357513 -14.6453122679275 -16.7645313316355 -17.8668749646986 -18.2887499647902 -18.5248435455512 -18.8393746629638 -19.3432810915956 -19.5228126063286 -19.0579688569012 -18.3885939141478 -17.8182813538386 -17.7756248427866 -18.8476558935381 -19.1504688865606 -19.2918748862876 -19.2951563902525 -19.0365622345363 -18.6662497526467 -18.2318749141289 -17.8948436392292 -18.1104688061658 -18.3528128274427 -18.0476562986228 -17.447656512833 -16.6118751477137 -16.2771874082274 -16.3762502537026 -16.1498437403046 -15.0204687149406 -13.6765624586716 -14.5970312495719 -15.6526563016565 -16.0329686097737 -15.4432813378162 -15.2515625068962 -15.2084375032414 -15.4143748430522 -14.5715625880993 -12.9885936970495 -12.3178125169865 -11.7746877670484 -9999 -9999 -9999 -9999 -9999 -7.83687508104923 -9999 -9999 -9999 -9999 -9999 -9999 -9999 -9999 -7.38124990463258 -7.81124997138977 -7.44375014305114 -5.549166618705 -5.82604172532261 -6.17437493801116 -5.17187511984186
-11.4801563031171 -12.4006249318034 -14.6623437281102 -15.97874985937 -16.3420313329822 -16.6231250347253 -17.2226565063141 -17.5418751865778 -17.4242191946543 -16.811249914724 -16.4976562287084 -16.2551560421367 -16.2692185504178 -17.2140627518438 -18.1989066015714 -18.3609376861524 -18.2737499792572 -18.3607813436448 -17.9042184961907 -17.2496874936856 -17.1339060075565 -17.3910938517783 -17.5050001155642 -17.222500190966 -16.5081250236777 -15.3970312942078 -14.6976561563382 -14.0639062829647 -13.2815625065887 -13.1471874847344 -14.0973437125891 -14.6404686267235 -15.609843731141 -16.113281503741 -15.3304688328685 -14.2940626737473 -14.6259375369096 -14.6529688106075 -13.7276561865402 -12.9815625401201 -12.3295312528011 -11.4121874874551 -10.3943750862182 -9.5324998696645 -8.85749991734822 -8.45625007152557 -8.32125020027161 -9999 -9999 -8.79828120437319 -8.4256249043286 -9999 -9999 -9999 -9999 -9999 -9999 -9999 -5.05999994277954 -4.94374996423722 -5.20999997854233 -9999 -4.48000001907349
-10.8637500710982 -11.6253123887971 -12.7381249238341 -13.3181251169994 -13.2792187373028 -13.5626562873425 -14.315468627983 -14.68015624947 -14.6117186575775 -14.4135938164003 -14.4937500229603 -14.5939062852872 -15.1381251080306 -16.157500074261 -17.1310935332277 -16.8642186096382 -16.5168751350866 -16.6742189100108 -16.7084374144524 -16.3370311422021 -16.1692185565865 -15.9014062303553 -16.136250080729 -15.7234375354309 -14.6167187569347 -13.9654687508368 -13.8792186977424 -13.992187544093 -14.0999998734963 -13.763593673831 -14.5112500930753 -15.0046874430215 -15.2596874243035 -15.4978125701473 -15.2662501789435 -14.2331249867298 -13.6368749308129 -13.1557811964415 -12.7746875746107 -12.4345313321453 -11.7557812193231 -10.8000001021795 -9.86562496507582 -9.38250004286559 -8.85374986132855 -8.49437494567142 -8.32562524079263 -9999 -8.6270313707465 -8.55968740471636 -7.46843750562354 -6.92999982833862 -9999 -9999 -9999 -9999 -9999 -9999 -9999 -9999 -9999 -9999 -9999
-9.92000004702934 -10.7784374805538 -11.4248436844947 -11.5362500411406 -11.3628126398591 -11.5801562388243 -11.9575000881053 -11.837187472208 -11.9154687700097 -12.3735938243473 -13.1137499379056 -13.9173437964714 -14.8712499750792 -15.7218748788469 -16.1132815940916 -15.4725001465888 -14.5748436904942 -14.6962499486431 -15.0407811726048 -14.7457812159537 -14.3295311213775 -13.9765625327446 -13.7084374307946 -12.9982813022523 -12.8904686584662 -13.2832812673257 -13.8467186985373 -14.3039060980851 -14.1989062420398 -14.2339063578723 -15.0185937581723 -15.0906249732993 -14.968281329141 -14.4256249384235 -14.0370313239871 -13.368437440528 -12.1384375415484 -11.1589062982101 -10.5040625357224 -10.7885938610487 -10.9146875897888 -10.0968749390543 -9.32015620180154 -9.2079685772681 -9.09640620564338 -8.87140628637706 -8.79218742246843 -8.48625005815474 -8.10703119728272 -7.55171868277162 -7.17859359849373 -6.73999977111816 -9999 -9999 -9999 -9999 -9999 -9999 -9999 -9999 -9999 -9999 -9999
-9.74093738185947 -10.950937628125 -11.3906249100175 -10.8621874902199 -10.1993748854792 -10.0665625349387 -9.82796873357277 -9.4864061944133 -9.7671874336942 -10.5450000633922 -11.500312658209 -12.5748437364318 -13.6285938040176 -14.3864063641048 -14.7398438620765 -14.3189061895226 -13.9767188585714 -13.6950001424822 -13.4221874339126 -12.7887499646593 -12.5131250034791 -12.2506250004512 -12.0218749950219 -11.7996873861455 -11.9492186166155 -12.8459376547504 -13.7229687725417 -14.4989063138461 -15.0239062596307 -14.9773437518713 -14.8240625268471 -14.6218749294352 -13.9524999875774 -13.0835938170614 -12.8693750365949 -12.1492187693733 -10.1106248522717 -8.89156237536936 -8.52921873552968 -9.00875005280499 -8.96187496538435 -8.55234378769183 -8.59781259456932 -8.81593744594603 -8.92656256382041 -8.79781259670998 -8.29859379797433 -7.88437496230859 -7.36312495251219 -7.23999994993209 -9999 -9999 -9999 -9999 -9999 -9999 -9999 -9999 -9999 -9999 -9999 -9999 -9999
-10.2654687304742 -11.512812629625 -11.8226562291589 -10.9056249408575 -9.58656247005726 -9.10078127749475 -8.67328132771813 -8.35062496454381 -8.54703117244804 -9.22562500849582 -9.96250002158288 -10.6235938980278 -11.7317187809176 -12.507031174776 -12.855312617976 -12.7226561778858 -12.576875033305 -12.3909375687201 -12.0754687057467 -11.850468934607 -12.1898436991687 -12.4093751142251 -12.8734374628228 -12.4709373711438 -11.5306250308648 -12.7476563306898 -13.6246875379072 -14.5707812321477 -14.7549999965402 -14.4175000061849 -13.5006249873057 -12.6549999743611 -12.0414064404701 -10.9082811645525 -10.9715623879798 -10.5303124059433 -8.87656256587821 -7.50999999046326 -9999 -6.27421872387434 -7.09593748430186 -7.7637499962681 -7.89453134871358 -7.98281236880273 -7.85625005544957 -7.74749991297722 -7.41374987363815 -9999 -9999 -9999 -9999 -9999 -9999 -9999 -9999 -9999 -9999 -9999 -9999 -9999 -9999 -9999 -9999
-10.6428125353456 -10.935312510582 -11.1101562396965 -10.3721873475798 -9.14875005240773 -8.65687496995074 -8.09015630237002 -7.76328124895922 -8.1523437575314 -9.27249982927213 -10.036093800371 -9.56375011905595 -10.040468917882 -10.5696875623967 -10.8898437641008 -10.6864061974578 -10.6235936901953 -10.5768751226125 -10.5876562166144 -11.1829689001195 -12.6473436644768 -13.5943748794706 -13.6506249155825 -13.0990626202595 -11.5062498297173 -12.7996874746234 -13.0889062741219 -13.5915625552725 -13.8559375263907 -12.6892187167976 -11.1114063587912 -10.1556249437714 -9.74734378117368 -9.11609360770961 -9.34390622509969 -9.70249986648558 -9999 -9999 -5.08687499226308 -5.45249999433938 -5.87906244548234 -6.29046876874541 -6.57593754051789 -7.36500000953674 -9999 -9999 -9999 -9999 -9999 -9999 -9999 -9999 -9999 -9999 -9999 -9999 -9999 -9999 -9999 -9999 -9999 -9999 -9999
-9.63999995736364 -9.39875009825426 -9.07624989204677 -8.88843739200284 -8.77546882683699 -8.52203130018602 -7.71156248498669 -7.45968755374405 -8.31749997305195 -9.22984378125112 -9.43843756797849 -8.43406254292056 -7.60765631008532 -7.58718749330801 -8.01046882005928 -8.41359378599307 -8.69062496213692 -8.61937491815115 -9.14062504625198 -11.3879688096223 -12.8443750006428 -13.6875001351213 -13.0589061687596 -12.1303125780836 -11.3770311627973 -12.6820312002942 -12.4050000469279 -12.5845311745714 -12.3857814986634 -11.1931249971217 -9.36546875694409 -8.66875004768372 -8.49624967575073 -9999 -9999 -9999 -9999 -9999 -4.3199999332428 -4.18921876802933 -4.63874995738146 -5.18999989827474 -9999 -9999 -9999 -9999 -9999 -9999 -9999 -9999 -9999 -9999 -9999 -9999 -9999 -9999 -9999 -9999 -9999 -9999 -9999 -9999 -9999
-8.53468748288301 -8.49593749679932 -8.16078101851858 -7.9710938338747 -8.19984379488333 -7.88546875968469 -7.20015624234324 -7.1803125741523 -8.08312508500347 -8.38796875733485 -7.86812506794258 -6.90171881132427 -6.34953123362942 -6.59671878101727 -7.19718743866088 -7.16999991321394 -7.14046881466263 -7.17796875647514 -7.91578131294962 -9.45953120612 -10.738749999412 -11.6507813072983 -11.4046875117159 -10.8220312017361 -11.1360936911277 -11.9273436822262 -11.4562498789523 -10.8909375095714 -10.4067188527704 -8.92765627326901 -8.53296865555807 -9999 -9999 -9999 -9999 -9999 -9999 -9999 -9999 -3.73500001430512 -9999 -9999 -9999 -9999 -9999 -9999 -9999 -9999 -9999 -9999 -9999 -9999 -9999 -9999 -9999 -9999 -9999 -9999 -9999 -9999 -9999 -9999 -9999
-8.08843746064779 -8.38578122887539 -8.10781242002423 -7.76796880400081 -7.37890629624888 -6.59343750181664 -6.42843756950891 -6.77874999585893 -7.41906253380182 -7.38093748830278 -6.82453131062926 -6.36515624164697 -6.44953115980558 -7.38468739899179 -8.49656250126271 -7.90765619809998 -7.73843750931117 -7.23703110817349 -8.20734375732071 -9.49249997845548 -10.1923436530163 -10.1518748099517 -9.79843744548405 -9.18593743458269 -10.3784375050655 -11.0278124677453 -10.712343738795 -9.50546878719465 -8.04015625513577 -6.77385419250753 -9999 -9999 -9999 -9999 -9999 -9999 -9999 -9999 -9999 -9999 -9999 -9999 -9999 -9999 -9999 -9999 -9999 -9999 -9999 -9999 -9999 -9999 -9999 -9999 -9999 -9999 -9999 -9999 -9999 -9999 -9999 -9999 -9999
-7.75374992239673 -7.89218749185234 -7.69859373613843 -7.31234374710666 -6.37484379187428 -5.82609382295173 -5.64703120343497 -5.98468756019372 -6.4393750065816 -6.47859373753145 -6.04734372392802 -6.64781258847467 -7.55625002627725 -9.00140620635222 -9.64078122317651 -9.31249989461453 -8.67218746948283 -8.23171880014863 -8.11921870711778 -8.68437498881869 -9.98609362513025 -10.569062470943 -10.1565624625025 -8.81328132818824 -9.7512499546431 -9.24328114327587 -9.17250015061727 -8.36500008521391 -6.56640631796688 -5.43322924137925 -9999 -9999 -9999 -9999 -9999 -9999 -9999 -9999 -9999 -9999 -9999 -9999 -9999 -9999 -9999 -9999 -9999 -9999 -9999 -9999 -9999 -9999 -9999 -9999 -9999 -9999 -9999 -9999 -9999 -9999 -9999 -9999 -9999
-7.72062494604073 -7.75656256089273 -7.45937500906868 -6.89937505132398 -6.33406250898913 -5.81328118569355 -5.51796858735229 -5.5493749453423 -6.24921870856909 -6.84046872662665 -7.31812493460857 -7.91812510023759 -8.4314061847099 -9.24531255756515 -9.22843726118198 -9.00859373213557 -8.38421881262558 -8.30203140558047 -8.01984388343805 -8.50874997801279 -9.60656252586376 -9.55218748196296 -7.90453127228249 -7.78546869212067 -8.24671878996008 -6.86484387785862 -7.24078128792237 -6.66046881625406 -5.10140626000901 -4.35239584695644 -3.65208334257836 -2.96000003814697 -9999 -9999 -9999 -9999 -9999 -9999 -9999 -9999 -9999 -9999 -9999 -9999 -9999 -9999 -9999 -9999 -9999 -9999 -9999 -9999 -9999 -9999 -9999 -9999 -9999 -9999 -9999 -9999 -9999 -9999 -9999
-7.42906247892339 -7.5732812735662 -7.4167187213589 -6.88718749579148 -6.44703125207871 -6.23374994771819 -6.11703123038684 -5.95859371789756 -6.48546873098934 -6.65718739563868 -7.22062500630534 -7.73765633315809 -8.27765617586568 -8.31390626846151 -8.1592186029245 -7.68531248123521 -7.3210937324071 -7.14468743138875 -7.51921880396247 -8.06484373634098 -8.75062499306886 -8.22234371413824 -6.65624999337112 -5.56734375212351 -5.48718747793572 -4.71734370510534 -4.56874993000436 -5.24437509477137 -4.04250003397464 -3.47333337863287 -2.62583329280216 -9999 -9999 -9999 -9999 -9999 -9999 -9999 -9999 -9999 -9999 -9999 -9999 -9999 -9999 -9999 -9999 -9999 -9999 -9999 -9999 -9999 -9999 -9999 -9999 -9999 -9999 -9999 -9999 -9999 -9999 -9999 -9999
-7.02093746483598 -7.1104688274865 -7.17187500784148 -6.81453122906143 -6.53890626827303 -6.96671873267019 -6.90578129094404 -6.16375003736397 -6.20734375738306 -6.4042187263668 -6.35406258047084 -7.01218748222031 -7.44062488637002 -7.6693750178462 -7.1725000237824 -6.37156244501414 -6.33968743087472 -6.13015615308376 -6.87312503345997 -6.66609376867458 -6.21843748739171 -6.50624998237176 -4.56000001545504 -2.6259375192641 -3.00937495421005 -3.15999999642372 -3.34375008940697 -9999 -9999 -9999 -9999 -9999 -9999 -9999 -9999 -9999 -9999 -9999 -9999 -9999 -9999 -9999 -9999 -9999 -9999 -9999 -9999 -9999 -9999 -9999 -9999 -9999 -9999 -9999 -9999 -9999 -9999 -9999 -9999 -9999 -9999 -9999 -9999
-7.14984382689317 -6.98859371987738 -6.57187495477314 -6.7264062469972 -6.50703123269208 -6.74687502646833 -6.68453116813007 -5.96265626762864 -6.08921875808373 -6.03999991001697 -5.97156249728599 -6.00906247743353 -7.23484370793346 -7.22500006153995 -6.02499999908229 -5.56671877998661 -5.22265629572641 -4.8340625333904 -5.37734376790818 -5.19937504216481 -4.43671872670645 -4.12312499650001 -3.67875000472112 -1.95000000298023 -9999 -9999 -9999 -9999 -9999 -9999 -9999 -9999 -9999 -9999 -9999 -9999 -9999 -9999 -9999 -9999 -9999 -9999 -9999 -9999 -9999 -9999 -9999 -9999 -9999 -9999 -9999 -9999 -9999 -9999 -9999 -9999 -9999 -9999 -9999 -9999 -9999 -9999 -9999
-6.47656257571386 -6.51390618969178 -5.5285936895132 -5.67984373983134 -5.57625005493657 -5.74343752129718 -6.18828117143746 -5.4634374684757 -5.78968756030551 -5.86890623794559 -5.68796870915129 -5.88578122783044 -7.45843751033196 -6.52031254191931 -5.55749997557959 -4.97812505163716 -4.76718748401704 -4.47124999863557 -4.24484374193408 -3.66984377591477 -2.93859371199703 -3.30015624419378 -3.1951562439964 -9999 -9999 -9999 -9999 -9999 -9999 -9999 -9999 -9999 -9999 -9999 -9999 -9999 -9999 -9999 -9999 -9999 -9999 -9999 -9999 -9999 -9999 -9999 -9999 -9999 -9999 -9999 -9999 -9999 -9999 -9999 -9999 -9999 -9999 -9999 -9999 -9999 -9999 -9999 -9999
-5.41109369069523 -5.18781250875926 -5.19953121288084 -5.03531246662107 -5.02031254794341 -5.51328132339679 -5.66984369681259 -4.94546875408193 -4.98062500410411 -5.27593757269801 -5.41421879087035 -6.33999995856035 -6.84390625446408 -5.93156252020679 -5.20499999839342 -4.26468758348595 -3.92156254277314 -3.10953126307587 -2.49500000679523 -2.53031244968376 -2.50078127230025 -2.31765625369969 -2.5281250590665 -9999 -9999 -9999 -9999 -9999 -9999 -9999 -9999 -9999 -9999 -9999 -9999 -9999 -9999 -9999 -9999 -9999 -9999 -9999 -9999 -9999 -9999 -9999 -9999 -9999 -9999 -9999 -9999 -9999 -9999 -9999 -9999 -9999 -9999 -9999 -9999 -9999 -9999 -9999 -9999
-4.2684374832278 -4.45765627623422 -4.97187498278019 -4.98062501135132 -4.82406243675798 -4.74499995333909 -4.69859373656821 -4.50765629983247 -4.72562504263076 -5.1015624918099 -6.26734371336368 -6.99359377423553 -6.11703123913641 -5.42171879270424 -4.98578120543764 -3.73281247649814 -2.70578125044928 -2.13848956574632 -1.56708334093743 -1.88734375409106 -1.76031252446609 -1.69000005722046 -9999 -9999 -9999 -9999 -9999 -9999 -9999 -9999 -9999 -9999 -9999 -9999 -9999 -9999 -9999 -9999 -9999 -9999 -9999 -9999 -9999 -9999 -9999 -9999 -9999 -9999 -9999 -9999 -9999 -9999 -9999 -9999 -9999 -9999 -9999 -9999 -9999 -9999 -9999 -9999 -9999
-3.76546878772046 -3.66875000772316 -4.15343745915406 -4.49687507079658 -4.84937497973863 -4.59218748620838 -4.28703124826337 -4.08953124998369 -4.57187494221844 -6.00953130294192 -6.89265624440169 -6.18640626452859 -5.07359375277323 -3.96624997799759 -3.24906249213403 -2.9401562444364 -2.10718751721229 -1.42927082607557 -0.956302074356414 -1.03703125195303 -0.943750001618478 -9999 -9999 -9999 -9999 -9999 -9999 -9999 -9999 -9999 -9999 -9999 -9999 -9999 -9999 -9999 -9999 -9999 -9999 -9999 -9999 -9999 -9999 -9999 -9999 -9999 -9999 -9999 -9999 -9999 -9999 -9999 -9999 -9999 -9999 -9999 -9999 -9999 -9999 -9999 -9999 -9999 -9999
-3.48546873403583 -3.30875000326575 -3.48499999166803 -4.20906252048384 -4.44062501280216 -4.40203125872949 -4.08140621760871 -4.52312500078481 -5.05093746671574 -5.57015624815156 -5.28468746861264 -3.808125010193 -3.72703125957905 -2.94718751720968 -2.57593749075293 -2.54374999039911 -1.90437499704786 -1.17718748487063 -0.419218752579584 -0.0137500017974283 0.0906249986480049 -9999 -9999 -9999 -9999 -9999 -9999 -9999 -9999 -9999 -9999 -9999 -9999 -9999 -9999 -9999 -9999 -9999 -9999 -9999 -9999 -9999 -9999 -9999 -9999 -9999 -9999 -9999 -9999 -9999 -9999 -9999 -9999 -9999 -9999 -9999 -9999 -9999 -9999 -9999 -9999 -9999 -9999
-3.24078125563277 -3.3654687667235 -3.58531249693148 -4.06609375054823 -3.92078126622586 -3.81515622544693 -3.84609375147651 -4.40359376349027 -4.83437503883515 -4.57406247457239 -3.85968748629369 -2.19703122545407 -2.29031249199594 -2.7578125186788 -2.69031250466996 -2.21703127240145 -1.37234375660082 -0.542968760665594 0.11093750051365 0.555624994116813 -9999 -9999 -9999 -9999 -9999 -9999 -9999 -9999 -9999 -9999 -9999 -9999 -9999 -9999 -9999 -9999 -9999 -9999 -9999 -9999 -9999 -9999 -9999 -9999 -9999 -9999 -9999 -9999 -9999 -9999 -9999 -9999 -9999 -9999 -9999 -9999 -9999 -9999 -9999 -9999 -9999 -9999 -9999
-2.97125002034783 -3.30531249921382 -3.29218748930383 -3.524531219935 -3.62250007839438 -3.35187495670764 -3.38562499076149 -4.25109376343707 -4.65703120125137 -4.12156252389175 -3.10578128142552 -2.12562499113544 -2.11203124292672 -2.25531254049167 -2.25156250524074 -1.81312497165706 -1.17562498969608 -0.105625003037745 1.40703124088454 1.79781251004988 -9999 -9999 -9999 -9999 -9999 -9999 -9999 -9999 -9999 -9999 -9999 -9999 -9999 -9999 -9999 -9999 -9999 -9999 -9999 -9999 -9999 -9999 -9999 -9999 -9999 -9999 -9999 -9999 -9999 -9999 -9999 -9999 -9999 -9999 -9999 -9999 -9999 -9999 -9999 -9999 -9999 -9999 -9999
-2.72093751299223 -3.14312500934214 -2.95562499862914 -2.5312499790786 -2.50265625590674 -2.78656247958417 -3.87078123342546 -4.28718742389689 -3.33046873911498 -2.39281249046254 -1.37843749678359 -1.13000000478533 -1.39484374186949 -1.37593749648363 -1.22593749149202 -0.761250005389988 -0.497812502988638 0.442812497802048 1.57109373770273 2.22062493434398 -9999 -9999 -9999 -9999 -9999 -9999 -9999 -9999 -9999 -9999 -9999 -9999 -9999 -9999 -9999 -9999 -9999 -9999 -9999 -9999 -9999 -9999 -9999 -9999 -9999 -9999 -9999 -9999 -9999 -9999 -9999 -9999 -9999 -9999 -9999 -9999 -9999 -9999 -9999 -9999 -9999 -9999 -9999
-2.23437496144207 -2.38437496812244 -1.88796873718365 -2.46656248792455 -3.54187501386358 -3.68218753487496 -3.62593745473572 -1.90562500318773 -1.34078123987196 -1.29390626332522 -0.583281254935566 -0.503593747010723 -0.652187499798602 -0.192500004832443 0.00531249693851565 0.245624997822432 0.446249994099027 1.12296875103935 2.01734372529859 2.945156190148 -9999 -9999 -9999 -9999 -9999 -9999 -9999 -9999 -9999 -9999 -9999 -9999 -9999 -9999 -9999 -9999 -9999 -9999 -9999 -9999 -9999 -9999 -9999 -9999 -9999 -9999 -9999 -9999 -9999 -9999 -9999 -9999 -9999 -9999 -9999 -9999 -9999 -9999 -9999 -9999 -9999 -9999 -9999
-1.39718751180301 -1.59265626828549 -2.59250000194185 -3.78187497711866 -3.86015623199989 -2.81406251183499 -0.999999985931227 -0.61281250211903 -0.316562498550733 -0.143593749236597 -0.0629687509520302 -0.0221875022868762 0.234218746407179 0.525624997220458 0.879531261147045 1.22718747613241 1.52062500615118 2.06281247616467 2.44953123269005 -9999 -9999 -9999 -9999 -9999 -9999 -9999 -9999 -9999 -9999 -9999 -9999 -9999 -9999 -9999 -9999 -9999 -9999 -9999 -9999 -9999 -9999 -9999 -9999 -9999 -9999 -9999 -9999 -9999 -9999 -9999 -9999 -9999 -9999 -9999 -9999 -9999 -9999 -9999 -9999 -9999 -9999 -9999 -9999
-1.08062499054646 -1.25531248933637 -2.20968749401917 -2.24375004211197 -0.950000035372058 0.41171874903712 0.671875000370354 0.226718748564617 0.184062495986075 0.456718745224692 0.588437505025213 0.729218753300765 0.558593750451672 0.787343737558446 1.28609374197857 1.89656250386695 2.37703128778926 2.91937500735124 -9999 -9999 -9999 -9999 -9999 -9999 -9999 -9999 -9999 -9999 -9999 -9999 -9999 -9999 -9999 -9999 -9999 -9999 -9999 -9999 -9999 -9999 -9999 -9999 -9999 -9999 -9999 -9999 -9999 -9999 -9999 -9999 -9999 -9999 -9999 -9999 -9999 -9999 -9999 -9999 -9999 -9999 -9999 -9999 -9999
-0.310000001898838 -0.424687494795325 -0.374999998126907 0.224218753948838 0.613749994671775 0.775468753542242 0.83031250138482 0.792031232859299 1.02640624791599 1.27890621567986 1.39796873356734 1.60859374064099 1.26500000510472 1.27015624565582 1.89687500447523 2.5945312686073 2.66250004371007 -9999 -9999 -9999 -9999 -9999 -9999 -9999 -9999 -9999 -9999 -9999 -9999 -9999 -9999 -9999 -9999 -9999 -9999 -9999 -9999 -9999 -9999 -9999 -9999 -9999 -9999 -9999 -9999 -9999 -9999 -9999 -9999 -9999 -9999 -9999 -9999 -9999 -9999 -9999 -9999 -9999 -9999 -9999 -9999 -9999 -9999
