2050_A1B_MR/TSD.asc
NCOLS 720 
NROWS 360 
XLLCORNER -180 
YLLCORNER -90 
CELLSIZE 0.5 
NODATA_value -9999 
[rows 28 to 55 of 360, columns 63 to 125 of 720]
-9999 -9999 -9999 -9999 -9999 -9999 -9999 -9999 -9999 -9999 -9999 -9999 -9999 -9999 -9999 -9999 -9999 -9999 -9999 -9999 -9999 -9999 -9999 -9999 -9999 -9999 -9999 -9999 -9999 -9999 -9999 -9999 -9999 -9999 -9999 -9999 -9999 -9999 -9999 -9999 -9999 -9999 -9999 -9999 -9999 -9999 -9999 -9999 -9999 -9999 -9999 -9999 12.5212520759416 -9999 12.5362020533917 12.5480975369845 12.5617651923294 12.579531634094 12.6165643526601 12.6272239949688 12.6522633738968 12.6812708623618 12.6362762270606
-9999 -9999 -9999 -9999 -9999 -9999 -9999 -9999 -9999 -9999 -9999 -9999 -9999 -9999 -9999 -9999 -9999 -9999 -9999 -9999 -9999 -9999 -9999 -9999 -9999 -9999 -9999 -9999 -9999 -9999 -9999 -9999 -9999 -9999 -9999 -9999 -9999 -9999 -9999 -9999 -9999 -9999 -9999 -9999 -9999 -9999 -9999 -9999 -9999 -9999 -9999 -9999 -9999 -9999 -9999 -9999 -9999 -9999 -9999 12.6207510690535 12.6570695440544 12.6343118297922 12.6129336223043
-9999 -9999 -9999 -9999 -9999 -9999 -9999 -9999 -9999 -9999 -9999 -9999 -9999 -9999 -9999 -9999 -9999 -9999 -9999 -9999 -9999 -9999 -9999 -9999 -9999 -9999 -9999 -9999 -9999 -9999 -9999 -9999 -9999 -9999 -9999 -9999 -9999 -9999 -9999 -9999 -9999 -9999 -9999 -9999 -9999 -9999 -9999 -9999 12.2826798427359 12.2518740173943 12.2285884845542 12.222020524022 12.2415818949644 12.2654193237539 12.275330005586 -9999 -9999 -9999 -9999 -9999 -9999 -9999 -9999
-9999 -9999 -9999 -9999 -9999 -9999 -9999 -9999 -9999 -9999 -9999 -9999 -9999 -9999 -9999 -9999 -9999 -9999 -9999 -9999 -9999 -9999 -9999 -9999 -9999 -9999 -9999 -9999 -9999 -9999 -9999 -9999 -9999 -9999 -9999 -9999 -9999 -9999 -9999 -9999 -9999 -9999 -9999 -9999 -9999 -9999 -9999 12.2857486198216 12.2695740663512 12.2233427817189 12.1950282013576 12.185973950258 12.1885371865123 12.2056304902664 12.2420864516024 12.2909546800553 12.3473075346706 12.4049431328263 12.4459337143475 12.5228163763507 12.5074075716306 12.5078977437248 12.5435699636728
-9999 -9999 -9999 -9999 -9999 -9999 -9999 -9999 -9999 -9999 -9999 -9999 -9999 -9999 -9999 -9999 -9999 -9999 -9999 -9999 -9999 -9999 -9999 -9999 -9999 -9999 -9999 -9999 -9999 -9999 -9999 -9999 -9999 -9999 -9999 -9999 -9999 -9999 -9999 -9999 -9999 -9999 -9999 -9999 -9999 -9999 -9999 -9999 12.2094912095506 12.1768860833081 12.1381846430083 12.122756526562 12.1298064087619 12.1496320376064 12.1749758773913 12.2194075976621 12.2831508231059 12.3539590608005 12.3930442581382 12.4003286445991 12.4510961769843 12.4821443621865 12.5580588337618
-9999 -9999 -9999 -9999 -9999 -9999 -9999 -9999 -9999 -9999 -9999 -9999 -9999 -9999 -9999 -9999 -9999 -9999 -9999 -9999 -9999 -9999 -9999 -9999 -9999 -9999 -9999 -9999 -9999 -9999 -9999 -9999 -9999 -9999 -9999 -9999 -9999 -9999 -9999 -9999 -9999 -9999 -9999 -9999 -9999 -9999 -9999 12.1919637850606 12.1434759391519 12.0841789206326 12.0591212798287 12.053979800615 12.0605735170107 12.0886892046568 12.0997525467704 12.1351334160955 12.2108393623144 12.3040239891336 12.3628375880972 12.4321343908192 12.4913439517097 12.5461613274363 12.617515023465
-9999 -9999 -9999 -9999 -9999 -9999 -9999 -9999 -9999 -9999 -9999 -9999 -9999 -9999 -9999 -9999 -9999 -9999 -9999 -9999 -9999 -9999 -9999 -9999 -9999 -9999 -9999 -9999 -9999 -9999 -9999 -9999 -9999 -9999 -9999 -9999 -9999 -9999 -9999 -9999 -9999 -9999 -9999 -9999 -9999 -9999 12.163787052557 12.1418271105855 12.0750318165785 12.0124274232457 11.9790088241024 11.9758890364481 11.9725871053098 12.0064148751829 12.0535301120617 12.0952528929694 12.1678861784031 12.2534349944524 12.3341996782371 12.45184087094 12.5229372568202 12.6153796939932 12.6561160192211
-9999 -9999 -9999 -9999 -9999 -9999 -9999 -9999 -9999 -9999 -9999 -9999 -9999 -9999 -9999 -9999 -9999 -9999 -9999 -9999 -9999 -9999 -9999 -9999 -9999 -9999 -9999 -9999 -9999 -9999 -9999 -9999 -9999 -9999 -9999 -9999 -9999 -9999 -9999 -9999 -9999 -9999 -9999 -9999 -9999 12.2077412420612 12.1412659349149 12.0493604428077 11.981601816617 11.9298643396243 11.8974471655124 11.889190506271 11.9052949326281 11.9308737220125 11.9684228822748 12.0224204897037 12.1283845141005 12.2131700373267 12.3542152655277 12.4875300254193 12.5434190896964 12.6162187755399 12.6576329633921
-9999 -9999 -9999 -9999 -9999 -9999 -9999 -9999 -9999 -9999 -9999 -9999 -9999 -9999 -9999 -9999 -9999 -9999 -9999 -9999 -9999 -9999 -9999 -9999 -9999 -9999 -9999 -9999 -9999 -9999 -9999 -9999 -9999 -9999 -9999 -9999 -9999 -9999 -9999 -9999 -9999 -9999 -9999 -9999 -9999 -9999 12.1125478765566 12.0434689602001 11.94250635487 11.8771961927524 11.8307532185298 11.8073099991928 11.7984384107807 11.8438301118118 11.8791170212613 11.9299104374935 11.9937870751983 -9999 12.4166988780171 12.4344391424277 12.5193350495252 12.5996483918508 12.6330009708918
-9999 -9999 -9999 -9999 -9999 -9999 -9999 -9999 -9999 -9999 -9999 -9999 -9999 -9999 -9999 -9999 -9999 -9999 -9999 -9999 -9999 -9999 -9999 -9999 -9999 -9999 -9999 -9999 -9999 -9999 -9999 -9999 -9999 -9999 -9999 -9999 -9999 -9999 -9999 -9999 -9999 -9999 -9999 -9999 -9999 -9999 -9999 -9999 -9999 11.8769742027377 11.7631094346315 11.7568896836728 11.7904304045135 11.8659615872437 11.8703458228162 11.9108018696309 -9999 -9999 -9999 -9999 12.6129071661173 12.648605855781 12.6837140186398
-9999 -9999 -9999 -9999 -9999 -9999 -9999 -9999 -9999 -9999 -9999 -9999 -9999 -9999 -9999 -9999 -9999 -9999 -9999 -9999 -9999 -9999 -9999 -9999 -9999 -9999 -9999 -9999 -9999 -9999 -9999 -9999 -9999 -9999 -9999 -9999 -9999 -9999 -9999 -9999 -9999 12.6657640460493 -9999 -9999 -9999 -9999 -9999 -9999 -9999 -9999 -9999 -9999 -9999 -9999 -9999 -9999 -9999 -9999 -9999 -9999 12.613180764076 12.6934237442898 12.6958686719424
13.6169622400762 13.522343437411 13.4277697156187 13.2730840832508 13.0940734028468 12.9002388682685 -9999 -9999 11.7705892620856 11.5169753744604 11.492283055758 11.610118378618 -9999 -9999 -9999 -9999 -9999 -9999 -9999 -9999 -9999 -9999 -9999 -9999 -9999 -9999 -9999 -9999 -9999 -9999 -9999 -9999 -9999 -9999 -9999 13.2063889310046 13.1331687901302 12.9888172125331 -9999 -9999 12.7665749113062 12.7342431112425 12.7229183818132 -9999 -9999 -9999 12.1966062393467 12.1039740042517 -9999 -9999 -9999 -9999 -9999 -9999 -9999 -9999 -9999 -9999 -9999 -9999 -9999 -9999 12.7683831095025
13.8235870854828 13.7280661641686 13.6127361019737 13.4675900152935 13.3014536134272 13.0742385987839 12.8062810450995 12.51932875248 12.1969657046641 11.9052451372186 11.8352333194831 11.9098152122269 12.0289235231976 12.1005816217947 12.1962713026224 12.179792605091 12.1147712370707 12.3048884513875 12.5521585079324 -9999 -9999 -9999 -9999 -9999 -9999 -9999 13.4795745844789 13.5408717463463 13.5414885134384 13.5564091829736 13.5205165442772 13.3960417249689 13.4693962838518 13.4257459110867 13.3862574798096 13.3461640228505 13.2564515154968 13.1816653126794 13.0854276016381 12.9811523755618 12.9792228060935 12.9462318589973 12.8813388765005 12.8299641325718 12.7750508965873 12.7325800388323 12.488944300339 12.2712873077532 12.2423434457872 12.3557080488493 12.1778925898828 12.0851674714455 11.9684309970696 11.8800598791861 11.836748237182 11.8029082426078 12.0257145442373 -9999 -9999 -9999 -9999 -9999 12.7895508975362
14.0098785810219 13.9028901090531 13.7493775967667 13.6036909012566 13.4747024597226 13.3144219065283 13.0198634880052 12.809113482969 12.6084975405472 12.4100415568771 12.3542906498518 12.332426825334 12.3491214982649 12.3938978107383 12.3941646300241 12.4330214784268 12.4453133837769 12.5591494127357 12.7321658078381 12.8898169630888 12.9594117843739 12.9264558470982 -9999 -9999 13.3315175789636 13.4374255066633 13.5826416202875 13.6764964140022 13.7139533761622 13.70691738537 13.6436599028288 13.5844744828245 13.6191729337324 13.6321800659731 13.6192072247409 13.5986171477208 13.5376487444289 13.4443649676883 13.3117443513828 13.2720222402022 13.2606114091163 13.1708226650706 13.0835531333362 13.0086082588083 12.8976956965436 12.7853208994211 12.6362697402925 12.5045108158661 12.3993860211255 12.3527373354547 12.2648587418477 12.1323323783398 11.9830876039088 11.8704350575015 11.8142051124167 11.8376109841243 11.9791679593403 12.1421244354795 12.3614501860886 12.5564877208643 12.6952652908469 -9999 -9999
13.9544776737358 13.8634002417284 13.7798338844448 13.747286178782 13.7417656869098 13.6300111950178 13.5066241388354 13.3404770183169 13.1439004931057 13.023467518308 12.9106839553959 12.8755240994677 12.8847936892686 12.9271639902993 13.0208015294475 13.1338680026641 13.2215735948327 13.2766984019788 13.3166330030973 13.2721653241214 13.1238770162961 13.037444113061 12.9545826790512 13.1042166314328 13.3971357213257 13.6778981537524 13.9169867949339 13.996546621502 14.0368617490518 14.0784157063617 14.0666680821483 13.9745075423641 13.8937560831278 13.8413885501531 13.841187406468 13.8214884767873 13.7860429566618 13.7356600118748 13.6773463101153 13.6336360694827 13.5971376439625 13.5050383851026 13.4100613326474 13.3026490865722 13.1736318412369 13.0181299865071 12.883785530011 12.7467259739976 12.6222462556324 12.5165752323146 12.3821757472497 12.2931421296982 12.1868028768247 12.0694466296204 12.0053191556627 12.0193230689113 12.0539805977899 12.1669053350297 12.2841239809586 12.5044761368256 12.6747823848232 12.7678072656636 12.8367194458576
13.7388390182414 13.8750924476172 13.9650041823477 14.0175073555359 14.1285585833302 14.2074547196042 14.183807100312 13.9712577390424 13.7905812734341 13.6918077496016 13.5760381024142 13.4784766531934 13.5011873967256 13.5845042117956 13.7460738628572 13.9906307505275 14.2135815294794 14.2991202336355 14.112706258474 13.8224580211892 13.4878446979157 13.1824324751128 12.9465298183278 13.0142590636836 13.2715508152833 13.7444076545994 14.3097978252876 14.3552423723632 14.4473203844359 14.5176852179991 14.4321707264995 14.2242035837912 14.0942696818771 14.0469544631935 14.0328253523445 14.0389260502167 14.040703792985 14.0915982348538 14.1236761602728 14.0979151984784 14.0194770172259 13.8826185130374 13.7415903328869 13.5829485810337 13.44594027299 13.2969408917594 13.1393010689338 12.9930072679502 12.8329668130041 12.7261862090991 12.5941147520589 12.4788866947663 12.4093319192889 12.3315806015914 12.2574281895561 12.2341363293159 12.231761543154 12.3120245105973 12.4207940425022 12.6235663748859 12.7588409700875 12.8341488445156 12.8704430355489
13.9752016683011 14.1724025891397 14.2790999942182 14.495191224993 14.7292077447633 14.765588043489 14.7408547990722 14.6616122279689 14.5322311150831 14.2912619598447 14.1191483887813 14.0673302475921 14.0584186602899 14.0703415249741 14.2047655754615 14.5386661897813 14.9740869891469 15.1894385188197 14.8586254524064 14.3980080965497 13.9321140999126 13.5136887609196 13.0988348221946 13.1294175354754 13.2612510739218 13.7818889875206 14.6227972598212 14.8913371959943 14.8393364531362 14.7742601863937 14.6436648964045 14.4526581035417 14.3631628875032 14.3343868659779 14.3010277036286 14.3344702255065 14.361117494194 14.4535177791362 14.5014951037534 14.4978255025681 14.4118615312121 14.2134690826537 14.0217782313962 13.8600955375828 13.7043156350311 13.5478900163265 13.4082552303077 13.2927813047001 13.1558607639759 13.0172975871081 12.8903121960976 12.780977960202 12.6780514160337 12.5725392114251 12.506047183928 12.4799959540636 12.4899716459502 12.5438187832764 12.648599367509 12.7536931007028 12.8277160522456 12.8957564409668 12.9857269679637
14.1044010990164 14.3490805646361 14.5672053671382 14.8626828682373 15.1511427058553 15.3919064309336 15.5218467265151 15.3936164714887 15.1376112490499 14.8263830301535 14.5966388206501 14.4719416793221 14.4360077300511 14.4829845397493 14.6298736036984 14.8930699376228 15.2244428303097 15.2498939814863 14.9934871996815 14.6061135440004 14.2457528955409 13.8889963214715 13.5541135235578 13.3189609569179 13.1491218270628 13.7997564068898 14.6264230575758 15.1447067283827 15.0344089931237 14.9242152745526 14.828283959646 14.7125047944235 14.6226589550599 14.5313680427688 14.4792684813232 14.5890344925333 14.7317862605942 14.7554665684105 14.84471633819 14.917612223633 14.8474110060951 14.5920710510636 14.3390252152559 14.1156145421699 13.9852176025746 13.8346536355353 13.6423168717071 13.5712378578177 13.4511260909506 13.316208688839 13.1768008692766 13.0291649017955 12.9286572072892 12.8337213092549 12.7855018919349 12.7725352954501 12.7802427859994 12.8004842152072 12.8312577396336 12.8887848595721 12.9706684406607 13.0088293472908 13.0415944619664
14.3568301441831 14.5731097969027 14.8271093931264 15.1213779456693 15.4350818279623 15.7615970969132 16.0298296097568 15.8649261757215 15.4816093164527 15.1522138777142 14.8789908802007 14.7013320347772 14.6233015309886 14.6025904243531 14.682283355915 14.8754587267445 15.0572596434098 15.1263680597655 15.088311101621 14.8224824452032 14.497597992526 14.0298288595342 13.5206216378773 13.200963847021 13.1158576596461 13.6589231560865 14.4705157099202 14.8669761975865 14.9610048509763 14.9491557339654 14.9015162383601 14.8004770831124 14.7387524117729 14.7273290049954 14.7473434613186 14.8407989620833 15.0413321716711 15.1585381041249 15.3003703250376 15.4579057538925 15.3529533588764 15.0246338808298 14.6880350225575 14.4271282745476 14.2513931417333 14.0745018428775 13.9881351926106 13.873903277686 13.7333670462349 13.6028580085466 13.4624700879399 13.2866340962849 13.2068375484122 13.1665017312926 13.125028924024 13.0869223016814 13.0802714317865 13.0677886789558 13.0589036050546 13.0750878925343 13.1290927863027 13.1839365348973 13.2348756851583
14.4475188858593 14.6089832841342 14.8328946971492 15.0999180764939 15.3900649659379 15.7048678350089 15.9599362915031 15.859857480081 15.5446693839572 15.2381974955985 15.0230503642035 14.8593677084861 14.7676204198885 14.7522753991609 14.7737486880996 14.8076936106821 14.8231618154106 14.9808221663736 15.0732836684712 14.999375949612 14.6818184000874 13.9932015175869 13.3680953239052 13.0879585304364 13.1886277831053 13.3958641348304 13.9919811360461 14.4207153578893 14.7004439066476 14.8187136488445 14.8300294496967 14.802327130614 14.8322708388526 14.8655111424061 14.9363306938118 15.0825265584405 15.2529595169251 15.436294093809 15.6845571701025 15.9113607060586 15.6793015196995 15.250441577124 14.8892124448255 14.6577131904461 14.5304175800252 14.4170809427046 14.3477203022767 14.2814406085468 14.1496154584567 14.0100545009676 13.8702554039901 13.713249502947 13.5539324931477 13.4642285363679 13.4289488450881 13.3811905946969 13.3526512153428 13.3310273394227 13.3300656147302 13.3683000596972 13.4121514521838 13.4866738860314 13.564582582923
14.1355634601869 14.2261493466284 14.3994367822609 14.644343010917 14.8941962144614 15.1224022740701 15.3048776118162 15.3611711223052 15.3356024238181 15.140618990674 14.987403214159 14.8246631341711 14.7393129133735 14.6429729575586 14.6335391729434 14.6424388809099 14.6176043230916 14.8439893379448 14.7627430648177 14.7832521088819 14.765947866477 14.089796592208 13.5470651523266 13.3237283056085 13.4304840695333 13.7040419000528 14.1724421714561 14.3686449837287 14.3293525419176 14.4199601107334 14.4438981808941 14.3687792207175 14.4358114023108 14.5905968027754 14.7785042854181 14.9075257129457 15.1513417247707 15.4241822086597 15.6582280743667 15.7727197860641 15.5775568996531 15.2581570916239 14.903692991954 14.6748979993397 14.6533493889675 14.6884141687343 14.6318078943176 14.5773264758833 14.4506317987814 14.3218653373527 14.1369462421762 14.0035008873385 13.9310471162859 13.8294894627935 13.7254841845298 13.6457871960887 13.6399285740984 13.625206851261 13.5858657998438 13.6172590501582 13.6609841809687 13.7255966524301 13.8324029017203
13.9162862014993 14.0430578224305 14.2676861016178 14.3589955668 14.4127801420083 14.517712933007 14.648621670105 14.6781072770765 14.7317797540963 14.7159787296254 14.7700782661767 14.7683792005542 14.6924172127357 14.5396164680566 14.4411697054787 14.4759423267516 14.5397764716584 14.6150113526817 14.5355495125736 14.2885724714245 13.9951816554663 13.340517668069 13.1698947081918 12.9729454012559 13.0414525742295 13.3436535733261 13.7398040102755 13.7308973155811 13.7608530302364 13.4477141002666 13.6033851213905 13.461781042205 13.514278011966 13.8078087242871 14.2499659603568 14.0662326927317 14.3040390689304 14.5089051851764 14.7276163223962 14.9221179555515 14.9673266613962 15.0175491870257 14.9486581031987 14.8150977264503 14.8609810371221 15.0287227551509 15.0937325043653 14.8858090886348 14.7652065254258 14.6753964057 14.4926777375208 14.3932734520338 14.2841858778178 14.1555971380379 13.9729021387703 13.9109354601476 13.9245884917715 13.8625157719115 13.8360540909112 13.8893048355618 13.9302852495668 14.01953150251 14.1228341813214
13.6515634143999 13.9605272904542 14.3116229597409 14.2182425367066 14.0729183105257 14.0323812394349 14.1218607550392 14.1796129737812 14.2597161126912 14.2801956648943 14.4173033419148 14.4415351291016 14.5272294331518 14.4519607371847 14.4145968415969 14.5876995322081 14.5641188233928 14.3831359843793 13.8357733860097 13.2729158261722 12.6594490831983 12.4732916918588 12.8530973893824 12.8598558365052 12.8017799984266 12.8496746173972 12.8873650008562 13.0836929688771 12.9520717364842 13.0915465148036 12.9981276815908 13.0884192482729 13.1815317704019 13.3260173527622 13.5427074205307 13.3613793906828 13.6124733177771 13.7966064876006 14.0501223800822 13.9929945661306 13.8470130610511 13.9178624237189 14.2957676508597 14.632710692136 14.9617678315089 15.2083752595905 15.3412807984807 15.2207570404292 14.9646087299072 14.8743232664837 14.78814483065 14.6678749659796 14.5484975368603 14.4594559840456 14.3450657576295 14.2112734936556 14.0737197535154 13.9911035109046 13.9796737090347 14.1075350549037 14.2137034175275 14.3042342176687 14.3995108510571
12.8462250943973 13.171374296522 13.5395598247431 13.6190762943227 13.4871241442127 13.3964636368896 13.6889941440298 13.8356407462524 13.899634484381 13.9558372949527 14.2093113552632 14.5126044467681 14.6580232144568 14.7343999314538 14.6882681861043 14.7793728384659 14.8494062376886 14.9731427899546 14.6860671645535 13.6032620525744 12.5696527081158 12.408253810475 12.60000177481 12.7081000436818 12.9709315592512 13.1164916851033 13.0675673418147 13.0905304015425 13.0590202208351 12.9415848627918 13.0209811988867 13.1183262351286 13.1407205596691 13.1028987982775 13.1516500592755 13.2289112913959 13.2761369283687 13.5335490614577 13.4924850229002 13.6508146315116 13.6649881845222 13.6247560226244 13.8586674365925 14.1600876624869 14.5824727807992 14.9272027185191 15.1381473626749 15.2562770394132 15.0076482877513 14.7944785506931 14.9259529834249 14.8478081709611 14.7213670617393 14.6638670402225 14.5492915829313 14.4075606631959 14.2704379818024 14.2314433890952 14.2580383521336 14.2828125013275 14.3420727557397 14.477095661977 14.6256126117727
11.4589762572665 11.8914541425018 12.3090439041484 12.6530321189769 12.8131461527103 12.8631271262328 13.0616954614422 13.3453250190393 13.5149514913771 13.7381866464143 14.1286954058378 14.5838084812289 14.8633896272874 14.950769851596 14.8886092083344 14.8800325348966 15.0311522302239 15.1368135983704 14.7486496574163 14.0402970557924 13.4396335274717 13.1776564261052 13.007350869227 13.1460662787969 13.5446127797548 13.6986985119655 13.2854128077616 13.0505530948536 12.9665962461562 13.1286189581111 13.1288152490913 12.9617318466124 13.1174951416189 13.1518024916536 13.1843424398993 13.1644650639348 13.1366627269682 13.137823291883 13.0418998817825 13.0494874451146 13.1336954449328 13.3237753705384 13.2116490901441 13.638190806884 14.2033079994208 14.5409907015134 14.8305318649744 15.0830906512052 15.2049864672596 15.1538700832909 14.9789114330963 14.9564169714182 14.8595221798178 14.7527912189044 14.6660803643449 14.5877064845852 14.4588743642593 14.3953966936008 14.3442074838407 14.3782735644286 14.4889289070889 14.5728183600281 14.7337727790429
10.8400330059898 11.4823572007572 11.9528247711086 12.281353219453 12.5149688938196 12.6757817727949 12.5236513150248 12.5608245988421 12.6373621390169 12.9185522696038 13.5381224138913 14.3339295747976 14.8724921480459 15.062841363298 15.1098553038185 15.1311630160956 15.1184172828306 14.9986473510586 14.578273861437 14.0843067512659 13.586049679249 13.3638145291425 13.2834736290779 13.5442608668659 13.6793683493673 13.2626603296202 13.1156415794575 12.8439403133354 12.6606064609104 12.2464822300055 12.2490800045961 12.7632703402457 12.9864912761544 13.1532152145782 13.1373469915461 13.1331400886571 12.9126792452258 12.7497119832219 12.7401456834275 12.5869339891039 12.6787168339247 12.6274210425684 12.807347319078 13.3553649092061 13.7199519760611 14.0241944894623 14.4191007816229 14.6929722405718 14.9568352223647 15.2062964015424 15.0763191777764 15.0131874265663 14.9429514383269 14.838566132622 14.7051343955619 14.6625624114745 14.5704574446476 14.5315777665888 14.5251072935757 14.5222424607171 14.5522670229671 14.6166922029035 14.723356506873
10.2359824070122 10.8972476879874 11.713135963933 12.2600289424018 12.5246922187984 12.6418825561056 12.6160823428161 12.4056929004035 12.0577856423293 12.1231749004108 12.4887540232407 13.1582830601791 14.0933848496503 14.6737105869412 14.7906646335995 14.9079410240103 14.9662671503301 14.476952676168 14.1212178007343 13.5865305956453 13.2257024449772 13.2448893890896 13.454228938165 13.7436379164804 13.7553448096828 13.62588186808 13.2449755288692 12.6299069164025 12.0708545483047 11.678241502608 11.6858608988311 12.2179908619063 12.8622386407221 13.0526909066116 13.1965798096049 13.1374995072272 12.8864387449397 12.6442715941938 12.5135412262535 12.2489255135118 12.2190651785435 12.1971235359476 12.3161353037249 12.8459630303927 13.0341691936397 13.6045924494203 14.0533397352152 14.3573240245866 14.7965875856344 14.9861155323907 15.2130371360346 15.0374296950124 14.9185969936109 14.9527467212291 14.8727291742938 14.7809333723071 14.6933597146169 14.6104117077652 14.5548881304897 14.5474166360755 14.5571572637376 14.5840595058705 14.6427331311105
9.36862278661604 10.0486155124987 10.987393080487 11.8989130335035 12.1326821062771 12.3258355620852 12.3835709935667 11.7437680997644 10.9568822885398 11.05437017962 11.2799840051634 11.6558367536375 12.2415910716754 12.8008243195199 13.2536053041901 13.9914385587726 14.2094481823654 13.9994088469138 13.602834093656 13.1331427804558 12.7199465894607 12.4956183822802 12.6992798369709 13.1867388625085 13.6705853369164 13.3825981110247 12.7342358035226 11.97303630667 11.4822678769057 11.1574749162174 11.2640066412581 12.345970674291 12.8222797304705 13.0584139958447 13.0911107106647 12.8577838359325 12.7414179096987 12.433974987751 12.030458905436 11.9086018878227 11.7200902410002 12.0016141986584 12.2527096911194 12.418933355112 12.7132346971781 13.1683282354857 13.5308607691389 13.9374656497526 14.3246334390636 14.7030903271279 15.0551748433196 15.0425718299934 14.9582602945361 14.9655141815333 14.8546336260501 14.6397484628983 14.3630404412003 14.2667832036171 14.244855977827 14.2741763494207 14.4136098938163 14.529299201403 14.5634328097782
