2050_A1B_CS/PREC.asc
NCOLS 720 
NROWS 360 
XLLCORNER -180 
YLLCORNER -90 
CELLSIZE 0.5 
NODATA_value -9999 
[rows 112 to 139 of 360, columns 128 to 191 of 720]
150.265625112133 107.65624998989 104.421875031876 139.765624982979 192.296875014134 243.718750114094 259.546875143288 271.73437516557 385.406250258106 483.843750061277 482.375000060657 464.562500018569 553.140625111722 529.937500106459 416.546874940271 377.593749894158 340.109374957601 274.29687507644 223.406249999794 269.203125070045 311.812499894365 284.859374942334 270.48437500588 293.500000003714 334.078125004849 363.187499999588 388.781249993604 394.171874998865 412.203124995358 450.687499998762 480.562500000413 512.249999985558 556.999999982257 597.031249976686 640.984374978647 690.484374978646 749.531249977512 815.906249971322 872.218749978337 939.484374992264 989.109375011658 1040.7187500423 1097.4218750327 1136.0468750946 1186.93750010646 1221.29687503559 1221.39062502919 1247.35937497411 1253.51562494006 1240.57812496854 1272.68749999835 1302.64062500485 1334.37499997277 1340.18749998143 1332.42187500175 1378.2187500262 1428.45312503084 1409.93750000206 1384.0781249999 1377.00000000206 1396.6718749609 1405.57812500361 1339.85937504425 1309.81250007923
79.7187500430289 88.0156250532201 91.1093749974269 138.687500019353 159.156250058676 160.093750069793 167.625000058882 191.203125011632 242.250000056825 408.890625103456 438.359375036131 391.437500142057 430.843750157087 431.828125109219 433.984375021309 415.703125021926 377.656249959851 231.968750016676 245.01562495275 221.765625034279 380.015624955633 331.124999955941 271.562499991765 286.000000012765 331.921874999898 362.156250002677 384.375000016059 394.125000001235 419.281249989089 446.515625010397 479.578125001751 518.718750000206 565.906249998148 613.390624987339 659.78124998003 707.312499984353 758.109375003604 823.078125012868 876.906250011324 929.406250029853 975.04687501925 1005.42187503531 1060.71875004797 1084.71875001832 1123.42187503325 1189.28125003479 1204.14062500875 1260.20312499763 1295.1406249684 1275.03124995574 1282.15624998085 1312.67187497313 1352.98437498631 1356.40624998291 1330.21875000309 1343.39062505034 1376.56250008318 1402.20312501493 1400.95312496304 1408.64062492846 1435.99999995265 1388.79687503325 1321.90624999526 1278.6406249894
130.796874853005 60.0624999753468 73.2343750062662 99.1562500047254 108.609374996405 125.999999983154 165.078124925118 221.937499949461 240.499999977814 355.156250080739 414.20312495511 387.67187502229 318.015624983872 309.015625031947 354.46875010457 364.640625123984 330.578125137541 243.343750004725 227.125000010272 211.984374984078 361.328125194656 319.843750093886 270.765625012635 283.421874999692 317.718750031433 341.953125036055 360.640625031946 374.796875020236 405.140625014279 441.703125014278 492.484374987777 537.109374964356 574.093749992399 614.031249998562 664.265624989215 707.109374993529 748.93750001397 783.531249987468 837.812499998357 902.218750031022 946.453125012635 975.187500002466 1038.17187497381 1090.53124995871 1122.09375000514 1199.95312498018 1242.03124993323 1251.35937500627 1292.6406250188 1314.01562498305 1300.62500000123 1302.12500007396 1342.54687500996 1364.01562498223 1350.14062497853 1343.10937494833 1335.20312499456 1359.95312507468 1373.43750010642 1390.96875011566 1414.46875008649 1346.8750000982 1287.90625014155 1244.82812507221
214.468749963711 71.3124999999994 65.4531250107629 85.4687500252156 111.703124996823 138.37499998975 210.124999976221 252.640624983292 281.890624931632 307.250000024191 354.156250176099 359.546875039258 320.31250001107 307.796874970787 289.68750003731 265.265625093584 227.875000087331 220.234375045818 211.375000024191 214.515625010353 249.343750050636 230.078125102604 240.484375053609 278.453125011173 292.171875024498 304.875000045101 329.984375035158 355.671875021628 389.437500020091 435.281249999795 500.734374994159 566.453124971402 597.390624956642 632.968749960025 680.99999997417 724.828124967712 751.328124980833 793.515624990673 838.703124999693 889.468749996925 939.000000003691 989.109374967097 1064.60937496833 1122.31249997171 1150.54687493266 1223.34374996864 1315.48437490601 1306.6718748728 1304.96874995428 1325.92187499088 1318.99999995859 1296.73437493799 1369.45312493122 1387.82812496566 1380.14062495582 1399.40624992845 1364.96874994034 1326.01562499969 1314.32812502306 1326.9375000246 1338.25000008036 1277.6875000533 1219.89062500748 1208.59375000717
238.390625028534 83.5156249377084 52.6718750033755 62.3281250088987 82.2031250334475 125.187500040505 206.656250019026 253.343749958882 325.953124976988 398.234374957962 418.781249932697 355.921874933003 344.234375027515 377.328125110364 309.562499943129 249.046875002966 207.359374984964 195.406250017797 194.656250010842 200.703125011763 229.156250014933 207.687499979952 207.62499997218 259.703124999489 270.3125 270.640625006444 303.953125021992 341.312500002046 382.296874984147 443.656249987522 508.828125011763 552.375000015138 604.312500006956 649.125000005728 684.156250015752 717.249999994272 769.140624991716 791.453124985578 847.687499971362 923.531249954791 972.203124953666 1024.51562497208 1090.21874998711 1167.60937495428 1221.74999991858 1274.24999990754 1356.17187499233 1393.01562499662 1385.32812491521 1392.68749986949 1403.87499988831 1414.09374990119 1440.34374992901 1423.09374993024 1436.53124991879 1462.92187491664 1451.78124989792 1422.62499984698 1419.29687485895 1385.96874989669 1336.73437495714 1315.17187494855 1284.3124999374 1235.23437493464
249.828124946621 143.328124931921 55.0312499883646 -9999 65.9375000020416 94.7187500259247 162.54687507706 244.812500059606 325.718750023476 418.671874997449 485.9531249209 420.703124925798 348.078124964174 306.218750044704 347.015624975197 259.359374974585 230.1406249654 196.109374980709 191.468749996122 215.374999956316 229.484374984384 238.812499952234 253.234374928453 280.703124954786 286.343749965094 283.156249966319 297.999999991019 340.84374999898 397.812499982038 462.265624971933 515.578124973566 558.703124971116 615.234374969279 664.265624961318 691.328124968667 729.20312497969 768.625000009391 827.218749936516 876.937499964891 954.890624976832 1011.15624996142 1062.48437494519 1122.32812494295 1215.46874994142 1301.67187490722 1365.14062489436 1414.43749988079 1434.12499991386 1456.43749992978 1494.73437490804 1506.76562488742 1509.53124989079 1511.453124916 1506.29687488844 1524.18749989018 1543.96874990671 1542.99999990324 1545.62499988487 1526.07812490824 1475.45312490824 1383.14062494172 1355.10937496438 1336.15624994958 1308.03124990671
214.500000136069 209.203125043486 75.8281249752516 -9999 -9999 89 112.531250017315 188.187500044813 260.796875029434 346.718750102457 480.546875039619 463.671874994398 407.09374993665 346.24999986149 354.921874954475 307.109374944697 264.843749984315 219.984374971177 203.812499980853 234.046874985436 252.515625011712 268.687499993075 295.890624984418 335.640625024749 349.4218749724 343.093749898766 347.781249921172 365.406249985945 399.328124996233 472.359374993177 544.218749975762 593.578124947346 630.374999962114 698.718749945615 730.874999911598 772.218749965984 811.484374963438 855.921874974437 916.046874943884 994.93749996741 1078.46874993421 1153.2812498951 1245.49999989001 1318.2499998949 1392.98437492189 1455.98437497566 1522.15624999694 1500.92187501436 1488.39062500234 1521.01562503167 1598.79687500132 1580.56250003707 1555.51562504186 1584.3437499945 1604.68750000326 1586.73437503473 1595.12500003952 1578.90625008412 1552.92187503351 1557.00000000326 1501.60937487463 1447.70312485202 1416.10937485263 1404.43749986393
134.625000037399 155.48437507307 96.1093749722548 -9999 -9999 -9999 111.078124985875 180.265624972459 267.73437495559 308.234374981199 438.593750051425 479.656249970934 443.984374983231 429.406249957926 410.187499925608 345.921874971036 283.078124976117 246.374999971544 237.609374945833 256.03124996687 248.953124996037 272.156249999391 311.124999982521 322.890625002947 368.828124985468 398.499999980894 388.515624990345 362.125000021138 398.765625004981 472.35937500681 561.609374986485 647.671874935264 713.765624857011 776.343749885974 823.312499887804 846.093749873779 837.82812497937 888.031249955894 965.078124949696 1024.70312496799 1107.10937500356 1215.39062497002 1322.28124994329 1393.62499994146 1452.79687494827 1450.54687503608 1502.09375004655 1501.24999998496 1499.21874997419 1519.04687497266 1572.82812505498 1546.57812503669 1510.65625005549 1542.71875009573 1603.1875 1570.75 1543.04687507348 1536.39062500823 1537.5 1555.5 1566.34374998476 1566.01562489116 1527.0624999065 1499.35937492998
110.32812500071 110.078125031538 99.3750000036505 84.3749999525407 92 -9999 87.8437500026373 150.000000047054 233.078125122401 280.281250060643 374.453125056689 431.312500032045 450.499999981747 468.640624966231 512.10937494169 503.953124807222 379.109374863401 307.531249892304 324.031249850119 309.640624970287 256.890624982051 272.921874974141 315.203125002738 309.765625063583 359.015625000305 367.312500023121 340.40625001805 326.109375018355 368.812500054762 438.750000058412 550.593750072814 694.687500024745 781.015625064395 795.078125122806 848.828125116316 863.68750015982 870.593750020079 933.312500007302 1003.9999999785 1036.85937497333 1090.59374995234 1194.70312504695 1269.17187519237 1349.98437511084 1441.5625 1461.4375 1499.12499998864 1548.06249998986 1566.98437495264 1605.98437494859 1620.98437499158 1575.46874997546 1542.15104165189 1519.97916667167 -9999 -9999 -9999 -9999 -9999 -9999 -9999 1543.5 1534.0625 -9999
-9999 95.4999999999998 87.0937500228692 117.37499997612 101.374999979762 87.6875000052619 107.906249998988 120.984375015685 153.906250048774 221.078125067291 325.609375048876 405.812500023072 457.296875003542 475.718750018416 563.343749947585 589.50000000769 456.312499969642 384.312499941715 408.828124966507 341.984374959827 267.57812499484 281.781250006679 305.031250019226 321.249999911763 332.250000057476 336.328125043815 357.609374944853 367.359374892638 322.171875046043 434.718749950418 529.21874997349 640.125000093095 706.953125095624 712.578125055553 768.296875057779 777.953125025601 853.390625017102 936.359374986138 1021.53124998361 1070.98437495295 1165.92187488495 1213.07812491348 1130.18750010807 1298.75 -9999 -9999 1504.375 1552.75 1588.875 1614.28125003339 1594.59375006537 1563.70312504989 1541.47916668286 1453.72916668286 -9999 -9999 -9999 -9999 -9999 -9999 -9999 -9999 -9999 -9999
-9999 -9999 -9999 97.7500000266563 120.374999999596 100.312499992326 89.1250000000005 111.625 131.625000001212 191.062500012117 293.984374991217 382.109374998486 484.703124977283 563.453124865811 591.531249832591 573.203124861367 446.640624881157 400.328124957491 399.656250070478 381.328124991417 302.984374961732 298.624999993538 300.406249963853 349.906250055938 321.000000060581 259.968750036955 310.375000067855 417.296875022718 394.406249851575 466.359374963348 502.906250007473 592.859374982331 639.42187500414 688.125000039581 738.078125075829 768.734375053414 854.390624957897 939.609374895496 1035.87499999071 1113.21875001313 1185.3125 -9999 -9999 -9999 -9999 -9999 -9999 -9999 -9999 -9999 -9999 -9999 -9999 -9999 -9999 -9999 -9999 -9999 -9999 -9999 -9999 -9999 -9999 -9999
-9999 71.5 -9999 75.2500000145083 96.5156250516864 110.203124986398 91.2187499873051 -9999 132.32812499728 177.98437501602 250.906250101358 351.265625067807 446.640625104482 633.390624983579 708.015624916676 715.421874832651 605.499999777134 472.703124886854 383.437499964535 381.56250000806 308.140625027102 295.906250012292 331.390624969472 329.140624988816 281.01562502549 267.09374994781 294.765624965847 400.421875013602 535.078124845749 507.749999947608 499.203125000505 579.593750046145 637.031250001008 660.843750019143 692.32812502267 747.593749992142 879.937499987106 994.828124985593 1025.60937503133 1100.8437500135 -9999 -9999 -9999 -9999 -9999 -9999 -9999 -9999 -9999 -9999 -9999 -9999 -9999 -9999 -9999 -9999 -9999 -9999 -9999 -9999 -9999 -9999 -9999 -9999
-9999 -9999 76.4687499841159 80.4062499853221 90.7343749900473 97.0624999915553 91.7187499776818 -9999 -9999 158 178.453125020409 266.156250177543 372.937500151607 584.437500127478 663.531250072987 718.093749945109 652.593749936662 504.515625009952 420.812500005227 383.171874972353 326.765624945209 311.9999999811 333.000000013673 330.093749993767 323.671874924097 295.546874912033 325.328124963306 385.187500032975 499.437500117022 496.531250062129 475.000000024933 524.218750041219 596.078125068262 616.468750057706 683.968750025134 750.53125004323 840.593750105159 904.203125161557 -9999 -9999 -9999 -9999 -9999 -9999 -9999 -9999 -9999 -9999 -9999 -9999 -9999 -9999 -9999 -9999 -9999 -9999 -9999 -9999 -9999 -9999 -9999 -9999 -9999 -9999
-9999 -9999 81.5312500050157 79.937500015649 86.2343750195613 79.484375046044 90.734375024377 97.2499999927771 -9999 -9999 155.578125011536 150.656250070019 227.906250159101 447.000000166924 604.656250053168 746.687499993581 701.062499959471 528.234374939309 451.328124929479 421.703124945128 398.48437490119 343.359374951749 319.640625014947 333.468749998997 354.890625008928 331.828125010131 329.734375027186 338.968750066006 387.781250122183 443.937500050559 490.187499942621 525.765624955561 588.296874948539 619.093749936802 663.203125019361 716.406250029894 755.421875077343 818.046875023173 -9999 -9999 -9999 -9999 -9999 -9999 -9999 -9999 -9999 -9999 -9999 -9999 -9999 -9999 -9999 -9999 -9999 -9999 -9999 -9999 -9999 -9999 -9999 -9999 -9999 -9999
-9999 -9999 -9999 -9999 67.6666666666666 80.4635416507517 93.1718750237234 113.437499981582 92.7656249470496 94.1250000008008 -9999 -9999 222.125000000001 331.656250082279 518.953125132028 659.250000002003 684.687499724138 697.953124767679 598.249999825032 483.593749835242 436.171874955657 383.859374976077 326.48437498969 292.64062502152 282.203125042341 292.750000054051 282.781250061859 268.578125012312 319.562499989592 406.468750105501 503.609375086584 569.749999847855 621.390624772083 635.218749929733 656.40625002062 693.906250025424 726.984374999299 733.828125003503 -9999 -9999 -9999 -9999 -9999 -9999 -9999 -9999 -9999 -9999 -9999 -9999 -9999 -9999 -9999 -9999 -9999 -9999 -9999 -9999 -9999 -9999 -9999 -9999 -9999 -9999
-9999 -9999 -9999 -9999 -9999 -9999 77.4218750098874 84.6562500797023 139.687499952858 121.406249979825 -9999 -9999 -9999 275.281250037754 422.953125072815 677.578124958952 798.078125033659 822.312499966841 737.046874878847 592.437499932482 462.281249988613 408.281249971834 333.749999994806 286.968749990611 248.125000030362 239.546875059427 243.218750022572 288.499999945268 321.109375007092 322.65625007331 386.468750163202 661.718749955857 819.437499805437 671.828124992109 652.796874987116 649.656250068915 719.109375017479 735.234374993508 -9999 -9999 -9999 -9999 -9999 -9999 -9999 -9999 -9999 -9999 -9999 -9999 -9999 -9999 -9999 -9999 -9999 -9999 -9999 -9999 -9999 -9999 -9999 -9999 -9999 -9999
-9999 -9999 -9999 -9999 -9999 -9999 -9999 48.4062499946185 116.671875056707 149.781249967511 -9999 -9999 -9999 243.343750035279 302.281250063584 470.421875149986 741.250000126369 802.609374961033 805.562499928643 661.140624890674 499.609374912799 432.859375047935 390.890625067666 305.625000027904 258.140624971596 202.171875000897 191.109374996114 255.234374845431 329.71874992765 334.265624898647 340.515624767103 704.92187477368 807.656249941997 710.203124901039 718.749999995216 687.062499976082 731.265624956849 760.749999960137 -9999 -9999 -9999 -9999 -9999 -9999 -9999 -9999 -9999 -9999 -9999 -9999 -9999 -9999 -9999 -9999 -9999 -9999 -9999 -9999 -9999 -9999 -9999 -9999 -9999 -9999
-9999 -9999 -9999 -9999 -9999 -9999 -9999 53.9062499958236 84.1406250124308 150.296875031324 154.5 -9999 -9999 -9999 279.968749983894 433.765624928107 627.390625115452 811.093750020883 887.781249896784 869.359374667376 635.640624798435 489.156249832743 379.453124956743 309.656249963605 277.687499986874 246.187499905732 238.640624903048 331.453124992543 440.718749836722 458.203124838213 483.2499999296 733.750000164673 883.218749897576 773.671874964102 724.187499993237 681.250000036196 734.265625036694 779.5 -9999 -9999 -9999 -9999 -9999 -9999 -9999 -9999 -9999 -9999 -9999 -9999 -9999 -9999 -9999 -9999 -9999 -9999 -9999 -9999 -9999 -9999 -9999 -9999 -9999 -9999
-9999 -9999 -9999 -9999 -9999 -9999 -9999 51 57.8281250399865 113.140625059037 168.968750050603 -9999 -9999 -9999 -9999 487 485.406250133948 588.625000286949 851.750000210749 946.109375009227 826.499999950784 625.124999919828 456.999999877363 414.624999892841 359.07812491457 326.640624903855 316.031249952573 381.093750069257 418.53125006886 443.468750084338 414.781250124423 499.531250136331 788.968750060923 763.937500073422 790.187500077392 708.203125013394 718.156249966067 -9999 -9999 -9999 -9999 -9999 -9999 -9999 -9999 -9999 -9999 -9999 -9999 -9999 -9999 -9999 -9999 -9999 -9999 -9999 -9999 -9999 -9999 -9999 -9999 -9999 -9999 -9999
-9999 -9999 -9999 -9999 -9999 -9999 -9999 -9999 38.9375000000002 66.546875039502 113.901041713297 188.854166666668 198.5 -9999 -9999 -9999 416.406250012076 405.57812510029 686.421875138905 886.953125115733 825.187500051875 678.515624967229 531.296874965448 486.671874954756 451.374999890305 401.359374938123 348.656249978417 330.328125038116 358.015625059104 344.281250125336 335.046875044254 407.84375005762 723.062500078413 744.437499967922 693.437500127117 673.046875060886 773.156249938817 -9999 -9999 -9999 -9999 -9999 -9999 -9999 -9999 -9999 -9999 -9999 -9999 -9999 -9999 -9999 -9999 -9999 -9999 -9999 -9999 -9999 -9999 -9999 -9999 -9999 -9999 -9999
-9999 -9999 -9999 -9999 -9999 -9999 -9999 -9999 -9999 -9999 79.4687500088918 219.343750071717 244.364583243045 -9999 -9999 -9999 -9999 -9999 534.906249968195 778.890625102242 890.484374838886 785.812499801248 644.874999762524 477.390624932333 505.328124967106 447.343749962659 371.328124965524 339.078124985676 339.812499927295 306.203124963154 367.671874945177 442.01562499437 670.3593753004 763.312500210605 758.85937500247 748.312499726569 1009.18749976411 -9999 -9999 -9999 -9999 -9999 -9999 -9999 -9999 -9999 -9999 -9999 -9999 -9999 -9999 -9999 -9999 -9999 -9999 -9999 -9999 -9999 -9999 -9999 -9999 -9999 -9999 -9999
-9999 -9999 -9999 -9999 -9999 -9999 -9999 -9999 -9999 -9999 -9999 175.890625019812 267.177083375452 222.208333329916 -9999 -9999 -9999 -9999 550.562499998819 659.640625148734 918.562500101721 920.765624914543 733.796875049968 525.109374967177 502.32812503913 454.187500022866 400.343749973387 369.07812495121 334.000000084764 327.109374992805 391.296875005027 404.18750008516 535.687499983445 844.359374619445 813.749999882119 927.093749896902 1071.06250012892 -9999 -9999 -9999 -9999 -9999 -9999 -9999 -9999 -9999 -9999 -9999 -9999 -9999 -9999 -9999 -9999 -9999 -9999 -9999 -9999 -9999 -9999 -9999 -9999 -9999 -9999 -9999
-9999 -9999 -9999 -9999 -9999 -9999 -9999 -9999 -9999 -9999 -9999 -9999 179 -9999 -9999 -9999 -9999 -9999 -9999 563 743.921875029214 954.109375012687 747.890624957413 539.718749963611 484.249999967742 437.70312499046 422.781249931354 404.359374949352 331.578124917291 356.703125023505 410.874999995674 442.328124837828 680.874999942184 1206.62500002006 899.390624779998 832.593749958499 937.739583321729 -9999 -9999 -9999 -9999 -9999 -9999 -9999 -9999 -9999 -9999 -9999 -9999 -9999 -9999 -9999 -9999 -9999 -9999 -9999 -9999 -9999 -9999 -9999 -9999 -9999 -9999 -9999
-9999 -9999 -9999 -9999 -9999 -9999 -9999 -9999 -9999 -9999 -9999 -9999 -9999 -9999 -9999 -9999 -9999 -9999 -9999 -9999 718.93750002316 935.875000025515 777.656249980175 605.765624898046 522.1249999529 521.421874834264 525.999999852417 452.734374949268 407.703124923166 361.812499965852 402.953125020905 521.734374995584 603.85937521893 1237.32812491571 1042.35937492022 858.281249987636 965.69791663036 -9999 -9999 -9999 -9999 -9999 -9999 -9999 -9999 -9999 -9999 -9999 -9999 -9999 -9999 -9999 -9999 -9999 -9999 -9999 -9999 -9999 -9999 -9999 -9999 -9999 -9999 1359.5625000836
-9999 -9999 -9999 -9999 -9999 -9999 -9999 -9999 -9999 -9999 -9999 -9999 -9999 -9999 -9999 -9999 -9999 -9999 -9999 -9999 1038.12499988799 1009.53124992735 790.265625100156 644.296874998531 569.453124954473 575.781249955942 576.093749956333 516.749999873503 501.609374868118 444.703124846383 410.437499960056 585.281250103979 650.249999884475 1394.01562492472 1242.65624935792 958.546874828172 1135.52604159366 1271.66666663743 -9999 -9999 -9999 -9999 -9999 -9999 -9999 -9999 -9999 -9999 -9999 -9999 -9999 -9999 -9999 -9999 671.625000000001 699 762.125000000004 898.375 -9999 -9999 -9999 -9999 1315.70833333333 1304.08333333333
-9999 -9999 -9999 -9999 -9999 -9999 -9999 -9999 -9999 -9999 -9999 -9999 -9999 -9999 -9999 -9999 -9999 -9999 -9999 -9999 -9999 970.203125154443 657.375000177012 613.921875064768 645.249999887463 658.609374871343 620.203124951644 618.937499913252 607.453124911006 610.171874808431 448.781249959948 510.000000053144 636.656250143608 1173.42187553485 1607.15624988101 1200.56249966707 1212.11979157989 1225.54166672789 -9999 -9999 -9999 -9999 -9999 -9999 -9999 -9999 -9999 -9999 -9999 -9999 -9999 486 500.312500000002 658.750000000001 794.999999742883 862.031249660237 924.078124662487 1007.9218747717 969.37499992263 -9999 -9999 -9999 -9999 -9999
-9999 -9999 -9999 -9999 -9999 -9999 -9999 -9999 -9999 -9999 -9999 -9999 -9999 -9999 -9999 -9999 -9999 -9999 -9999 -9999 811.656249971343 795.953124850578 673.109374846093 614.515624870072 716.984375106925 726.734375069496 741.062500016375 763.937499955554 663.374999896291 652.640625035772 594.343749927286 562.32812490828 508.39062501433 637.765625344169 1072.34375064 1528.34374965515 1246.81249907364 1078.95312482368 -9999 -9999 -9999 -9999 -9999 -9999 -9999 -9999 -9999 -9999 -9999 -9999 541.687499991812 570.234374906137 653.515624983139 743.187500000391 847.546875034799 909.984375020761 975.750000108389 1073.15624999084 1086.87499978713 -9999 -9999 -9999 -9999 -9999
-9999 -9999 -9999 -9999 -9999 -9999 -9999 -9999 -9999 -9999 -9999 -9999 -9999 -9999 -9999 -9999 -9999 -9999 -9999 -9999 748.562500072224 866.328125003082 890.374999702797 684.124999985216 653.046875025964 649.859375090153 688.937500091805 760.187500052128 729.328124966642 681.468749904499 700.328124852665 726.249999751426 648.734374694534 548.046874842744 676.390625182933 1278.35937586272 2137.39062407659 1413.21874948242 1317.93749992881 -9999 -9999 -9999 -9999 -9999 -9999 -9999 -9999 -9999 -9999 -9999 555.468749998638 603.375000024897 631.812500061853 699.406250090444 813.468750035985 891.515625017603 926.562499993907 1068.82812501812 -9999 -9999 -9999 -9999 -9999 -9999
