2050_A1B_CS/PRECSD.asc
NCOLS 720 
NROWS 360 
XLLCORNER -180 
YLLCORNER -90 
CELLSIZE 0.5 
NODATA_value -9999 
[rows 0 to 27 of 360, columns 252 to 314 of 720]
-9999 -9999 -9999 -9999 -9999 -9999 -9999 -9999 -9999 -9999 -9999 -9999 -9999 -9999 -9999 -9999 -9999 -9999 -9999 -9999 -9999 -9999 -9999 -9999 -9999 -9999 -9999 -9999 -9999 -9999 -9999 -9999 -9999 -9999 -9999 -9999 -9999 -9999 -9999 -9999 -9999 -9999 -9999 -9999 -9999 -9999 -9999 -9999 -9999 -9999 -9999 -9999 -9999 -9999 -9999 -9999 -9999 -9999 -9999 -9999 -9999 -9999 -9999
-9999 -9999 -9999 -9999 -9999 -9999 -9999 -9999 -9999 -9999 -9999 -9999 -9999 -9999 -9999 -9999 -9999 -9999 -9999 -9999 -9999 -9999 -9999 -9999 -9999 -9999 -9999 -9999 -9999 -9999 -9999 -9999 -9999 -9999 -9999 -9999 -9999 -9999 -9999 -9999 -9999 -9999 -9999 -9999 -9999 -9999 -9999 -9999 -9999 -9999 -9999 -9999 -9999 -9999 -9999 -9999 -9999 -9999 -9999 -9999 -9999 -9999 -9999
-9999 -9999 -9999 -9999 -9999 -9999 -9999 -9999 -9999 -9999 -9999 -9999 -9999 -9999 -9999 -9999 -9999 -9999 -9999 -9999 -9999 -9999 -9999 -9999 -9999 -9999 -9999 -9999 -9999 -9999 -9999 -9999 -9999 -9999 -9999 -9999 -9999 -9999 -9999 -9999 -9999 -9999 -9999 -9999 -9999 -9999 -9999 -9999 -9999 -9999 -9999 -9999 -9999 -9999 -9999 -9999 -9999 -9999 -9999 -9999 -9999 -9999 -9999
-9999 -9999 -9999 -9999 -9999 -9999 -9999 -9999 -9999 -9999 -9999 -9999 -9999 -9999 -9999 -9999 -9999 -9999 -9999 -9999 -9999 -9999 -9999 -9999 -9999 -9999 -9999 -9999 -9999 -9999 -9999 -9999 -9999 -9999 -9999 -9999 -9999 -9999 -9999 -9999 -9999 -9999 -9999 -9999 -9999 -9999 -9999 -9999 -9999 -9999 -9999 -9999 -9999 -9999 -9999 -9999 -9999 -9999 -9999 -9999 -9999 -9999 -9999
-9999 -9999 -9999 -9999 -9999 -9999 -9999 -9999 -9999 -9999 -9999 -9999 -9999 -9999 -9999 -9999 -9999 -9999 -9999 -9999 -9999 -9999 -9999 -9999 -9999 -9999 -9999 -9999 -9999 -9999 -9999 -9999 -9999 -9999 -9999 -9999 -9999 -9999 -9999 -9999 -9999 -9999 -9999 -9999 -9999 -9999 -9999 -9999 -9999 -9999 -9999 -9999 -9999 -9999 -9999 -9999 -9999 -9999 -9999 -9999 -9999 -9999 -9999
-9999 -9999 -9999 -9999 -9999 -9999 -9999 -9999 -9999 -9999 -9999 -9999 -9999 -9999 -9999 -9999 -9999 -9999 -9999 -9999 -9999 -9999 -9999 -9999 -9999 -9999 -9999 -9999 -9999 -9999 -9999 -9999 -9999 -9999 -9999 -9999 -9999 -9999 -9999 -9999 -9999 -9999 -9999 -9999 -9999 -9999 -9999 -9999 -9999 -9999 -9999 -9999 -9999 -9999 -9999 -9999 -9999 -9999 -9999 -9999 -9999 -9999 -9999
-9999 -9999 -9999 -9999 -9999 -9999 -9999 -9999 -9999 -9999 -9999 -9999 -9999 -9999 -9999 -9999 -9999 -9999 -9999 -9999 -9999 -9999 -9999 -9999 -9999 -9999 -9999 -9999 -9999 -9999 -9999 -9999 -9999 -9999 -9999 -9999 -9999 -9999 -9999 -9999 -9999 -9999 -9999 -9999 -9999 -9999 -9999 -9999 -9999 -9999 -9999 -9999 -9999 -9999 -9999 -9999 -9999 -9999 -9999 -9999 -9999 -9999 -9999
-9999 -9999 -9999 -9999 -9999 -9999 -9999 -9999 -9999 -9999 -9999 -9999 -9999 -9999 -9999 -9999 -9999 -9999 -9999 -9999 -9999 -9999 -9999 -9999 -9999 -9999 -9999 -9999 -9999 -9999 -9999 -9999 -9999 -9999 -9999 -9999 -9999 -9999 -9999 -9999 -9999 -9999 -9999 -9999 -9999 -9999 -9999 -9999 -9999 -9999 -9999 -9999 -9999 -9999 -9999 -9999 -9999 -9999 -9999 -9999 -9999 -9999 -9999
-9999 -9999 -9999 -9999 -9999 -9999 -9999 -9999 -9999 -9999 -9999 -9999 -9999 -9999 -9999 -9999 -9999 -9999 -9999 -9999 -9999 -9999 -9999 -9999 -9999 -9999 -9999 -9999 -9999 -9999 -9999 -9999 -9999 -9999 -9999 -9999 -9999 -9999 -9999 -9999 -9999 -9999 -9999 -9999 -9999 -9999 -9999 -9999 -9999 -9999 -9999 -9999 -9999 -9999 -9999 -9999 -9999 -9999 -9999 -9999 -9999 -9999 -9999
-9999 -9999 -9999 -9999 -9999 -9999 -9999 -9999 -9999 -9999 -9999 -9999 -9999 -9999 -9999 -9999 -9999 -9999 -9999 -9999 -9999 -9999 -9999 -9999 -9999 -9999 -9999 -9999 -9999 -9999 -9999 -9999 -9999 -9999 -9999 -9999 -9999 -9999 -9999 -9999 -9999 -9999 -9999 -9999 -9999 -9999 -9999 -9999 -9999 -9999 -9999 -9999 -9999 -9999 -9999 -9999 -9999 -9999 -9999 -9999 -9999 -9999 -9999
-9999 -9999 -9999 -9999 -9999 -9999 -9999 -9999 -9999 -9999 -9999 -9999 -9999 -9999 -9999 -9999 -9999 -9999 -9999 -9999 -9999 -9999 -9999 -9999 -9999 -9999 -9999 -9999 -9999 -9999 -9999 -9999 -9999 -9999 -9999 -9999 -9999 -9999 -9999 -9999 -9999 -9999 -9999 -9999 -9999 -9999 -9999 -9999 -9999 -9999 -9999 -9999 -9999 -9999 -9999 -9999 -9999 -9999 -9999 -9999 -9999 -9999 -9999
-9999 -9999 -9999 -9999 -9999 -9999 -9999 -9999 -9999 -9999 -9999 -9999 -9999 -9999 -9999 -9999 -9999 -9999 -9999 -9999 -9999 -9999 -9999 -9999 -9999 -9999 -9999 -9999 -9999 -9999 -9999 -9999 -9999 -9999 -9999 -9999 -9999 -9999 -9999 -9999 -9999 -9999 -9999 -9999 -9999 -9999 -9999 -9999 -9999 -9999 -9999 -9999 -9999 -9999 -9999 -9999 -9999 -9999 -9999 -9999 -9999 -9999 -9999
-9999 -9999 -9999 -9999 -9999 -9999 -9999 -9999 -9999 -9999 -9999 -9999 -9999 -9999 -9999 -9999 -9999 -9999 -9999 -9999 -9999 -9999 -9999 -9999 -9999 -9999 -9999 -9999 -9999 -9999 -9999 -9999 -9999 -9999 -9999 -9999 -9999 -9999 -9999 -9999 -9999 -9999 -9999 -9999 -9999 -9999 -9999 -9999 -9999 -9999 -9999 -9999 -9999 -9999 -9999 -9999 -9999 -9999 -9999 -9999 -9999 -9999 -9999
-9999 -9999 -9999 -9999 -9999 -9999 -9999 -9999 -9999 -9999 -9999 -9999 -9999 -9999 -9999 0.463653602847686 0.45378171662532 0.424610251457039 0.407176219520292 0.407207443007654 0.407833749590888 0.414288537629097 0.411760560676842 0.412802581397247 0.392611024693927 0.367270446432335 0.350933944602209 0.349749508036312 0.345067883027103 0.345838971360191 0.368489637230936 0.365124299503948 0.353526899949704 0.346821441212294 0.345383314276226 0.335235264801723 0.322356016325865 0.318861433127076 0.308524177534136 0.302640360078008 0.304797044622383 0.305828901381207 0.312082262286927 0.297398283702313 0.294094509705869 0.29630723076855 0.298274609608285 0.292167860791518 0.289198911901922 0.284380172175871 0.295705487034668 0.309074602079428 0.30059306524506 0.289972092533031 0.296696908551555 0.289470263266394 0.289088190004273 0.30545036686068 0.324902753593722 -9999 -9999 -9999 -9999
-9999 -9999 -9999 -9999 -9999 -9999 0.564927959395349 0.556205209937417 0.552344177278408 0.542128397659315 0.496090246162122 0.460035994813349 0.462139923511102 0.441191006395468 0.436151882935129 0.434944122647982 0.443741169074006 0.441408477892802 0.432213662789411 0.438335112772176 0.430757207526617 0.42288691491228 0.418385180844478 0.409210895191273 0.391385506720994 0.383939952381175 0.392700169752296 0.390130528968622 0.378507550870645 0.372764318142965 0.370279566727414 0.359962871331424 0.350730756155786 0.346724180021415 0.336251455943256 0.32811190788334 0.331390910107484 0.322066128656404 0.318986658429051 0.318568584640331 0.309590858805902 0.307699761740774 0.306172164212263 0.314732760692928 0.314961109704566 0.306641693165215 0.304253617644544 0.291072716111715 0.280084863373523 0.271944582630764 0.272862152452664 0.27779415372378 0.280434456433173 0.282060266846651 0.276908126632157 0.278575046659318 0.293344410988077 0.306639630595418 0.325478352282968 0.339436943679364 0.34271837313576 0.345822130597949 0.351430505020009
0.521240189829325 0.506726215528016 0.493616373453151 0.500092256073148 0.50821161497249 0.554080882814111 0.554984097639741 0.554680861988622 0.549199520052828 0.53909767659981 0.50968527123801 0.488125013787633 0.482722830313828 0.468701713582821 0.487628248648504 0.455375807458944 0.451431719575634 0.447149170497512 0.44431531909145 0.435824088062215 0.426482534583014 0.430536969477003 0.418556306704909 0.397671402922627 0.39081721454309 0.381585282700833 0.370319058921705 0.365573005848771 0.357104115504976 0.342700471937637 0.341281539435318 0.340897709181297 0.340460133761844 0.334326387731076 0.328927887701418 0.331022946114335 0.323322580373601 0.321601497328008 0.322731703852281 0.317745477308252 0.315778929940539 0.317287744704337 0.315989377237586 0.316702837640687 0.318683434651927 0.315614944352595 0.308845277240774 0.302595109104849 0.285626353685451 0.288851315704492 0.280168376557013 0.279435268695202 0.283702748851547 0.290364760753227 0.302679242907758 0.313798103677531 0.320706326401704 0.326758663261949 0.341744286698893 0.331592600708846 0.334350494144122 0.349965183729853 0.35305359558177
0.523083350472246 0.539221519063577 0.540717857075032 0.539420342726856 0.526031359936029 0.537345851653734 0.530305101193056 0.535129957209763 0.525435751032633 0.481847727601449 0.432321012340352 0.433294246068647 0.426514374886883 0.415728213392967 0.412172005897033 0.417905237710635 0.438673887182668 0.448970716954971 0.442606943337736 0.43020715096242 0.415399997289615 0.391791756900548 0.369093776331842 0.356147568981945 0.342693460991324 0.33800447463968 0.335871679393695 0.329090321788452 0.328612450093859 0.329382217978402 0.332482055604882 0.331443193820762 0.336403574031606 0.335939990448906 0.335580442391237 0.340410818868852 0.333827260909725 0.331645586961058 0.333149315882641 0.333173937438196 0.333318659537218 0.332847046848007 0.334942737692985 0.341001021817957 0.342816276371139 0.339221063585708 0.331644557315816 0.319453749149296 0.305228409602441 0.287831812248525 0.284197385095748 0.284264331028444 0.286562496144831 0.286850669686136 0.297581001833424 0.304000450951671 0.295059931742372 0.3099126605931 0.316176008327801 0.320857862890258 0.338038649055247 0.331397350828457 0.340278677266586
0.500580441796491 0.490357260590537 0.486865515296046 0.478833850213779 0.464464837541241 0.459023375035465 0.451782994594518 0.441875254300107 0.432555842557036 0.426245084302937 0.422998578012046 0.423593646424643 0.418461641655809 0.410408688700904 0.399347394085746 0.391793391059711 0.389239062539146 0.381139510744574 0.376898885871077 0.371437130752582 0.371132327957106 0.364444417346982 0.361057839392269 0.353765626180044 0.348222153382101 0.342375952031809 0.336473407158717 0.335566802549291 0.336482358080351 0.336149729837996 0.338139793031044 0.339030381068344 0.341627195534726 0.34369383141696 0.345938347315506 0.345746389207251 0.346990265503386 0.349520937007476 0.348661327934589 0.350732323728221 0.351192038183528 0.352460810431872 0.358159473057491 0.359029124556912 0.354579544492985 0.348350957448087 0.345064998910941 0.329941033729309 0.310754576525242 0.295765241619139 0.297876707336158 0.299993177570353 0.299066313777616 0.300545440363724 0.30561988049439 0.308364037190935 0.310920181195267 0.316505517101077 0.318008144310808 0.326385611977335 0.328392383234085 0.330341048806461 0.335484318435262
0.428176569355184 0.421386961309836 0.419259382317213 0.417531309299491 0.408185858337452 0.397949242781083 0.396810747172691 0.388635526159503 0.385691150094004 0.380122397597362 0.37555401809149 0.373485160850037 0.37038914734123 0.362003345953391 0.355383127062736 0.352864320835036 0.345656785591539 0.342141500054609 0.340014874228221 0.334274645919412 0.333115413908195 0.328842724784111 0.328843862354106 0.326332045907814 0.322839603680219 0.325744281796696 0.32643444469454 0.327971522545869 0.332484769190851 0.335590574296987 0.337983393717784 0.343342816965341 0.348282700139689 0.349502088330039 0.355489773001177 0.358324337079207 0.362332605709198 0.365059389431709 0.368426781027574 0.372701087912122 0.376284088753016 0.378924559386312 0.381123779076967 0.388456928735482 0.38738903741695 0.386623759204523 0.382215240806309 0.361833850226898 0.334602166196459 0.31563271757625 0.309949573012512 0.314442706773838 0.318985267884814 0.319032269784849 0.323764548382552 0.324895042435719 0.328330473860604 0.329512842057817 0.333176040054725 0.338457619629425 0.342305499159819 0.349822280530014 0.353949043879761
0.375427853945246 0.371198960843987 0.364251071179602 0.356783847311275 0.350522659329849 0.344566532985157 0.337337044260383 0.334436403093794 0.329933883429365 0.327562379822021 0.32493869821253 0.32321703000046 0.319748846125777 0.313655348438065 0.31045306100696 0.308378980468472 0.305977034555276 0.303681524854029 0.303816815080752 0.301681799496896 0.301131883023142 0.300827621474045 0.301031516216626 0.303654402237551 0.304938243936723 0.309267804868567 0.312466085822918 0.319823712982665 0.326041835522565 0.33203934994944 0.337875673714015 0.345099215024823 0.353207130816055 0.357362641608042 0.365028732454979 0.371056562211215 0.377993585062545 0.385534289135729 0.389535445294389 0.396792044105906 0.403055781316124 0.408290113264063 0.415144619570455 0.422716722047349 0.431904543816843 0.429394451767393 0.427587623648947 0.410579603083303 0.383735207571237 0.359030616626519 0.352445928589949 0.350193328428586 0.346278026889583 0.34352708553312 0.343853393651136 0.345642277252913 0.34494674194188 0.347923157838021 0.350701315014303 0.357872474041508 0.357413511299513 0.354542276645657 0.360250919727988
0.354940904656839 0.348648482019762 0.341850054211509 0.332139834408032 0.326256616775671 0.321031136495868 0.313645167844258 0.306107466990582 0.303223760967207 0.299079536005136 0.295053479353999 0.289871568726141 0.28430214310134 0.282174665270882 0.277448438733776 0.276231880316019 0.275034553419375 0.274000286123617 0.274120396082974 0.276053815351566 0.278048207672543 0.280298280455599 0.283388710376558 0.2871490316042 0.292547490400808 0.296621706594245 0.303660352569983 0.310706440292943 0.317603799482397 0.323289199732108 0.331457164861297 0.340047058838839 0.350258649765785 0.358136085874215 0.367808097878406 0.376681910298976 0.387146398229349 0.39715500943705 0.40531892616908 0.415359602979124 0.426170058152938 0.438656295141913 0.452703471346178 0.467103871395996 0.477372057872987 0.484024777548636 0.482316359326668 0.46016136244728 0.431800454209211 0.405494893801551 0.397060858192009 0.387572828942858 0.381693264121252 0.372153535812844 0.365605865629318 0.358244575864077 0.357415246627442 0.356648844872776 0.353807328288915 0.356252799025351 0.357968450546308 0.359840941893589 0.358053335456364
0.332650879454774 0.327576702203598 0.322167321371015 0.315792653657402 0.307854343590604 0.301455297255011 0.296171516586906 0.287068569474688 0.283625144397026 0.277023007626055 0.269524519236591 0.264778267972272 0.2590681261754 0.254830529852268 0.25154641376976 0.249438113483948 0.24908336214417 0.250826717571316 0.250726023549283 0.254348118327868 0.257657395275163 0.259004075200223 0.264930556308802 0.26981082020519 0.275940010114134 0.281275293802571 0.289523077286123 0.298328103060701 0.307154732187081 0.315637616533141 0.32734239188436 0.338377934843136 0.350434027364988 0.360533433873882 0.375525361371882 0.385897459163187 0.398372156662293 0.410509529819827 0.423320009656737 0.434266494527767 0.449690317525529 0.465622634852836 0.486467827392263 0.502825706889608 0.519386486772331 0.528094284576917 0.530537215133624 0.50257522304786 0.458778006936345 0.418784470832184 0.408339677172616 0.401303528501626 0.391861708575135 0.380559557138583 0.37404941516067 0.368251925932584 0.363982569815653 0.360702035382228 0.358955597004283 0.357821761911196 0.359235869332132 0.360485003547937 0.363686123781128
0.302093322050839 0.295288699787187 0.289751018638898 0.284240315013769 0.27898281980885 0.272697171653793 0.267027002609749 0.263233942246307 0.256084800858175 0.252071337309501 0.243284924513297 0.238619186466902 0.232996259885652 0.227445417480638 0.224986310657614 0.224591015861622 0.22328321666843 0.223468087715801 0.222916100333283 0.225045234523429 0.228114286004068 0.232236686186381 0.236714652345943 0.243179162831065 0.25124479290821 0.257066131343864 0.266142907862342 0.276101404974874 0.285869400411341 0.294895713877725 0.307659094242657 0.319915397508778 0.333208892406801 0.345927183294733 0.359345536022302 0.37418775866059 0.388841101887615 0.40511915759487 0.420686001000709 0.438258221224298 0.458223887944318 0.477840610207624 0.501891672924243 0.523584085582632 0.543208852868762 0.555114944891126 0.559492478814314 0.533367772421783 0.482176001460307 0.436937945994885 0.422137146406206 0.415640027049128 0.401920379561477 0.390272743141996 0.378972330575933 0.370194884533285 0.363429190891975 0.357994542649178 0.355267166183049 0.353761748890718 0.352790856955925 0.358231972542578 0.363071724926913
0.28076777129648 0.274412637074071 0.269040608038196 0.262704004291591 0.258995957272522 0.254938275399077 0.24957966885291 0.244254115164338 0.237935651038809 0.231590598390308 0.227234712837374 0.223431386230584 0.216631811753167 0.213529781146761 0.208966184571444 0.206315263907546 0.205503589201082 0.203919181241676 0.203237641943311 0.204704487336504 0.20949919654389 0.211513151505514 0.215623224066776 0.222159842395946 0.230768980025824 0.238739168728446 0.247053863247202 0.258711698833546 0.268162219189043 0.2799433012074 0.291811057593142 0.302710650695637 0.317065897927199 0.329148247804357 0.344326321602571 0.35949192909982 0.377660621698619 0.396183561838211 0.417934886221076 0.439749559551736 0.463163896100693 0.486753624790499 0.513423017601127 0.538500925279501 0.561066199108005 0.574959252484523 0.581686380985315 0.557188861393875 0.5103118413845 0.461156178524774 0.445372472922057 0.43682785469014 0.421484667744807 0.404926776573825 0.388758420971488 0.378711517955685 0.367334628474903 0.362280221710013 0.35592864237495 0.35262323074105 0.353481481522045 0.35960317120046 0.367630083053521
0.268110202060886 0.264282497630454 0.25927012743541 0.254119481409475 0.249225846293154 0.244118935944764 0.239832304715022 0.232130414672404 0.226956678823753 0.22313983037827 0.214629181551443 0.211816672651878 0.208864710483422 0.20448643457971 0.202266226334761 0.199035087389498 0.196193703024143 0.196352819717741 0.195797669558579 0.196485464111902 0.198370730003569 0.200629517863729 0.204875448874819 0.210579303452063 0.219123901245873 0.227651731490176 0.236462159654795 0.245779530237388 0.257627480103347 0.268476797838854 0.279005825874752 0.291125286686774 0.301970768411259 0.313908421300393 0.330612236695155 0.346163243110428 0.366404820208957 0.3885752397721 0.415537062185006 0.440348220376316 0.469232239201809 0.496442192242435 0.527543010201846 0.555273343559896 0.579987460940589 0.598007001001834 0.606660867482214 0.578429886333328 0.527814478079905 0.482354413566382 0.462863613111179 0.454248064147335 0.437364048676326 0.41708916455061 0.398588806454318 0.385014758688775 0.372742553057038 0.363003740669558 0.356968035357179 0.359042691562197 0.363801654341707 0.369573718783317 0.377381993023067
0.271919378464112 0.267312512324207 0.260088397378367 0.25704219649362 0.250252414804982 0.24434820397466 0.237999706817385 0.230284078988003 0.22483769660322 0.219197532112541 0.215065874809803 0.210424428692017 0.206627312723456 0.204948161307699 0.203475428027832 0.201158869993688 0.199469620159282 0.197680283036685 0.196752330726497 0.196537233480847 0.197011723689556 0.197717520041973 0.202486831801876 0.207878270939433 0.214864752927908 0.221405511453819 0.229698107947814 0.239234567538803 0.249901625636313 0.258083925198716 0.267530151101678 0.277641121378086 0.289629493556368 0.301160960886642 0.317402932973225 0.335045680108601 0.357293622783739 0.381451713471758 0.411161228596242 0.439025187581246 0.470657315542656 0.500637368260116 0.531925389123016 0.561561618392331 0.587664169843976 0.604936073738494 0.612783427935079 0.586690578834936 0.532011214537703 0.482864588173816 0.461400325017375 0.450321760123891 0.43179543538429 0.407594029972029 0.386460367565664 0.370600678103099 0.357229801780696 0.34931667773301 0.347016979004085 0.349503602327379 0.356821684636947 0.365104534606757 0.371956715281998
0.296149211387967 0.289315999507235 0.278388139413634 0.270486200847536 0.264678634891234 0.256107369059651 0.248897305696214 0.240249028897428 0.232447104759734 0.226125157509424 0.218746924643659 0.213634206853169 0.210961411640075 0.207563314168445 0.204263847943635 0.201073888559699 0.199406206378613 0.197528254640569 0.196300633446814 0.194594657223802 0.196275048551531 0.196697461972113 0.199863274453974 0.203843499540931 0.209086515119253 0.215411029403427 0.223165996179981 0.229959765834264 0.239441986913108 0.247438981247885 0.254769539300021 0.262863859243716 0.273298332901599 0.285861545593801 0.303117368838904 0.3224358688976 0.346108754545362 0.372404355177115 0.404381701944171 0.434734212733419 0.466776110291047 0.49374261278948 0.525717885013015 0.552966351548755 0.57622394800344 0.589384095691283 0.596495151898257 0.563633436801019 0.507101604348224 0.456715189881457 0.433219518481576 0.419773221662286 0.398293095625511 0.374863371494847 0.354639326786689 0.340382213060161 0.330984700239248 0.327570745979519 0.327138743267125 0.332817024037808 0.340737118940697 0.354127989595621 0.363816761228516
0.314263589435077 0.305406711751894 0.294303940940966 0.28433602576516 0.274911090137117 0.26812989651241 0.259781758022802 0.251967921150576 0.243355549722513 0.236275261020824 0.226743686187851 0.217166509442626 0.213862135519277 0.208816401522425 0.203786099546386 0.201435769211018 0.198245934813518 0.195839126919571 0.193866203355158 0.192118451939305 0.192987044063557 0.192269922213276 0.193948716276401 0.196075162537032 0.200374230603231 0.205825450929799 0.2103124915758 0.216583304172404 0.225352483969391 0.232079372629464 0.239615441741081 0.248423253574116 0.260222638177343 0.273227884790207 0.29098519976271 0.313008027029698 0.340111982077968 0.367300525887238 0.399947612561728 0.431465094139448 0.463254902120292 0.489953559071461 0.517615731356256 0.543927802264524 0.565656926700156 0.574562345827053 0.573496152028385 0.536186156151946 0.475210640956783 0.4223494552132 0.398695507547708 0.383693992594137 0.361399246789284 0.341300893042731 0.323273437001104 0.311411685763887 0.305678394841015 0.304157196420143 0.303710770784714 0.313009174149523 0.320974296552097 0.333608721144265 0.346414981338813
