2050_A1B_CS/PRECSD.asc
NCOLS 720 
NROWS 360 
XLLCORNER -180 
YLLCORNER -90 
CELLSIZE 0.5 
NODATA_value -9999 
[rows 224 to 251 of 360, columns 630 to 692 of 720]
0.851332304453901 0.838722741638456 0.843970950427577 0.860423926784836 0.8764656432569 0.881808175457169 0.898458656603203 0.9357623931942 0.959704203471879 0.992410616745665 1.02917822537419 1.06626633731772 1.07437831307086 1.09069229615297 1.08426920994417 1.03742080618854 1.01803781516976 1.03168791625968 1.0198070413277 0.987777837812126 0.964944059301277 0.946733251696634 0.942354775577066 0.91314652672079 0.882432772840296 0.833403192558358 0.819893432578063 0.794609873059583 0.847865510213974 0.843663869506655 0.778683213391909 0.714544954240043 -9999 -9999 -9999 -9999 -9999 -9999 -9999 -9999 -9999 -9999 -9999 -9999 -9999 -9999 -9999 -9999 -9999 -9999 -9999 -9999 -9999 -9999 -9999 -9999 -9999 -9999 -9999 -9999 -9999 -9999 0.333538026290241
0.788108894264874 0.809341061537841 0.808630234274628 0.812311514635494 0.83574759869471 0.847067861611984 0.877238150630114 0.906105768261815 0.916229338901964 0.922471387969585 0.968224590724816 1.00321250867351 1.00622663960427 1.01333842916752 1.00633883464705 0.984741516439584 1.01761838665511 1.03004814831729 0.990592750566678 0.945162624607287 0.912102891144293 0.889800604774743 0.884294932354325 0.878469678024362 0.854832436418691 0.808706128196885 0.790438113896178 0.800844493744246 0.825289490144286 0.848050715376409 0.783038016925358 0.722610440745527 -9999 -9999 -9999 -9999 -9999 -9999 -9999 -9999 -9999 -9999 -9999 -9999 -9999 -9999 -9999 -9999 -9999 -9999 -9999 -9999 -9999 -9999 -9999 -9999 -9999 -9999 -9999 -9999 -9999 -9999 -9999
0.722334775208945 0.781359787727018 0.781279327960797 0.784979499328361 0.802200256459126 0.826715394849523 0.847656400676132 0.871691940113661 0.885873190816368 0.90003241598408 0.913054994986968 0.940540539962752 0.95705941438223 0.957583315867979 0.940629464817617 0.922912197770338 0.921087976071821 0.916410345198468 0.885393029278815 0.885922769585559 0.8618534732399 0.82849466297326 0.830127623638579 0.84545654603817 0.835660885409802 0.82622215968652 0.80728838216857 0.813468538723588 0.817020760596651 0.820372495115903 0.799447842224986 0.763991635675068 -9999 -9999 -9999 -9999 -9999 -9999 -9999 -9999 -9999 -9999 -9999 -9999 -9999 -9999 -9999 -9999 -9999 -9999 -9999 -9999 -9999 -9999 -9999 -9999 -9999 -9999 -9999 -9999 -9999 -9999 -9999
0.678988816263054 0.709511995013155 0.733685941563153 0.753211787019463 0.770883365517878 0.797414984932553 0.815028429284609 0.834429820883578 0.842961757279352 0.863878769946836 0.890053160939959 0.929285872682691 0.929374213539976 0.906133812470492 0.883292612687136 0.853778695397849 0.831827404422016 0.817358216490938 0.789587897049572 0.813358384424981 0.817992067528922 0.766828164099881 0.768805378898095 0.796398635970834 0.816761724607135 0.800656036101602 0.786231070713898 0.779129986294687 0.764946204076071 0.768457253884623 0.769361634439151 0.748504622225674 0.693096256056806 -9999 -9999 -9999 -9999 -9999 -9999 -9999 -9999 -9999 -9999 -9999 -9999 -9999 -9999 -9999 -9999 -9999 -9999 -9999 -9999 -9999 -9999 -9999 -9999 -9999 -9999 -9999 -9999 -9999 -9999
0.634439274840321 0.671310733715261 0.685856900961168 0.713699849184051 0.742499317072102 0.767294791895822 0.797866734017871 0.822713013771192 0.836092040883327 0.860910541995103 0.889488258788138 0.905600777825827 0.899744462012152 0.875798499422922 0.841996240803591 0.806723722241951 0.783489665111105 0.78734779741286 0.780455606739464 0.788834346082457 0.764482901459133 0.729709119465206 0.716958996496318 0.742601292411438 0.761408758404842 0.73565997670136 0.742044671776963 0.727356993677938 0.712228421720074 0.703557454476971 0.707087094076857 0.71551324919189 0.72348618999616 0.722897974578696 -9999 -9999 -9999 -9999 -9999 -9999 -9999 -9999 -9999 -9999 -9999 -9999 -9999 -9999 -9999 -9999 -9999 -9999 -9999 -9999 -9999 -9999 -9999 -9999 -9999 -9999 -9999 -9999 -9999
0.613724765465362 0.617575486163073 0.645066163166428 0.667114204038901 0.715922719527251 0.756369017446557 0.776517781054229 0.804946813872029 0.830648420477599 0.864807792010621 0.908325053206463 0.910736763580067 0.880638136408289 0.85186898822309 0.807288969854543 0.799604146449094 0.778529779568746 0.765064103492769 0.757770298855686 0.739057104969149 0.725797311683508 0.709755261583497 0.673785188864357 0.67093542872264 0.684269564185219 0.664974837402987 0.674364501784557 0.676820842081749 0.66988993287613 0.653180294914097 0.639953458911378 0.661314720322425 0.709703551524257 0.742418890329915 0.728048935914875 -9999 0.504986323303548 -9999 -9999 -9999 -9999 -9999 -9999 -9999 -9999 -9999 -9999 -9999 -9999 -9999 -9999 -9999 -9999 -9999 -9999 -9999 -9999 -9999 -9999 -9999 -9999 -9999 -9999
0.586584178978115 0.603518223069909 0.612865624687625 0.640848439105091 0.688721028760581 0.734291894655058 0.76599505443948 0.785367292893451 0.808582918031835 0.848842927078436 0.906351867488474 0.92302641833322 0.887720418361143 0.831523782955036 0.812759809141225 0.809399566633589 0.789103620089088 0.75402158526136 0.724778855022331 0.710046841376964 0.696062367838753 0.678332489222332 0.64438276622423 0.632980265234754 0.650764890101795 0.642291933297534 0.639812537830517 0.641003239687366 0.621050377715402 0.613739211724811 0.612105833818911 0.647840102421458 0.685648874101348 0.73523128995988 0.721334474076769 0.658719735284712 0.538491515028238 -9999 -9999 -9999 -9999 -9999 -9999 -9999 -9999 -9999 -9999 -9999 -9999 -9999 -9999 -9999 -9999 -9999 -9999 -9999 -9999 -9999 -9999 -9999 -9999 -9999 -9999
0.562296503841071 0.586543967802325 0.595984319906515 0.610875105394204 0.651669170935245 0.706899448668858 0.741383735298279 0.75866583070376 0.756732053880936 0.807604033201205 0.863871442964534 0.881193686468129 0.866768812431604 0.837083583081583 0.821249070531277 0.819357582969835 0.766311372951486 0.7334114952619 0.713578381469717 0.710137498930392 0.695599326838454 0.662129994003163 0.615613515602309 0.608036365767285 0.644185147994517 0.642157739445635 0.618215652451202 0.604929812498935 0.594554538666581 0.59586250574859 0.587910845748051 0.60794163123393 0.635836704873545 0.668178921649578 0.687502602216331 0.623040124419338 0.53733755036477 -9999 -9999 -9999 -9999 -9999 -9999 -9999 -9999 -9999 -9999 -9999 -9999 -9999 -9999 -9999 -9999 -9999 -9999 -9999 -9999 -9999 -9999 -9999 -9999 -9999 -9999
0.519195718168048 0.543069998411401 0.554819505567034 0.582824288222595 0.62864834198377 0.680827299283333 0.715065847168974 0.745092536515879 0.741318297187486 0.765016862477536 0.814754164265839 0.834605149722266 0.832815553741044 0.81283078944858 0.786976345423395 0.751579542616005 0.704606061365503 0.702701926425311 0.718011361696747 0.710135939702747 0.664523869959919 0.625917374262522 0.601789291361302 0.585149886012788 0.597521499960806 0.603176653197496 0.584087377106398 0.561078364092202 0.565442826227682 0.555517842325834 0.554044031929096 0.565222902975434 0.584728005041176 0.595048184461983 0.634005130249214 0.628266895378733 0.549636638844609 -9999 -9999 -9999 -9999 -9999 -9999 -9999 -9999 -9999 -9999 -9999 -9999 -9999 -9999 -9999 -9999 -9999 -9999 -9999 -9999 -9999 -9999 -9999 -9999 -9999 -9999
0.491413083811576 0.490954378533406 0.508897660711055 0.525657815992325 0.580320474667468 0.634466253561239 0.713654538120984 0.772759517657017 0.746320690281572 0.723789051363013 0.764179909148649 0.793428342569101 0.804709806557337 0.794008638833972 0.764115173079151 0.718013362689093 0.703026016626309 0.704966663560243 0.705068315229259 0.697930135035976 0.661873346704561 0.628402458875974 0.639089865249044 0.591526806190705 0.570913976140095 0.569527016136442 0.547311215740268 0.51087701162801 0.514252527610635 0.518791329708464 0.527551957403144 0.53301897947424 0.540706640017517 0.552046115338097 0.606421670474089 0.636698725596106 0.556078183838963 -9999 -9999 -9999 -9999 -9999 -9999 -9999 -9999 -9999 -9999 -9999 -9999 -9999 -9999 -9999 -9999 -9999 -9999 -9999 -9999 -9999 -9999 -9999 -9999 -9999 -9999
0.495107894440895 0.465053727401024 0.456548803992872 0.486739310376203 0.533125238804791 0.590012509437818 0.667519417743369 0.725309622762468 0.697039753476414 0.647416522001002 0.656065633885737 0.7228395933973 0.751326913091432 0.769692010441381 0.748578778730973 0.719472981733868 0.707880391000973 0.725647748244099 0.726826609089468 0.677036785830174 0.649507612560444 0.604668786857212 0.591708189392353 0.583299933560738 0.564359289864355 0.553539584398812 0.535962322884395 0.504937725160457 0.487739049726253 0.492716048412096 0.500504489329326 0.501273275307494 0.500246298083822 0.525545329284697 0.559752063404113 0.572100103843744 0.511269176444937 0.437876417490264 -9999 -9999 -9999 -9999 -9999 -9999 -9999 -9999 -9999 -9999 -9999 -9999 -9999 -9999 -9999 -9999 -9999 -9999 -9999 -9999 -9999 -9999 -9999 -9999 -9999
0.496215941020013 0.460936054843189 0.412697384153964 0.433806432505209 0.487415365429039 0.529967755692234 0.599519475216724 0.606531254467652 0.60090495253796 0.578375789395087 0.557932086052869 0.614605430251842 0.665646387797148 0.699220925653572 0.712813887834002 0.699606077226675 0.668918690810814 0.663356545224046 0.665401399980278 0.657261710341549 0.650312748336638 0.595260558816585 0.57364429412588 0.567196185170848 0.559198986612356 0.554817772603906 0.546227501333191 0.526381510512287 0.486741127695585 0.463772599581393 0.451062984632537 0.461482882013382 0.472013005683555 0.504417948072611 0.527354301057983 0.534266777217207 0.517020217329242 0.493633314164893 -9999 -9999 -9999 -9999 -9999 -9999 -9999 -9999 -9999 -9999 -9999 -9999 -9999 -9999 -9999 -9999 -9999 -9999 -9999 -9999 -9999 -9999 -9999 -9999 -9999
0.462499282001919 0.427474393958502 0.3913223919833 0.405757816994225 0.443818959715436 0.46908259994832 0.521148273834164 0.528945985998324 0.549157033005466 0.552104070738499 0.538789765742747 0.501888961007483 0.545973868144322 0.604338572124336 0.635278784815909 0.629812246096592 0.608936295210579 0.586328254664668 0.603418616500661 0.636839901119904 0.648090161910101 0.600887455332034 0.569603844552907 0.563469203790096 0.566120691214085 0.564443356215502 0.558913822505525 0.54035865248688 0.496888167187054 0.477087925830489 0.45116041488208 0.433472139838153 0.429571176831644 0.436632286846142 0.486944635079484 0.539374377435591 0.550986968828955 0.533934492447686 -9999 -9999 -9999 -9999 -9999 -9999 -9999 -9999 -9999 -9999 -9999 -9999 -9999 -9999 -9999 -9999 -9999 -9999 -9999 -9999 -9999 -9999 -9999 -9999 -9999
0.426529089055018 0.380681287180537 0.354332225258954 0.395040362679413 0.444474386557608 0.459705359438213 0.490399614039936 0.523403862402518 0.537654541594331 0.547399708069975 0.516785601106731 0.479378546202868 0.488804049634413 0.536018870463173 0.599344658245589 0.595067888201237 0.565828037030018 0.548023992634358 0.571997970806844 0.604774013352912 0.605989039538917 0.583856408074982 0.558545335439438 0.561782823985278 0.577420438940523 0.582221407222215 0.579140305675934 0.56257591959689 0.518552044729511 0.469877385192114 0.443766596210146 0.442400469938733 0.430667763814586 0.406231935167265 0.497288491188414 0.578114167922508 0.542491094571031 0.494416508290671 -9999 -9999 -9999 -9999 -9999 -9999 -9999 -9999 -9999 -9999 -9999 -9999 -9999 -9999 -9999 -9999 -9999 -9999 -9999 -9999 -9999 -9999 -9999 -9999 -9999
0.399406414175677 0.362134560639194 0.369149753369016 0.405101214694157 0.436395846095132 0.463177000646048 0.490389845610537 0.513601715773735 0.545183971376815 0.545525756674643 0.515232456071806 0.494950090693285 0.505155907642041 0.488627460001429 0.534378532628831 0.542330090839468 0.525222530805281 0.506853842408665 0.529109591203354 0.559394405686711 0.560485061220244 0.549016696101178 0.541004278202305 0.572759848866468 0.587094936745615 0.601498029754776 0.605004742351729 0.59708744572239 0.530299334154027 0.450676269654756 0.427199647596901 0.423943001425364 0.43103160506149 0.427590057147205 0.514991412910434 0.569042250017226 0.508387749529658 -9999 -9999 -9999 -9999 -9999 -9999 -9999 -9999 -9999 -9999 -9999 -9999 -9999 -9999 -9999 -9999 -9999 -9999 -9999 -9999 -9999 -9999 -9999 -9999 -9999 -9999
0.35868029422795 0.348135345443824 0.368207910416946 0.406396015761135 0.442872305289234 0.462352447301155 0.495329253755493 0.497129695499984 0.508782694638597 0.523657593418557 0.524140601614951 0.508865265936544 0.506166833859245 0.480368908448959 0.473200117924532 0.481847368594112 0.462637380943944 0.457048270974671 0.481281986607283 0.507540682735759 0.496989609281227 0.502858873448091 0.509054538371515 0.52985523196866 0.555847459192229 0.573305003844671 0.583348129550972 0.594180263067344 0.526855283305112 0.453840501809913 0.428802751478502 0.426960936890259 0.422815567622858 0.430182216493624 0.559752864095944 0.576811368871303 0.504523656144239 -9999 -9999 -9999 -9999 -9999 -9999 -9999 -9999 -9999 -9999 -9999 -9999 -9999 -9999 -9999 -9999 -9999 -9999 -9999 -9999 -9999 -9999 -9999 -9999 -9999 -9999
0.32820530149721 0.333435617103173 0.368330172122139 0.404216644889861 0.430436249603898 0.449478050094462 0.451203686606184 0.4172765994947 0.420920638896208 0.526411482496986 0.526178962364362 0.499678302563699 0.483312280079741 0.465178342583052 0.439178332711285 0.436341356157792 0.429765484360675 0.436551750578552 0.456561043603738 0.458402129698533 0.463929962974229 0.471193471729027 0.478581014822721 0.488444765095172 0.513779118590842 0.53455434728892 0.553749873062106 0.569590191918043 0.526877728207076 0.485974603001924 0.432120859209814 0.437620734048559 0.424106400718097 0.45259118482397 0.547640679179361 0.582070032856572 0.547025080491614 -9999 -9999 -9999 -9999 -9999 -9999 -9999 -9999 -9999 -9999 -9999 -9999 -9999 -9999 -9999 -9999 -9999 -9999 -9999 -9999 -9999 -9999 -9999 -9999 -9999 -9999
0.275534947045977 0.296327790236041 0.334266302586418 0.373429867015296 0.376665075773389 0.381329246971568 0.363666394946166 0.335922901035981 0.474352860729034 0.556030314534462 0.508015836663683 0.462218432128129 0.427987129337759 0.409180262440038 0.38617071349823 0.405137932347587 0.424134804380611 0.423892188375205 0.438146671721988 0.446825416268566 0.459124453918732 0.485469334189705 0.470566539537191 0.462561168179744 0.4698588353551 0.482729315091351 0.506569568704597 0.504619152915668 0.492113602105927 0.487092834083996 0.470922395771186 0.462654051391357 0.417087840129837 0.470840797135479 0.548162909754244 0.547824329535424 0.500343101844074 -9999 -9999 -9999 -9999 -9999 -9999 -9999 -9999 -9999 -9999 -9999 -9999 -9999 -9999 -9999 -9999 -9999 -9999 -9999 -9999 -9999 -9999 -9999 -9999 -9999 -9999
0.243944251078083 0.250815465071477 0.263200325094543 0.299564006057733 0.308406354125676 0.305116881201477 0.300370341994976 0.323481838050928 0.474987219411219 0.489915272141682 0.455239696785204 0.409949543732563 0.370441302987933 0.360466702814745 0.37846918090461 0.377466990199717 0.384971472526 0.399463159118259 0.408746033524413 0.420124681623996 0.417642571080438 0.440662211516723 0.434493926100473 0.432281093506899 0.42430520488592 0.415653849131703 0.45051731781917 0.449086413529397 0.458718439807445 0.486441120149385 0.472533029626463 0.438746076381716 0.403192301099727 0.447360800418882 0.53095395839802 0.498036644730809 -9999 -9999 -9999 -9999 -9999 -9999 -9999 -9999 -9999 -9999 -9999 -9999 -9999 -9999 -9999 -9999 -9999 -9999 -9999 -9999 -9999 -9999 -9999 -9999 -9999 -9999 -9999
0.257260074759299 0.242282023939806 0.23350071896385 0.260524663184771 0.271839953379209 0.249455141978698 0.263296508842747 0.272807047944192 0.345195819019137 0.384027764625277 0.378451346438502 0.351792320592525 0.336047433407457 0.339137559144192 0.371465909463288 0.369896269684936 0.359582681025674 0.360924888982693 0.37306583935445 0.381984618667262 0.389767312271839 0.366942768632411 0.379333131675749 0.398269823769061 0.426151550451808 0.434086412729087 0.42054815299668 0.42322850271564 0.437826139424108 0.421534430723991 0.434127441697555 0.407633344779692 0.410394755480824 0.524943420412792 0.542838117431968 0.484736598738043 -9999 -9999 -9999 -9999 -9999 -9999 -9999 -9999 -9999 -9999 -9999 -9999 -9999 -9999 -9999 -9999 -9999 -9999 -9999 -9999 -9999 -9999 -9999 -9999 -9999 -9999 -9999
0.334730448933736 0.291576386328493 0.260741353165522 0.226237040241118 0.223883136703035 0.220033343653411 0.221801057648822 0.215588685861046 0.270471200822395 0.300158800404213 0.332830090274989 0.328250492207227 0.32039299748697 0.34611390871345 0.360938411138315 0.380183218028138 0.360531096425726 0.347092129233383 0.359527113784364 0.372651937062192 0.369282651193788 0.345855139848597 0.321102165264612 0.339429125593617 0.397447082802573 0.392877558234414 0.370050228895621 0.349977122851795 0.365463541455981 0.404734675313733 0.48150935652164 0.476565421815749 0.482065866363506 0.516581344514224 0.480942468606553 0.46045790004373 -9999 -9999 -9999 -9999 -9999 -9999 -9999 -9999 -9999 -9999 -9999 -9999 -9999 -9999 -9999 -9999 -9999 -9999 -9999 -9999 -9999 -9999 -9999 -9999 -9999 -9999 -9999
0.424261235425427 0.345488584968322 0.297573726554516 0.234727767078749 0.204701803481998 0.221464413008645 0.29350415953406 0.203835216503685 0.190739774899783 0.234963629577004 0.287040753612679 0.298418750466551 0.290986957453944 0.314494782079798 0.342377942336064 0.349152110024518 0.347585215500411 0.351205281456416 0.360311922286001 0.357898864623475 0.34302467658789 0.325735465012977 0.304638588548937 0.307046628996087 0.342013831044964 0.361712931759897 0.326956261119346 0.297120440984966 0.28598407325718 0.332003108319826 0.427894984779173 0.495867881063005 0.484027269849789 0.444310230328406 0.387461917146862 -9999 -9999 -9999 -9999 -9999 -9999 -9999 -9999 -9999 -9999 -9999 -9999 -9999 -9999 -9999 -9999 -9999 -9999 -9999 -9999 -9999 -9999 -9999 -9999 -9999 -9999 -9999 -9999
0.495551940052817 0.403040584542856 0.348425896529179 0.282486567772804 0.244192814752415 0.30644315128887 0.353735432652514 0.298876308076211 0.167515935418441 0.19410769892204 0.211754506611559 0.218365706890803 0.231018100204172 0.246699809688152 0.274436321246646 0.292736553549293 0.316131148548979 0.320255890143528 0.334654972226958 0.326957019348411 0.310748663848974 0.287662247450289 0.284384488787039 0.273889606450432 0.288285443900031 0.288258972562506 0.273078521918864 0.236857694498107 0.227711140927584 0.283138646606592 0.428526159523238 0.512746134488054 0.469357181902545 0.458392335521506 -9999 -9999 -9999 -9999 -9999 -9999 -9999 -9999 -9999 -9999 -9999 -9999 -9999 -9999 -9999 -9999 -9999 -9999 -9999 -9999 -9999 -9999 -9999 -9999 -9999 -9999 -9999 -9999 -9999
0.57018815918455 0.487937371108086 0.396924172154959 0.311436056024561 0.302184587751066 0.382632299536337 0.376664582286311 0.379981224702549 0.202226778030643 0.171205920008443 0.174793772387295 0.171139733519922 0.170516862837807 0.177137713268445 0.199983415182222 0.226247784194705 0.250015700269166 0.258125128000189 0.263269427309017 0.279244840211878 0.272242841926427 0.24988074201239 0.230925825497311 0.23165181746347 0.22918018147548 0.222289078021588 0.207617332178033 0.192516436781956 0.176463621519996 0.217642440948623 0.413157636191253 0.481127933700462 0.445865178214123 -9999 -9999 -9999 -9999 -9999 -9999 -9999 -9999 -9999 -9999 -9999 -9999 -9999 -9999 -9999 -9999 -9999 -9999 -9999 -9999 -9999 -9999 -9999 -9999 -9999 -9999 -9999 -9999 -9999 -9999
0.603765265719816 0.559730756806238 0.474965907578666 -9999 0.437497563538211 0.419824686027596 0.348346524758239 0.38830317150933 0.272241116873027 0.203179134694816 0.181730833028527 0.169713664877343 0.156908188323123 0.158626015567651 0.173223646815154 0.189235717032792 0.203548871430638 0.215103597658623 0.220038859688173 0.221017635536277 0.211165738718671 0.208734371718436 0.191020183255361 0.194943785015018 0.186228743309365 0.179605151191393 0.153329822262162 0.159172654117043 0.151826368645166 0.214426335073003 0.379599427328201 0.440743688621999 0.449776056510586 -9999 -9999 -9999 -9999 -9999 -9999 -9999 -9999 -9999 -9999 -9999 -9999 -9999 -9999 -9999 -9999 -9999 -9999 -9999 -9999 -9999 -9999 -9999 -9999 -9999 -9999 -9999 -9999 -9999 -9999
0.615797080408341 0.603187706063175 -9999 -9999 0.529129134978177 0.463202497684663 0.358463648368341 0.442958880495501 0.324177298737722 0.231429251529386 0.207634575680652 0.183332653532406 0.170765782392735 0.165453778142586 0.177186211849481 0.184320113105217 0.193230939303424 0.203074750386326 0.197330296678153 0.19415120846342 0.185758186383311 0.176154580815118 0.153792886211597 0.149374880792044 0.126305895748288 0.134807745617779 0.130205342937488 0.127935675522805 0.143024734796119 0.233866269833256 0.359407070189371 0.41320920822646 -9999 -9999 -9999 -9999 -9999 -9999 -9999 -9999 -9999 -9999 -9999 -9999 -9999 -9999 -9999 -9999 -9999 -9999 -9999 -9999 -9999 -9999 -9999 -9999 -9999 -9999 -9999 -9999 -9999 -9999 -9999
-9999 -9999 -9999 0.577457226828679 0.557425397286756 0.503189722787424 0.516696764393886 0.443764961493489 0.305441595605712 0.290895031446784 0.27023669909467 0.238852153060559 0.207866366151271 0.191336499742569 0.192637982857229 0.191313373043539 0.197658578129666 0.212100118304036 0.193571768966938 0.183519225663552 0.169481258821781 0.157889024743921 0.141542365256944 0.141292595285578 0.129709948013125 0.154478613775273 0.17526492797018 0.159357583338403 0.177960325874977 0.252461273321082 0.337440577920132 0.341271562722039 -9999 -9999 -9999 -9999 -9999 -9999 -9999 -9999 -9999 -9999 -9999 -9999 -9999 -9999 -9999 -9999 -9999 -9999 -9999 -9999 -9999 -9999 -9999 -9999 -9999 -9999 -9999 -9999 -9999 -9999 -9999
-9999 -9999 -9999 0.619302351415901 0.580067542877894 0.565349425263026 0.537225469976782 0.429080688505785 0.401257185077611 0.378755149749816 0.339150729593341 0.303996338821208 0.26470301778857 0.230180846627386 0.226908708236953 0.222962019159169 0.21691160469699 0.214289995705307 0.204494962881188 0.175230395098597 0.150395979032593 0.148412771069677 0.150482950008015 0.180409806115344 0.199781339591328 0.226627119136081 0.214584798005723 0.158200918553283 0.198969670725207 0.288249121691956 0.353644449811895 -9999 -9999 -9999 -9999 -9999 -9999 -9999 -9999 -9999 -9999 -9999 -9999 -9999 -9999 -9999 -9999 -9999 -9999 -9999 -9999 -9999 -9999 -9999 -9999 -9999 -9999 -9999 -9999 -9999 -9999 -9999 -9999
