2050_A1B_CS/TMAX.asc
NCOLS 720 
NROWS 360 
XLLCORNER -180 
YLLCORNER -90 
CELLSIZE 0.5 
NODATA_value -9999 
[rows 224 to 251 of 360, columns 630 to 692 of 720]
40.92062461413 41.3326568012873 41.7632815840307 42.2179685833752 42.4793748261495 42.6593748333776 42.7134376765635 42.6215625405799 42.179531216457 42.0337497591154 41.987031280915 41.9875001309729 41.9846879838717 42.084999739935 42.1149997710238 42.0981247426495 41.8120322823925 41.4112499952694 41.2401560545085 40.8403127191516 40.3531246184516 39.6124998328207 39.2784376144299 38.8814061283837 38.0479689239393 36.924374937879 36.1098437901323 35.2332816115491 33.7476564039729 33.4082822197514 32.7416666348775 32.0966661771138 -9999 -9999 -9999 -9999 -9999 -9999 -9999 -9999 -9999 -9999 -9999 -9999 -9999 -9999 -9999 -9999 -9999 -9999 -9999 -9999 -9999 -9999 -9999 -9999 -9999 -9999 -9999 -9999 -9999 -9999 30.1981256008147
40.5493743422189 41.059843599714 41.5860936046173 41.9142184259915 42.1287503842461 42.213125348568 42.4106255773463 42.5310939551427 42.3403123020075 42.1635931728913 42.1501559017151 42.1140635609078 42.1065629123779 42.2617188691018 42.1468753219058 41.8051563504848 41.5579693321265 41.4665621517787 41.2560924887273 40.9574993252723 40.4609376191073 39.6584374906719 39.1912499071736 38.8743751645433 38.2139057515333 37.5107807508557 36.6835940474608 36.1220315688385 34.9576560844628 34.064218520631 33.0774482085648 32.0682295163948 -9999 -9999 -9999 -9999 -9999 -9999 -9999 -9999 -9999 -9999 -9999 -9999 -9999 -9999 -9999 -9999 -9999 -9999 -9999 -9999 -9999 -9999 -9999 -9999 -9999 -9999 -9999 -9999 -9999 -9999 -9999
40.0475001331328 41.0379685760209 41.5132809878765 41.8395314814217 42.0478123426578 42.1682817935779 42.2049994468251 42.3596879840069 42.301718533212 42.2614058256329 42.1860945225364 42.1256251930033 42.254999637488 42.2109379173749 41.9467185140289 41.6495311856199 41.5567188858024 41.572655677779 41.3696876764313 40.9229686262046 40.3992183806209 39.6824997662215 39.1814059612937 39.1073435545539 38.3150003555221 38.4143749471881 37.9134375444782 37.1404687160277 36.1612499944025 35.1154683219863 34.0925000301058 33.0142184481886 -9999 -9999 -9999 -9999 -9999 -9999 -9999 -9999 -9999 -9999 -9999 -9999 -9999 -9999 -9999 -9999 -9999 -9999 -9999 -9999 -9999 -9999 -9999 -9999 -9999 -9999 -9999 -9999 -9999 -9999 -9999
40.4782806035495 41.0370308756181 41.412500202687 41.7106250525114 41.9671872855434 42.1354687214608 42.2406254410588 42.3207812905787 42.1376562119536 42.222499668645 42.1387503147312 42.2132808565789 42.2517184020298 41.9995312096787 41.8126558067013 41.6406251788358 41.6907812355677 41.5717181563557 41.1943747404139 40.8095310330461 40.3659373520666 39.733594059987 39.2128130199194 38.9334377052724 38.4818754190614 38.8301563259609 38.5359376666761 37.5393750666854 36.3604683880991 36.3496878735044 35.0140625231944 34.0890627499511 33.4679690594364 -9999 -9999 -9999 -9999 -9999 -9999 -9999 -9999 -9999 -9999 -9999 -9999 -9999 -9999 -9999 -9999 -9999 -9999 -9999 -9999 -9999 -9999 -9999 -9999 -9999 -9999 -9999 -9999 -9999 -9999
40.8717184065131 41.0910935997815 41.3403124810339 41.5920313597962 41.8295311333017 42.0039063693734 42.1081247926878 42.176093578467 42.1237500311064 42.102656245402 42.0306246877774 42.1496872306321 42.0842186214601 41.7828128933798 41.7443746329318 41.6103122830655 41.6765629054625 41.4318744541583 41.1512502431963 40.8235933782607 40.4695311784767 39.8189061282875 38.8898442982639 38.5664061904786 38.7285943029266 38.7028132684529 38.4040624502261 37.9939067361615 37.2243754856055 37.2609370345906 36.0317181940405 34.3474999667582 33.7104685908016 32.8882808682059 -9999 -9999 -9999 -9999 -9999 -9999 -9999 -9999 -9999 -9999 -9999 -9999 -9999 -9999 -9999 -9999 -9999 -9999 -9999 -9999 -9999 -9999 -9999 -9999 -9999 -9999 -9999 -9999 -9999
40.9687501788171 41.1487505435137 41.2882819175511 41.4542194605921 41.6457813979971 41.8089063765209 41.9403127433529 41.9843750001893 41.9329686166896 41.952656745989 41.9865622520121 42.0184369088941 41.8826565147726 41.742969214993 41.5517192485174 41.627187311595 41.5242179037156 41.3104692698169 40.8554683928522 40.3492187863546 40.288594365417 39.7124998572436 39.0182815192989 38.2617186908165 38.2228121171869 37.0396873971046 37.5556244861266 38.059530735119 37.7320318221309 37.5154690147152 36.4629684087906 34.7112497083909 33.9129689327066 33.3106247182907 32.3856252432707 -9999 30.8399991989136 -9999 -9999 -9999 -9999 -9999 -9999 -9999 -9999 -9999 -9999 -9999 -9999 -9999 -9999 -9999 -9999 -9999 -9999 -9999 -9999 -9999 -9999 -9999 -9999 -9999 -9999
41.0065629482223 41.2395310401197 41.35015553235 41.4349991679253 41.5614063143908 41.6260940433051 41.7239063383966 41.6657807233602 41.5978124143967 41.6939055921527 41.8560938837194 41.8921872975561 41.7709376813389 41.5492187739014 41.6651557087674 41.6651560665066 41.5337497594323 41.1568754319491 40.5970308779951 40.1728125212396 39.8601562382144 39.3656244875516 39.0324999094071 38.353280901574 37.8475002643383 37.1724996558698 37.2606241100707 37.5479682686922 37.175468325164 37.2931250328465 36.7615626452728 35.7003132099444 35.2056244601283 34.1612491596838 33.0532810086643 32.0515620408942 30.5923960207238 -9999 -9999 -9999 -9999 -9999 -9999 -9999 -9999 -9999 -9999 -9999 -9999 -9999 -9999 -9999 -9999 -9999 -9999 -9999 -9999 -9999 -9999 -9999 -9999 -9999 -9999
40.9554688335352 41.2460942268981 41.3707811832189 41.4148434400828 41.5210932493696 41.5689066648923 41.5631248951791 41.43749934446 41.3634370567003 41.4103122356346 41.5349994901082 41.5289065841724 41.4414063100064 41.4967188239367 41.5704685451382 41.4931252600706 41.3214060665326 40.9389066099604 40.6026560068755 40.2979692220803 39.6750001312999 39.271874845031 39.0006247163281 38.5843748449816 37.9384375216135 38.0115624064414 37.6121873260023 37.67453116128 37.8490625613302 37.8246871825593 36.96453130228 36.2056252953491 35.8412497043578 34.8039055466875 33.5806242224191 32.3468745943521 30.7803121804312 -9999 -9999 -9999 -9999 -9999 -9999 -9999 -9999 -9999 -9999 -9999 -9999 -9999 -9999 -9999 -9999 -9999 -9999 -9999 -9999 -9999 -9999 -9999 -9999 -9999 -9999
40.7659375072064 41.0926563144522 41.3382809162686 41.3790624738032 41.4370316267744 41.48343741905 41.440781533825 41.3470313549557 41.2650001049657 41.2251558901348 41.199062466749 41.0289063456589 41.1585937144656 41.3657807710671 41.2943753005181 41.0599995854101 41.1845309736767 40.9628122450075 40.6478118896715 40.2310940623445 39.6173434852608 39.2742186785552 38.8889059424454 38.4698442219496 38.0828124877637 38.2445314522828 38.0281248680515 38.149999618035 38.0746873616726 37.7418749334612 37.0996872185138 36.2128124829646 35.3604687453062 34.445000589506 33.4706252226613 32.3451559253176 30.9675002693022 -9999 -9999 -9999 -9999 -9999 -9999 -9999 -9999 -9999 -9999 -9999 -9999 -9999 -9999 -9999 -9999 -9999 -9999 -9999 -9999 -9999 -9999 -9999 -9999 -9999 -9999
40.7148437500299 40.9979691506191 41.2623445392353 41.3312501311793 41.3456249833874 41.3568750620839 41.2921871544296 41.2209374906182 41.1309377552658 41.074218154054 41.0635942817677 40.9314064382195 40.8712504508534 40.9856250289446 41.057656586447 40.8387497068494 40.876092851425 40.6951555016885 40.6173430681497 40.1950001120997 39.7490626572351 39.3285936711524 38.9906255005072 38.662968635362 38.6153123373186 38.6757811304571 38.6928123829034 38.6937506194926 38.4632815116692 37.9828124040206 37.4231247898143 36.6684373613169 35.2854689956193 33.7512495522976 33.2573434704697 31.7873436214096 30.9021875860285 -9999 -9999 -9999 -9999 -9999 -9999 -9999 -9999 -9999 -9999 -9999 -9999 -9999 -9999 -9999 -9999 -9999 -9999 -9999 -9999 -9999 -9999 -9999 -9999 -9999 -9999
40.5012499096151 40.6953123812113 40.9784368875961 41.1434367301481 41.1596872808553 41.1428122522909 41.0898439290655 40.9098439219772 40.7529682519598 40.8017184737258 40.7831256392707 40.6739064459613 40.5326561928522 40.6892187000644 40.7065624000982 40.6400001646006 40.6156250241263 40.4600000382112 40.5398437978588 40.1296875479116 39.7773437500252 39.4206253290727 39.2535938023213 39.1579685804269 39.1420309540207 39.0979683396027 39.0470312831882 39.0151568054625 38.6567189696884 38.2175000908804 37.5764060020224 36.6412498951172 35.6879687905991 33.6943754553305 33.3673437826851 32.4575005756944 30.817812859576 29.5962501762646 -9999 -9999 -9999 -9999 -9999 -9999 -9999 -9999 -9999 -9999 -9999 -9999 -9999 -9999 -9999 -9999 -9999 -9999 -9999 -9999 -9999 -9999 -9999 -9999 -9999
40.3160934449119 40.5073433517274 40.6610940100615 40.8528129460761 40.9360935093612 40.8587496878882 40.7659375074286 40.514218986363 40.4210933449744 40.4178124669554 40.3678118590215 40.2951565386458 40.2298435573011 40.4089060428999 40.4749999643806 40.415469408309 40.2579687240721 40.3864063025078 40.3124995829627 40.0007809400383 39.7393747568496 39.3812497854324 39.3656248449761 39.4514060018624 39.5179691908022 39.4415623543222 39.200311839521 38.978593826406 38.5550001261849 38.166406333249 37.5956252813247 36.6520314812271 35.5037491323881 33.8096877335114 33.0040624452542 33.4329690334062 31.3629692490347 30.4259373542795 -9999 -9999 -9999 -9999 -9999 -9999 -9999 -9999 -9999 -9999 -9999 -9999 -9999 -9999 -9999 -9999 -9999 -9999 -9999 -9999 -9999 -9999 -9999 -9999 -9999
40.0181252365666 40.1329692012596 40.3660943515272 40.5803123716265 40.6057814362516 40.5546878578879 40.3614062073576 40.0646875502245 40.0643757585482 39.9729682211038 39.9040618542339 39.8431251052478 39.7240625623644 39.9162496332885 39.8714060788579 39.9637497068151 40.0456252101094 39.9359373455616 39.9432816508374 39.9085935356308 39.7181249858317 39.3749999999361 39.4529683589061 39.6128128169614 39.7173435091767 39.5996869802064 39.3148435949192 39.0415619015131 38.5904688834269 38.1273438334412 37.5770315529733 36.7520309089055 35.4535936711127 33.2865621764182 31.973281085907 32.2629685108737 30.5468749699068 30.6371870637817 -9999 -9999 -9999 -9999 -9999 -9999 -9999 -9999 -9999 -9999 -9999 -9999 -9999 -9999 -9999 -9999 -9999 -9999 -9999 -9999 -9999 -9999 -9999 -9999 -9999
39.4842186573496 39.5540626647984 39.7135935429208 40.0937496427876 40.2565621140424 40.2167187932027 40.0159371498112 39.7276561860159 39.6003126505782 39.4821876291478 39.4414063696103 39.3551565413172 39.2271878127574 39.2604690200217 39.5062505007518 39.7406246069005 39.7245311739251 39.4629685881081 39.555625558233 39.6193750503287 39.4828126432952 39.4040622711348 39.4942187667098 39.6385938526132 39.6915622950222 39.5964068174825 39.3954682945985 39.1095308660923 38.6621875762651 38.0064058901888 37.3028130533934 36.6929690244323 35.4118747713939 31.6459377117994 30.9092184616278 32.5714064528662 31.4720311450817 30.446874856964 -9999 -9999 -9999 -9999 -9999 -9999 -9999 -9999 -9999 -9999 -9999 -9999 -9999 -9999 -9999 -9999 -9999 -9999 -9999 -9999 -9999 -9999 -9999 -9999 -9999
38.8614065056907 39.0718753343121 39.3475003843528 39.60953128378 39.7921866778656 39.8376563792714 39.5678122048613 39.0896873481756 38.9832813150707 38.975312114226 38.9017184380957 38.740937352693 38.5967183713899 38.5517187719604 38.9739062195642 39.2879694704603 39.2590615754152 39.0181251769498 39.0218753222068 39.1873434786148 39.1717187765322 39.2050001624149 39.3260940911963 39.4967185261171 39.5504685643366 39.3418754938318 39.1179693940786 38.9248433712448 38.4053129557045 37.595780969007 36.7065625789789 35.3992186798388 33.907344045106 30.8839060979941 30.0706247695173 32.2587500514989 30.8798438615426 -9999 -9999 -9999 -9999 -9999 -9999 -9999 -9999 -9999 -9999 -9999 -9999 -9999 -9999 -9999 -9999 -9999 -9999 -9999 -9999 -9999 -9999 -9999 -9999 -9999 -9999
38.2042186264979 38.4273437266699 38.7029684191371 38.8510939487067 39.0426553495745 38.8448438655135 38.6931250700489 38.2346876269754 37.9403127441683 38.215000093743 38.3603131179518 38.1587501172502 38.015000522598 38.0346877578222 38.4629681113028 38.687030911977 38.586405933507 38.5057814124299 38.6834372284063 38.7082809213419 38.7535938624238 38.8332817557557 39.0256255271312 39.1934373977378 39.1426567438799 38.8735943441107 38.6628126505881 38.4570319656786 38.0603120329302 37.3210936189715 36.0789063579976 34.369375944433 31.7135939018851 28.9292185618312 29.938906132606 31.672812462557 30.4042187335255 -9999 -9999 -9999 -9999 -9999 -9999 -9999 -9999 -9999 -9999 -9999 -9999 -9999 -9999 -9999 -9999 -9999 -9999 -9999 -9999 -9999 -9999 -9999 -9999 -9999 -9999
37.7107820515065 37.8279690151414 38.0526562339082 38.0456249123262 38.1954687840257 38.0721874835226 37.7621872428732 37.0117192879366 36.3314061762609 37.6406252980203 37.8265627031202 37.6329694394243 37.5948438647513 37.6679689292596 37.8910933144223 38.096405864161 38.1760934593435 38.4231252669837 38.5737501384 38.5142190458352 38.503906488511 38.5610935095557 38.5185943250795 38.5401560671565 38.5204690104692 38.3310936098178 38.0812497144508 37.8473437434524 37.6103123432645 37.0862501862851 34.3653125159001 33.0710937385277 30.5931248964019 27.5157812520153 27.9639061696885 29.1123436673933 30.0193751448311 -9999 -9999 -9999 -9999 -9999 -9999 -9999 -9999 -9999 -9999 -9999 -9999 -9999 -9999 -9999 -9999 -9999 -9999 -9999 -9999 -9999 -9999 -9999 -9999 -9999 -9999
37.0465624934904 37.1651565438191 37.2684378630542 37.3176562196298 37.3831251270153 37.7140625122821 37.23624950695 35.56187534415 36.5760940903774 37.4465622905049 37.2485944037277 37.1182808880331 37.008906543882 36.976562321847 37.0782808071147 37.5268750791907 37.9834373594275 38.2951560022942 38.3810931446079 38.3018751741894 38.1218744521558 37.9723436242219 37.9157816176389 37.7545309668012 37.7264056808578 37.7001568680294 37.3340628153554 36.9468750365991 36.4726562511997 36.2481249581068 35.4546875944126 33.3799996366625 29.8229686330999 28.3754687609109 29.2740622730436 30.4885934286668 29.971249700258 -9999 -9999 -9999 -9999 -9999 -9999 -9999 -9999 -9999 -9999 -9999 -9999 -9999 -9999 -9999 -9999 -9999 -9999 -9999 -9999 -9999 -9999 -9999 -9999 -9999 -9999
35.9834377179188 36.3359380967264 36.4970307951488 36.4712499383399 36.6187505130363 36.9693751341391 36.8018748170123 35.5076562170211 36.6057811979895 36.8420312410124 36.7124999767589 36.566250384365 36.1618749505358 36.0681249506972 36.4554684760734 36.9476561548291 37.7554690245318 37.9809376600169 38.0309372547382 37.8579689269117 37.3306252959349 37.2631250028056 37.0687500840442 36.9970313911325 37.0387500529542 36.995156825138 36.6159378295122 35.7623441226719 34.5882808575022 34.849843622761 34.8293752084044 33.3762499402552 29.9679690613942 27.3570314329655 28.2506250134056 29.5443749134764 -9999 -9999 -9999 -9999 -9999 -9999 -9999 -9999 -9999 -9999 -9999 -9999 -9999 -9999 -9999 -9999 -9999 -9999 -9999 -9999 -9999 -9999 -9999 -9999 -9999 -9999 -9999
34.6887495528757 35.3098441967956 35.7854682809196 35.8890627032533 35.8954688913814 36.0843745477884 35.7950000176964 34.7693746097683 35.7512501487374 36.0296881206318 35.8776558048851 35.8425000912397 35.3045315154052 35.375311971049 36.0514063839026 36.6335939768009 37.3078124526784 37.4784379606708 37.6010934118203 37.3071869615688 37.0793750883192 36.7812498811364 36.3918751482993 36.5156251195103 36.5920306446261 36.4584375026896 36.0351564292437 35.0817180279366 34.0885933636657 32.7864057439452 32.5320312705552 32.2742187685839 29.7574997831195 29.3332810686568 29.8115629239933 29.2898443638347 -9999 -9999 -9999 -9999 -9999 -9999 -9999 -9999 -9999 -9999 -9999 -9999 -9999 -9999 -9999 -9999 -9999 -9999 -9999 -9999 -9999 -9999 -9999 -9999 -9999 -9999 -9999
33.2945315845638 34.2418752918868 34.8117187034104 34.7371879829113 34.3493745342387 34.4932811274121 34.1454682958929 34.0254685882653 34.9596876511589 34.7623434076703 34.7542186383333 35.075312316538 35.0020313855265 35.445469021581 35.9464061856797 36.4414067867709 36.8651562336576 37.1032811406654 37.1696876289793 37.0182814003812 36.801250219663 36.3357819917484 36.0260939003203 36.0542188288661 36.3245308403145 36.2945314049654 35.8168749809859 34.7467188239937 33.6518750197241 32.5625000310502 32.8304683876039 33.2523440129 31.1029688693003 30.1021876921252 29.7110935153872 29.6178117395651 -9999 -9999 -9999 -9999 -9999 -9999 -9999 -9999 -9999 -9999 -9999 -9999 -9999 -9999 -9999 -9999 -9999 -9999 -9999 -9999 -9999 -9999 -9999 -9999 -9999 -9999 -9999
32.2614065417276 33.2129688269065 33.4335938106911 33.041250289864 32.4476565137305 32.8348434877821 32.6576555382105 33.0326553594943 33.7029691944918 34.2874996063694 34.7026558515336 35.1264062521835 35.3484374282982 35.568280756495 35.7879693510126 36.0424997213524 36.3884379271766 36.6434376839719 36.8579691651083 36.713594079322 36.3948435190591 36.0896871687211 36.1029685137279 36.1465628143793 36.0118748546654 36.0578125123016 35.5384384397497 34.0435941825648 32.4162495447318 30.7812499419654 30.4295313682378 31.6234376747895 31.5740623191517 30.3393748110734 29.4734368325746 -9999 -9999 -9999 -9999 -9999 -9999 -9999 -9999 -9999 -9999 -9999 -9999 -9999 -9999 -9999 -9999 -9999 -9999 -9999 -9999 -9999 -9999 -9999 -9999 -9999 -9999 -9999 -9999
30.562343569693 31.8162499984293 31.7243749815981 31.2753122165327 31.0794794361816 32.2588544290468 32.4578125475109 31.8934378627197 33.1670306923155 34.2826560141628 34.7599993350987 35.0421875717279 35.2704683543529 35.4528127910228 35.5490622522913 35.6873440745424 35.8973440530848 36.2034375671633 36.3701567654117 36.2459374074111 35.9976561669101 35.9629693035011 36.2593751552438 36.1445315485276 36.0417189601783 35.8926560880194 35.1407815211406 33.2896870666514 30.4357812715999 29.1603122960572 29.2068750584475 30.8695312740036 29.9421875182225 29.6281249821806 -9999 -9999 -9999 -9999 -9999 -9999 -9999 -9999 -9999 -9999 -9999 -9999 -9999 -9999 -9999 -9999 -9999 -9999 -9999 -9999 -9999 -9999 -9999 -9999 -9999 -9999 -9999 -9999 -9999
28.2340621367996 29.281718852117 29.6914061917301 30.2028124334887 31.1281245946885 31.9742184882454 32.3092187051061 31.5493753554616 32.6795314257892 33.8598443870451 34.3526556495393 34.76703119301 35.073593855086 35.2460940481962 35.2303126456901 35.2884371880059 35.5134375098474 35.7520316246212 35.8681255582617 35.8184378149908 35.691093623764 35.7056242227908 35.7685938482515 35.5764065984806 35.5157812242312 35.6395317318595 35.0728123791677 33.7968749998203 30.0743749730111 27.3349997716988 28.3045312156269 30.7828125953425 29.6707808674243 -9999 -9999 -9999 -9999 -9999 -9999 -9999 -9999 -9999 -9999 -9999 -9999 -9999 -9999 -9999 -9999 -9999 -9999 -9999 -9999 -9999 -9999 -9999 -9999 -9999 -9999 -9999 -9999 -9999 -9999
26.6845314816646 26.9732812061062 27.7506252534548 -9999 30.4245837334009 30.7716143739676 31.8148442514314 31.1225002113938 31.4199998389442 33.0325005361071 33.7599998718207 34.3923435215593 34.6871876125192 34.8475005632492 34.7510932090431 34.9039059880413 35.1778124574121 35.3746876720152 35.4787496331496 35.5439065697444 35.5801557899894 35.6078124047104 35.6265623569738 35.5384373069764 35.2479678988875 35.398438215683 34.4862500436933 33.0195311614349 30.8132813277347 28.425469069878 29.0081249484493 29.2442186786073 29.4300003051758 -9999 -9999 -9999 -9999 -9999 -9999 -9999 -9999 -9999 -9999 -9999 -9999 -9999 -9999 -9999 -9999 -9999 -9999 -9999 -9999 -9999 -9999 -9999 -9999 -9999 -9999 -9999 -9999 -9999 -9999
25.5078124406466 25.4281250844574 -9999 -9999 27.7695838217144 28.9334893541009 31.1464067402436 29.7368749695845 30.3704687958727 31.9393750139649 32.9495316154809 33.701405764265 34.0876564984303 34.260625183919 34.3878124955463 34.5139061811667 34.6635938291546 34.8182816510592 34.9954684977176 35.1956253054568 35.3570310475557 35.5576558113105 35.6518752574277 35.5103125571692 35.215156435976 34.9353124502292 34.1229686138928 32.5268749892009 30.8385936912997 29.4393750123226 28.682343840209 28.4839062987419 -9999 -9999 -9999 -9999 -9999 -9999 -9999 -9999 -9999 -9999 -9999 -9999 -9999 -9999 -9999 -9999 -9999 -9999 -9999 -9999 -9999 -9999 -9999 -9999 -9999 -9999 -9999 -9999 -9999 -9999 -9999
-9999 -9999 -9999 26.2550001144409 26.2937495736369 27.4768748291413 25.0564059621668 27.5645312979532 29.3582810775445 30.7284372161041 31.9023438402016 32.7156247504661 33.3340623982666 33.6382810479447 33.8609382514607 33.9837498072925 33.9462491875297 33.9804686313606 34.3137504464236 34.6339062457096 34.9718751315943 35.3782812957395 35.7220312956578 35.1750001317665 34.508437276854 34.1550002708577 32.5724999340222 30.3318749704157 30.0764062121807 29.0357813549343 28.1085938809597 27.9824994802981 -9999 -9999 -9999 -9999 -9999 -9999 -9999 -9999 -9999 -9999 -9999 -9999 -9999 -9999 -9999 -9999 -9999 -9999 -9999 -9999 -9999 -9999 -9999 -9999 -9999 -9999 -9999 -9999 -9999 -9999 -9999
-9999 -9999 -9999 23.4718750715256 23.9996873148119 24.0081250073766 24.1615620262848 26.6256253719331 27.7687498339888 29.3779691170572 31.0000001794222 31.7992185360424 32.29812523805 32.7767188556426 33.2126569157531 33.3439067011938 33.2450001245305 33.3045305018465 33.5820309525333 33.8825004107696 34.2551561600506 34.6278120882619 34.8848437676314 34.1845307955233 33.4542188055077 32.6775002488079 29.286093922415 26.5715625902678 27.8156251629257 27.7860935933647 27.9626562301309 -9999 -9999 -9999 -9999 -9999 -9999 -9999 -9999 -9999 -9999 -9999 -9999 -9999 -9999 -9999 -9999 -9999 -9999 -9999 -9999 -9999 -9999 -9999 -9999 -9999 -9999 -9999 -9999 -9999 -9999 -9999 -9999
