2050_A1B_CS/TMAX.asc
NCOLS 720 
NROWS 360 
XLLCORNER -180 
YLLCORNER -90 
CELLSIZE 0.5 
NODATA_value -9999 
[rows 224 to 251 of 360, columns 567 to 629 of 720]
-9999 -9999 -9999 -9999 -9999 -9999 -9999 -9999 -9999 -9999 -9999 -9999 -9999 -9999 -9999 -9999 -9999 -9999 -9999 -9999 37.7973439093558 38.8387500632447 40.0662502037165 41.1214070305241 42.4484378088729 43.235937356038 42.5890622129397 42.1596877567857 41.935624420602 42.2554681317139 42.7635934960507 43.1406251193918 43.0403121112062 42.9209371209129 43.186250508099 43.3893743159557 43.4245318177312 43.6700001362793 43.9643747212894 43.8478126526524 43.7024996877126 43.5356246829001 43.4221870899311 43.3603124619993 43.2628127339098 43.1860936287754 43.053437829403 42.8657804729623 42.9206244947382 42.9584373237921 42.9565624596057 42.8401560189062 42.4473445417078 41.8635941149322 41.3193744421509 40.9604688287072 40.6056249140781 40.3742187618462 40.1168752910343 40.2760937219569 40.4368753437506 40.4037497047826 40.6207811836668
-9999 -9999 -9999 -9999 -9999 -9999 -9999 -9999 -9999 -9999 -9999 -9999 -9999 -9999 -9999 -9999 -9999 -9999 -9999 -9999 38.4183849290313 39.7114061113824 41.3987495294056 42.6139066805251 43.5359378449555 44.2179689996046 43.7848439206158 43.2481251347816 42.1929691430008 41.7243750088276 41.5589059599898 42.3849998127318 42.9287500981093 42.9420309066435 42.8304692510077 43.0368750099101 43.2042187453061 43.3718747497797 43.5509374146227 43.6593749525673 43.5000002387166 43.3298429254192 43.2810932400094 43.2070311905059 43.047656118971 42.894062399985 42.8373442291986 42.6299999954199 42.555468738505 42.571719110438 42.6274999384253 42.5021876696709 42.1965624692676 41.7487497926166 41.3001562356768 40.9806249141065 40.7073442935151 40.486718296891 40.2293753620448 39.9170315862055 39.8246877795474 39.852968991304 40.1248435978192
-9999 -9999 -9999 -9999 -9999 -9999 -9999 -9999 -9999 -9999 -9999 -9999 -9999 -9999 -9999 -9999 -9999 -9999 -9999 -9999 38.5572403274379 39.9467186330851 41.8390626910181 43.1579687002114 43.5985939502974 44.1817182309773 44.6439062958087 44.4975000019931 43.6734375943522 42.9034371371359 41.6781246653285 41.492656409408 42.0078120234523 42.45187550862 42.4289063221286 42.5146871808617 42.8695310952555 43.2199993136893 43.3287496567586 43.2828121784306 43.1323438289667 42.9892187716931 42.8842188718665 42.9135936502498 42.7814058067346 42.7232809665314 42.7232809667848 42.4779691102569 42.1887502673229 41.9548441174626 42.0289065244465 41.9181248549338 41.5609370476132 41.1898440724009 40.872499406904 40.4984373457866 40.1473436962439 40.0064069043017 39.8231249462619 39.6101565965196 39.1751561167539 39.0095313190436 39.349843740098
-9999 -9999 -9999 -9999 -9999 -9999 -9999 -9999 -9999 -9999 -9999 -9999 -9999 -9999 -9999 -9999 -9999 -9999 -9999 -9999 37.7895320061777 39.7784373763921 41.4739062193309 42.8617187144518 43.6300004719908 43.973124801732 44.0162498956324 44.1539065251431 44.1792187096397 43.3276562092293 42.484843909281 41.9149999018771 41.6679688098815 41.7562501434224 41.9540621640186 42.2132812740018 42.4373438959275 42.7249997859131 42.970156550923 42.9199999573935 42.700625122024 42.6095311645663 42.5973437430526 42.5231249931126 42.4232813719967 42.4326559307539 42.0839059954545 41.9323436028442 41.8076562884878 41.5671880248687 41.5160937315154 41.3134365684214 41.0462497475259 40.7032815220725 40.3085937503736 39.9134371878885 39.4104688169062 39.2020311954703 39.2803123591412 39.0603121520134 39.3903130882684 39.7056246389272 40.0768747321257
-9999 -9999 -9999 -9999 -9999 -9999 -9999 -9999 -9999 -9999 -9999 -9999 -9999 -9999 -9999 -9999 -9999 -9999 -9999 35.8395833176026 36.9089576412033 39.111562550586 41.1004689932593 42.6851564645822 43.7135935424646 44.0406252741534 43.9515627028938 43.5362496377251 43.4120317109249 43.2223437438344 42.6809377080262 42.0135943893888 41.6057822110065 41.5015621184198 41.5990625620184 41.7781249286891 41.8765619995403 42.0787498954474 42.2929686310933 42.3539068703386 42.2737499480426 42.1981247668196 42.2098436956312 42.0645310882759 41.9698439243948 42.0164065365464 41.6085934641971 41.5267190340207 41.3003121618952 41.0035937432371 41.0481252079655 40.9201564793913 40.9074998502381 40.6607812642545 40.1901560421333 39.8642190092734 39.5590623016661 39.389686643553 39.499843358369 39.5123438232199 39.7021873589301 40.0824996827384 40.5624997614352
-9999 -9999 -9999 -9999 -9999 -9999 -9999 -9999 -9999 -9999 -9999 -9999 -9999 -9999 -9999 -9999 -9999 -9999 -9999 35.2939576309308 35.9170831846948 38.6179684999608 41.1553121207516 42.9706250424377 43.8851562140643 43.9998435379028 43.6393752100876 43.3103128674174 42.8584373594742 42.6129682064297 42.2093751432311 41.7243748307755 41.5795312522485 41.572343826287 41.4968755842651 41.4874998929785 41.5381249788836 41.5528128748368 41.8078124528173 41.8246873621438 41.7740626338479 41.7331252101093 41.6787496809317 41.5718752745971 41.5207809809818 41.4801564221058 41.1750000719444 41.1695312264474 40.7814064626028 40.3417193300637 40.1035942445495 40.017812372239 40.1654686935668 40.338281930077 40.3851567507977 40.2940624951215 39.9523435232968 39.7196879386669 39.7131245735007 39.9154687524051 39.9703118800698 40.2334372400385 40.6079685688725
-9999 -9999 -9999 -9999 -9999 -9999 -9999 -9999 -9999 -9999 -9999 -9999 -9999 -9999 -9999 -9999 -9999 -9999 -9999 -9999 36.3725001803938 38.7089061137821 41.1721869709692 43.0217189798603 43.644687236118 43.6096876270502 43.3612501627991 43.0520310409488 42.6367186910644 42.3614065058403 42.0496876841686 41.9110938912029 41.5234369040324 41.3267190454697 41.1631245016309 41.1931245329161 41.087187290385 41.1032815578284 41.2607806924617 41.3378125433252 41.2360935215954 41.1885933284392 41.1431252364025 41.0881252292809 41.1664056781504 40.9684373741656 40.7350004320883 40.4657817490149 40.1175006633636 39.6760936382441 39.2668745520298 38.9959375264318 39.0615622407286 39.4704687604161 39.7207810886851 39.8904688961291 39.8243753318844 39.670155883178 39.5445314052683 39.5814058188483 39.7984378342021 40.1848442555688 40.4984372257336
-9999 -9999 -9999 -9999 -9999 -9999 -9999 -9999 -9999 -9999 -9999 -9999 -9999 -9999 -9999 -9999 -9999 -9999 33.966874837718 34.6743750570838 36.6787505152824 39.2718755000714 40.7929692868082 42.031250000654 42.717499614527 42.9159373049518 42.7954685690602 42.5214058758008 42.1834371686768 41.6910935048013 41.3793746834216 41.2182812696789 41.2089058761217 41.2020308379099 41.112967908539 40.9324996473534 40.9432814121686 40.9045307636855 40.8750000002746 40.8132811789287 40.703125000401 40.6303122644453 40.7198435071424 40.6634371283678 40.5954690581453 40.3262500172199 40.0745316749226 39.8175005916267 39.6084379556587 39.3076568248949 38.9645311238795 38.7151561978047 38.4854691628089 38.5493749386498 38.7293747671735 38.9281253823613 39.0068748601968 38.9820310481347 38.9196873910601 38.9092190272867 39.2359372978548 39.8974997404755 40.530312597784
-9999 -9999 -9999 -9999 -9999 -9999 -9999 -9999 -9999 -9999 -9999 -9999 -9999 -9999 -9999 -9999 -9999 -9999 -9999 35.3429170449924 37.1391666731517 39.2993751176773 40.2106254107106 41.1337504394716 41.8171873099312 42.1812496190778 42.2599999910846 41.9339060194099 41.4862498051704 41.1115627295355 40.7510935076444 40.6350004081726 40.7915623785188 40.7823432087967 40.7814062240531 40.6821873787126 40.6062502864684 40.6107811337155 40.5048435335382 40.3226565722119 40.205000222 40.2418758276262 40.2165622121457 40.0581248407763 39.8635940555242 39.8917186859723 39.6920314434505 39.5693753958394 39.3837500812377 39.0085939170291 38.7146869298981 38.3415622706736 38.0401563641694 38.005312323338 38.1515620944654 37.9525000449581 37.900937795293 38.0250005719277 38.4403129219963 38.8217186330126 39.2126559612359 39.8051565289459 40.3264064790164
-9999 -9999 -9999 -9999 -9999 -9999 -9999 -9999 -9999 -9999 -9999 -9999 -9999 -9999 -9999 -9999 -9999 -9999 -9999 -9999 36.6172918287236 38.0993744742085 39.220155716934 40.1596878179112 40.9893753535497 41.609843612106 41.5859372620645 41.1496872908005 40.7667184477138 40.5570310356786 40.1979689002796 40.1934372785177 40.4498439435661 40.6867187024658 40.4818748237819 40.2317191366698 40.0095313793572 39.9090628630051 39.9353125695754 39.8346872930283 39.6903123861312 39.7468754058085 39.5584378843002 39.4834375981765 39.4239066842937 39.4257816080458 39.1248436576141 39.1854688530836 39.1854684950417 38.788750052676 38.8210940958135 38.4493741991804 38.2112501859573 38.1515631675644 38.3484374879794 38.2281256316988 38.2215622661703 38.28843748554 38.3957818151295 38.8578120471075 39.4020311832098 39.8628127574016 40.2982813715053
-9999 -9999 -9999 -9999 -9999 -9999 -9999 -9999 -9999 -9999 -9999 -9999 -9999 -9999 -9999 -9999 -9999 -9999 -9999 -9999 36.1699981689453 36.630312801452 37.9207814942017 39.1950004107682 40.2614063029407 41.0024999386076 40.9785937669531 40.8799993993045 40.7623441219215 40.4221871495782 40.1339060070478 40.05062502659 40.1851558689241 40.1557807330866 39.9350000625057 39.7148433331689 39.3510939481879 39.2576565151699 39.3185938006804 39.2770315413929 39.0689064267685 39.1628126505417 39.0198435788624 38.9451566939411 38.9024995568932 38.7679689531459 38.5992192035589 38.5992188456955 38.6268742089642 38.3209378126082 38.5670312049781 38.29874950655 38.0643748639026 38.158437073376 38.1382811666781 38.2596876621782 38.2653122545741 38.3460941909987 38.5542191266257 38.8432810902129 39.1779680252113 39.5562500956152 40.1145309809288
-9999 -9999 -9999 -9999 -9999 -9999 -9999 -9999 -9999 -9999 -9999 -9999 -9999 -9999 -9999 -9999 -9999 -9999 -9999 -9999 -9999 35.3979686508273 36.6687493930575 38.2964062102444 39.5821872955777 40.2445319897358 40.3851568109859 40.4698433285473 40.5785933140043 40.4306244849487 39.8428124787817 39.5982804898176 39.6160933976735 39.557655990643 39.2778125410847 39.1673438553944 38.9287500981389 38.6712501649389 38.57328105033 38.7318748835409 38.7276566626814 38.6729688649007 38.4456244711225 38.3709375862836 38.3535940652546 38.223750174442 38.0240627530973 38.0029691464176 38.041874766789 37.8667189483472 38.0945304041059 37.9485931997464 37.8956249360997 37.9859368802474 37.9784372450278 38.038436711141 38.0679689051482 38.3128124476775 38.5012499691672 38.8489058614151 39.1231245399375 39.3021876813644 39.8014057876365
-9999 -9999 -9999 -9999 -9999 -9999 -9999 -9999 -9999 -9999 -9999 -9999 -9999 -9999 -9999 -9999 -9999 -9999 -9999 -9999 -9999 34.7336976926052 35.5591666504559 37.58218771255 39.1553125981364 39.7809375528703 40.0157812239161 40.1821876170669 40.3321880107404 39.918906391171 39.5106253627885 39.2389060260378 39.1212502126609 38.9482814676626 38.5240625742123 38.2073440558608 38.2828124770142 38.4009379152178 38.1764062646085 38.0367186075031 38.0184373863026 38.0385933524895 37.9509378679021 37.8329681759533 37.7921875123969 37.508750379566 37.4773431426112 37.4499996905607 37.4907812481047 37.438281417096 37.4795312884047 37.5257813337742 37.4573436980626 37.6098431949112 37.5887503031018 37.7859374287953 37.8899999858561 38.0465629101666 38.2945315244756 38.6473433377921 38.8999995592024 38.9800000790188 39.5729687218011
-9999 -9999 -9999 -9999 -9999 -9999 -9999 -9999 -9999 -9999 -9999 -9999 -9999 -9999 -9999 -9999 -9999 -9999 -9999 -9999 -9999 34.6991657416713 35.0655722422633 36.9864063269013 38.6101568346236 39.3543751242506 39.5892187958476 39.8803130390731 39.8348431590032 39.4060939553667 39.0400003198508 38.823124826476 38.5296877627502 38.2985932234459 38.0712495450511 37.5576563481193 37.5206248764014 37.8928127293352 37.640155971615 37.4793750647217 37.3837496641149 37.3443750743858 37.2299999598994 37.2568750981428 37.2273436193087 37.0432812574262 36.9485942724149 36.9296876195474 36.9353118542965 37.0332814459558 36.9535931950783 36.9904692774441 36.9740627410711 37.1823434236327 37.3004689814229 37.353750050447 37.5942184928256 37.7409378890301 37.9396874311391 38.2929689887362 38.5428126457371 38.6279692652138 39.0465626721026
-9999 -9999 -9999 -9999 -9999 -9999 -9999 -9999 -9999 -9999 -9999 -9999 -9999 -9999 -9999 -9999 -9999 -9999 -9999 -9999 -9999 -9999 35.7900009155273 36.8835940956927 38.1075005535091 38.8760935671744 38.9937500957545 39.4017184979453 39.5493755345202 39.2685937288575 38.7585938578031 38.5314061645677 38.1428121927409 37.6981245281701 37.4464058280135 37.1023436189522 37.1370310191928 37.1151564124928 36.9585944419407 36.8320306544336 36.6178129917787 36.4671869881273 36.5295310027877 36.5731253032361 36.600312352947 36.5157820590516 36.4253124007244 36.4131243833455 36.3742185838002 36.343281806089 36.3901560907698 36.3504695301405 36.4971872573316 36.6735937601543 36.8250005252587 36.8103122715279 36.9996871357472 37.1390622264128 37.3631248479201 37.7209383255497 38.0289065246372 38.3504691127629 38.5084379913161
-9999 -9999 -9999 -9999 -9999 -9999 -9999 -9999 -9999 -9999 -9999 -9999 -9999 -9999 -9999 -9999 -9999 -9999 -9999 -9999 -9999 -9999 35.4799995422363 36.4757815606143 37.3678129323502 37.9381252534774 38.2062499531967 38.4192187199184 38.6892188200632 38.5687501438621 38.0967185502794 37.8831251866117 37.6267190580898 37.2579681281971 37.0807815795912 36.8239063624223 36.585780919027 36.5568751698078 36.3075001841039 36.0403124698 35.9273433690059 35.84468811778 35.8085934523951 35.8160939820401 35.5465621957543 35.3729689727566 35.2782807360025 35.2853119979031 35.4376557477516 35.4873438485558 35.5229684123313 35.5381248005243 35.6918747432858 35.9582813387493 36.0168756252205 36.0715628870175 36.2412503368636 36.2850009210766 36.5498438485528 36.88421875311 37.3117185242011 37.759844005692 38.1540629271657
-9999 -9999 -9999 -9999 -9999 -9999 -9999 -9999 -9999 -9999 -9999 -9999 -9999 -9999 -9999 -9999 -9999 -9999 -9999 -9999 -9999 -9999 -9999 33.8185942489404 35.7662498368801 37.0098434691087 37.1195313340921 37.288437546239 37.347968638912 37.2017189273053 37.2420321709413 37.2262498742424 36.8085941678255 36.444374264002 36.1673442729491 36.0418754227584 35.7929680352561 35.7164064651983 35.6690627939418 35.5089063649091 35.416562736586 35.2660933738525 35.1273437746122 34.7650003442216 34.3689056643643 34.1089057930863 33.9846871504581 34.1123427758758 34.3842191704442 34.488281906471 34.2951565991906 34.2737502468247 34.5287503612025 34.9481247673749 35.1768748173797 35.2712503680695 35.1456257111668 35.2368747602193 35.3985940825119 35.7765620361254 36.3128126866384 37.0504686837637 37.592812240498
-9999 -9999 -9999 -9999 -9999 -9999 -9999 -9999 -9999 -9999 -9999 -9999 -9999 -9999 -9999 -9999 -9999 -9999 -9999 -9999 -9999 -9999 -9999 32.0434375117346 34.2399999509873 36.2837496407073 36.3104687339604 36.3382809167963 36.4189059739537 36.3729683761347 36.4582821136845 36.5512494449613 36.233437896103 35.6643746500582 35.242500007821 35.1390624649251 35.0378128297145 34.9654691225137 34.9237500434219 34.7912504083762 34.7340619569467 34.5751557951728 34.1945310242255 33.7239064581922 33.2954680928092 32.9857813725414 32.7673442373893 32.7890624415059 33.1425005209125 33.3032812486926 32.6910940423386 32.5459371820313 32.9204688682092 33.4884378327132 33.8226560962336 33.9742190253526 34.0693755756319 33.954843939381 34.0603125105694 34.4560937296147 35.2384375940309 36.1959374555473 36.8339060553368
-9999 -9999 -9999 -9999 -9999 -9999 -9999 -9999 -9999 -9999 -9999 -9999 -9999 -9999 -9999 -9999 -9999 -9999 -9999 -9999 -9999 -9999 -9999 32.0125008225082 33.2748438719051 35.2812498811345 36.0321874023007 35.9035935404644 35.8107808833188 35.661562681899 35.6409375675567 35.6001562482636 35.3714063771262 34.8973436959325 34.4229689248592 34.2068755037835 34.3334376818512 34.3592189557371 34.3207812912955 34.2170314794549 34.187500179322 33.8574997192578 33.2739066488965 32.6507814535128 32.1032810817681 31.6459375333715 31.3609375369478 31.2490624202064 31.2570310846693 31.0473437923998 30.4417183419053 30.4526558237744 31.0535938455659 31.718593986185 32.1770316077202 32.4549999842611 32.5037501169959 32.6265621197571 32.6312500846778 32.9243752672683 33.5557809486781 34.4890627875354 35.3412499439392
-9999 -9999 -9999 -9999 -9999 -9999 -9999 -9999 -9999 -9999 -9999 -9999 -9999 -9999 -9999 -9999 -9999 -9999 -9999 -9999 -9999 -9999 -9999 -9999 32.7292190795742 34.5448443897895 35.6951563959189 35.3978124266221 35.1798436050854 35.0343754890561 34.950469017329 34.7929683334044 34.4348437197319 33.9373433597526 33.5965629821076 33.4812501673281 33.5740621095493 33.4221878059699 33.2754682907513 33.4248440868578 33.5935934786401 33.0915629273965 32.3420317776508 31.5623437174967 30.8249998102545 30.2162497650562 29.9185937654159 29.8057813058651 29.588749916455 29.1875003289182 28.691562474576 29.3637498617173 30.1812499761582 30.876249909401 31.37124979496 31.8587501049042 31.2831248944848 31.0398434413544 31.1387501668452 31.1684377207084 31.6367189602009 32.7350003732919 33.844531000883
-9999 -9999 -9999 -9999 -9999 -9999 -9999 -9999 -9999 -9999 -9999 -9999 -9999 -9999 -9999 -9999 -9999 -9999 -9999 -9999 -9999 -9999 -9999 -9999 32.3164059818036 33.1737499545335 34.5725000516278 34.5184372677774 33.9985933312873 34.4604687102421 34.6812499171061 34.2018754486785 33.4795315273581 32.9659372575157 32.6471876511738 32.3329681763687 32.429530740764 32.2181255827991 32.1487497098751 32.6156249353084 32.8954690105693 32.2650000162607 31.3373439022106 30.4618750122574 29.7362496757039 29.1400002241135 28.9918750524521 28.8741670449575 28.8029168446859 28.6399993896484 -9999 -9999 -9999 -9999 -9999 -9999 -9999 -9999 30.3199996948242 30.2075004577637 30.3898437323481 31.3910938210236 32.5015622387929
-9999 -9999 -9999 -9999 -9999 -9999 -9999 -9999 -9999 -9999 -9999 -9999 -9999 -9999 -9999 -9999 -9999 -9999 -9999 -9999 -9999 -9999 -9999 -9999 31.8932818475741 32.1921875184103 33.0917184360718 32.93734389651 32.9842185385088 33.3996872314921 33.6612503539201 33.1903126847302 32.393437684508 31.8896875689491 31.4514063903969 31.1273439238037 30.9834373308386 30.7650000465408 30.9318747532237 31.3823436211395 31.5890626325033 31.0973435949193 30.4134376949584 29.9115628502157 29.5149992307027 -9999 -9999 -9999 -9999 -9999 -9999 -9999 -9999 -9999 -9999 -9999 -9999 -9999 -9999 -9999 -9999 30.2679690431493 31.0175000144076
-9999 -9999 -9999 -9999 -9999 -9999 -9999 -9999 -9999 -9999 -9999 -9999 -9999 -9999 -9999 -9999 -9999 -9999 -9999 -9999 -9999 -9999 -9999 29.0149997075401 31.7435938619142 31.9504687193106 32.2096870547436 32.2629684514648 32.289218784165 32.2231248925711 32.1776565326269 31.7559371901589 31.1512500654422 30.5312498219067 30.1037498721784 29.7425002763393 29.4907814870822 29.488281429847 29.601718754472 29.9257814298736 30.022812486615 30.4650001525879 -9999 -9999 -9999 -9999 -9999 -9999 -9999 -9999 -9999 -9999 -9999 -9999 -9999 -9999 -9999 -9999 -9999 -9999 -9999 29.2162501811981 29.2954686894356
-9999 -9999 -9999 -9999 -9999 -9999 -9999 -9999 -9999 -9999 -9999 -9999 -9999 -9999 -9999 -9999 -9999 -9999 -9999 -9999 -9999 -9999 -9999 28.4782810418295 30.4095311679975 30.9782813203643 31.082812638276 30.9720312668467 31.0137498986992 30.8023437571436 30.4967188252607 30.1143752051348 30.0370310253784 29.8131251935284 29.2553127114112 28.8729692403529 28.4360938078323 28.3717188544358 28.5906249291694 28.7384370573498 29.0675003832449 -9999 -9999 -9999 -9999 -9999 -9999 -9999 -9999 -9999 -9999 -9999 -9999 -9999 -9999 -9999 -9999 -9999 -9999 -9999 -9999 -9999 -9999
-9999 -9999 -9999 -9999 -9999 -9999 -9999 -9999 -9999 -9999 -9999 -9999 -9999 -9999 -9999 -9999 -9999 -9999 -9999 -9999 -9999 -9999 -9999 26.7674996855048 27.9656250192174 28.7951563314551 29.2751561417801 29.4464057995643 29.3540623501237 28.8600000163516 28.6379683926841 28.9117191741627 28.8981252911202 -9999 -9999 -9999 -9999 -9999 -9999 -9999 -9999 -9999 -9999 -9999 -9999 -9999 -9999 -9999 -9999 -9999 -9999 -9999 -9999 -9999 -9999 -9999 -9999 -9999 -9999 -9999 -9999 -9999 -9999
-9999 -9999 -9999 -9999 -9999 -9999 -9999 -9999 -9999 -9999 -9999 -9999 -9999 -9999 -9999 -9999 -9999 -9999 -9999 -9999 -9999 -9999 -9999 -9999 26.7975001042039 27.2173437484992 27.5759379279739 27.7223437143734 27.2967188971325 26.8129686724775 27.5350001456579 28.2925000190735 -9999 -9999 -9999 -9999 -9999 -9999 -9999 -9999 -9999 -9999 -9999 -9999 -9999 -9999 -9999 -9999 -9999 -9999 -9999 -9999 -9999 -9999 -9999 -9999 -9999 -9999 -9999 -9999 -9999 -9999 -9999
-9999 -9999 -9999 -9999 -9999 -9999 -9999 -9999 -9999 -9999 -9999 -9999 -9999 -9999 -9999 -9999 -9999 -9999 -9999 -9999 -9999 -9999 -9999 -9999 -9999 -9999 -9999 -9999 26.1437499523163 -9999 -9999 -9999 -9999 -9999 -9999 -9999 -9999 -9999 -9999 -9999 -9999 -9999 -9999 -9999 -9999 -9999 -9999 -9999 -9999 -9999 -9999 -9999 -9999 -9999 -9999 -9999 -9999 -9999 -9999 -9999 -9999 -9999 -9999
-9999 -9999 -9999 -9999 -9999 -9999 -9999 -9999 -9999 -9999 -9999 -9999 -9999 -9999 -9999 -9999 -9999 -9999 -9999 -9999 -9999 -9999 -9999 -9999 -9999 -9999 -9999 -9999 -9999 -9999 -9999 -9999 -9999 -9999 -9999 -9999 -9999 -9999 -9999 -9999 -9999 -9999 -9999 -9999 -9999 -9999 -9999 -9999 -9999 -9999 -9999 -9999 -9999 -9999 -9999 -9999 -9999 -9999 -9999 -9999 -9999 -9999 -9999
