2050_A1B_CS/TMAX.asc
NCOLS 720 
NROWS 360 
XLLCORNER -180 
YLLCORNER -90 
CELLSIZE 0.5 
NODATA_value -9999 
[rows 84 to 111 of 360, columns 378 to 440 of 720]
24.8020314281584 23.8434372848366 22.276249800117 22.0217185373561 23.0454684855728 23.2006250666881 23.8945311048909 23.5204686286108 23.4128124776474 22.5287497687741 22.4590622248538 22.856562560106 22.2987498650456 22.7932815265046 26.4934373819046 28.2629687196362 28.7792184351837 28.8968753223153 28.9273433691434 28.4689059250196 28.6614063074978 28.4012501815889 29.0268748984828 29.5392187531883 29.3710937796329 28.9187501367278 28.8110939557173 28.6545308234045 27.6976563926784 25.4626565554168 24.3592186273291 21.8659373505084 22.706874907537 25.1260935980222 27.0007812979755 28.117343962845 28.7881252161478 28.895468651314 28.7690625183806 28.5295308821655 28.4826562994504 28.4428125318346 28.7735936936755 29.3070312440778 29.7732813058131 29.988437830862 30.3284375960328 30.5257815713351 30.7717190381204 30.9484371837916 31.1584373706398 31.238124906619 31.1889062224278 30.6526559292516 30.2464064957143 29.9806246164565 29.8104692101664 29.8559373911283 30.1660935573791 30.6212502114101 31.0199998907502 31.3228123473955 31.6834374057862
21.6009374628052 20.4440623594856 16.6479688825202 17.6323439228001 17.5245312221096 18.3279686040596 17.082187321817 17.6362500266121 18.3700000698612 18.4168749797344 19.6685937050179 21.2473439857116 23.5878122707528 25.1131249004903 26.8206249444854 28.0178125798114 28.662968993561 27.9804687516829 28.9460935288073 29.3187498139779 29.322343736262 29.3279690442801 29.6549999713069 29.7412502466803 29.6340624685628 29.5121876289195 28.870624959844 27.9350000038849 27.639999807387 26.9898435161273 26.4132813762364 23.9199998347647 22.014062733551 23.4250001630921 25.9503124675823 27.933125108258 29.1420311629652 29.5924999408982 28.956093758601 28.8164062798034 29.0353125029066 28.7549998458448 28.8790623546148 29.2395314873454 29.7395310702874 30.2767187057606 30.618593960851 30.8524999318195 31.0304687020796 31.2085936662514 31.2779687646399 31.1734373574964 30.9732816523908 30.6648437083236 30.0790622236809 29.9707812664025 30.101093976995 30.4137498727307 30.7468751364319 31.1345310505071 31.6884377590888 32.1346873336163 32.4240625495727
16.1171874604189 14.885781323865 13.2387500557589 12.4587500307706 17.9574999974452 18.6653125740386 17.2176559676092 19.3017186019731 20.6640624644179 20.4296874655542 23.5067188720805 23.3721874936838 25.035624890971 27.3414061667135 27.7551559199973 28.2600000494976 28.805625140114 29.1300002331626 29.5012500880059 29.647500216556 29.6617183980507 29.5496876237709 29.7534376084478 29.8401566446252 29.9021874665278 29.8796878454697 28.2139060804352 24.6917187886887 25.4895312235412 27.2604687510974 27.6204686751988 26.7949998064664 23.7235935305933 23.3575001645253 24.8634377140495 28.0734376015391 28.6901562807321 29.284531115949 29.6690621071462 29.1229683750047 29.1679686012681 28.9767187838412 28.6500000358499 28.9701561037895 29.6042186619604 30.1146874728714 30.5065624716532 30.8403124214285 31.1657812893423 31.3321878610409 31.1899998188019 30.8628126088005 30.697447667807 30.5465105573275 30.3368748426437 30.3312500715256 30.4587500095367 30.7437500953674 30.9943751394792 31.3637501001663 31.7392186819908 32.1864061356233 32.4304684400395
19.9951563038504 17.2998438064508 17.2249997758596 18.5754685941728 24.7660936688005 20.9739060937229 23.6592189560622 25.9092188678025 26.9485939653178 24.3812501981324 25.4609373781554 25.8776562767329 26.7934374774004 27.8139060723156 28.1760936677532 28.686562656937 29.2856249505637 29.4159379301696 29.3526562457845 29.8518751560947 29.865156084109 29.7334376273345 29.8734374043871 29.881405979257 29.9443752169566 29.4057810319899 28.2026563576038 26.4410938562722 25.3339062291448 27.9542188927301 28.086406469155 27.4367185832232 26.176562723254 24.7951561488978 24.668437270909 27.632343948699 29.4167187795725 29.7846875482523 30.2226562791734 29.6948439472389 29.1965623792532 28.6678126158872 28.4615623060386 28.7901560664188 29.528749704361 29.9309369327007 30.2201561037734 30.6270313862864 31.0701561572351 31.3560936750057 31.1042186619839 30.5632813874654 30.4174478753052 30.5491673151652 -9999 -9999 -9999 -9999 31.0145310461011 31.3135937751198 31.6989063324076 32.10109329237 32.4454689621741
27.9709373054504 26.9551564067148 26.0292187536087 26.3878122190384 26.1070312781384 28.6523439233036 29.8429168162099 29.8579166240275 29.7709375325052 28.1162501567317 26.0310935976257 26.7074998642497 28.1215626296541 28.976562529063 28.834687351697 29.1867185231392 29.2968751503776 29.5401564262084 29.7598437072072 30.2374999813598 30.6257812374796 30.4068751622456 30.2693750254672 30.1676560040245 30.0554688275001 29.6664060954908 28.4232814325716 27.2214061970199 27.0115628896017 25.3573438321374 26.9784377279108 25.8796875289543 25.9910940602426 25.7970314079769 25.007968723827 26.8056251687696 30.350468604986 30.5609373439547 30.7770311229649 30.3350000370412 29.5156249401568 28.5734374230495 28.2900002797445 -9999 -9999 -9999 -9999 29.6512498855591 30.5710937686168 31.0628128655256 30.9681250155883 30.5298437475865 -9999 -9999 29.1625001430511 29.1849999427796 -9999 30.1437499526025 30.6662499611336 31.0778124932746 31.4921873513765 31.8934372368185 32.2987501027585
30.895937650831 31.4509374783258 30.9557815473296 30.8151563681391 30.7649997143321 30.9731250108716 29.9116663933839 29.5666670799255 29.0106241702644 28.4214057921552 27.8587497130425 26.4145312588776 27.1507812465637 28.6990624381974 28.5792188357108 29.1562500600374 29.4895311575931 29.3235939724549 29.8540626462877 30.735312521066 30.6956250671943 30.4457810530917 30.6284373401881 30.4620314833743 30.0198436380114 28.5479685685371 25.9801561279062 24.3859378110672 26.2015626689867 25.0226562532927 26.7117191199558 26.1360935452385 25.7248439422581 26.4448437920025 28.0801563489525 29.5459377123326 30.8510936196756 31.058750063103 30.7718749351186 30.47749999243 29.312656462899 28.0428124375093 -9999 -9999 -9999 -9999 -9999 29.6512498855591 30.1648440661084 30.4976564949398 30.2917187526624 29.9307811274342 30.0504682964174 29.6870307030728 29.1343751252347 29.110468685799 29.3168747129307 29.7017187781528 30.2350001042357 30.6676563327748 31.1514064375578 31.6848438980305 32.157655805437
26.6396875115557 28.4392188255949 29.9451563438541 31.0246878001675 31.6851564054417 31.0110937650664 29.8864061534178 -9999 -9999 29.2000007629395 29.238124310776 28.4974998805317 25.4657813287722 26.0104686044447 26.7060936719447 27.9314064134276 28.4264062987578 29.1060935298049 29.5309374043626 30.0334376417574 30.2440623661464 30.1920310870665 30.4412500269862 30.5499998344502 30.3370312454422 28.6776561733853 27.6871871918162 29.2429686463281 30.0834375915255 30.1485938113638 30.3376563471028 29.9762499609548 30.1921872775992 30.7851563679385 31.2682811909213 31.0540624556183 30.8346876206022 30.6734375960477 29.779218883118 29.290625066213 28.7537498474121 -9999 -9999 -9999 -9999 -9999 -9999 -9999 29.492812216595 29.054530951211 27.5735938573152 28.0968751907349 29.2800006866455 -9999 -9999 -9999 -9999 28.60562479496 29.2298435880707 29.9104686691978 30.6303124741734 31.0873436347567 31.3871876320047
25.8578123138184 27.6517184926462 25.9907814871173 26.3067188934144 28.5740626223159 29.7660937938231 30.1380725203619 -9999 -9999 -9999 -9999 29.6449995040893 29.7478125019789 27.7565626141279 25.8773436535367 24.0876560548869 25.0143748255806 26.7360938206791 27.4009376506035 26.952812587058 27.9457814427851 27.8796873428108 28.7532810003979 29.3514062776409 29.7585935603847 27.4115623268006 28.9059373738386 30.7204688478867 30.7668752657228 31.4353123295785 31.5620312978985 31.4115624117639 31.4029690614049 31.4882815476752 31.5720311700964 31.1271877885921 30.6049998703894 29.9895308920733 29.1056251831445 28.9540621043523 -9999 -9999 -9999 -9999 -9999 -9999 -9999 -9999 -9999 27.8343746662139 -9999 -9999 -9999 -9999 -9999 -9999 -9999 -9999 28.6274998188019 29.4740626211474 29.2700000420699 28.2265627136138 28.4776562200552
-9999 -9999 30.569531112048 30.840937315779 30.6598438017563 27.7193748020412 28.0610937463953 29.4364063456712 29.4287500085511 -9999 -9999 -9999 31.2687499523163 31.2495312988145 29.2990101945626 26.4316666756659 24.4795308951368 25.3298437270386 25.7401563256286 25.7785937188002 26.0567185886378 26.1256253450126 27.6032812947104 28.2253125652035 29.4698438342138 28.3143747425349 29.0679689369735 29.7912498463123 31.2104687402616 31.8207810827311 32.0270314817897 31.8868749745138 31.8167188467327 31.5560939621414 30.7874998466495 29.8589061219061 29.3110938679703 28.8132812388694 28.5152085328243 28.4747398396803 -9999 -9999 -9999 -9999 -9999 -9999 -9999 -9999 -9999 -9999 -9999 -9999 -9999 -9999 -9999 -9999 -9999 -9999 -9999 -9999 -9999 27.8325001654075 24.8717189991933
-9999 -9999 30.9449996948242 30.6454690109612 30.6176564999383 30.1592186967944 29.5010935345367 28.5181250876323 29.1990624371389 30.2443749901843 -9999 -9999 -9999 -9999 30.4985416332952 30.2210413294979 28.9504687143385 30.1467189109399 25.427968559459 23.8323436128016 23.5399996390284 24.804218888432 24.8334372649465 25.9771874256472 28.3724998265064 30.317812410743 28.3376563484211 26.7645315548702 27.9090625709429 30.3010936704103 31.0632811503559 30.7782810646411 31.1192187979157 31.1524999139547 29.739374638385 29.4267188302113 29.3340626049008 28.9599998582084 28.3358332713445 -9999 -9999 -9999 -9999 -9999 -9999 -9999 -9999 -9999 -9999 -9999 -9999 -9999 -9999 -9999 -9999 -9999 -9999 -9999 -9999 -9999 -9999 -9999 28.6076562354334
28.5445306649379 27.7284375431617 29.4162497520447 30.6162505149842 30.4757811130025 30.0360935009332 30.9259372335197 29.1142189492487 26.1145308015921 29.6442188059532 -9999 -9999 -9999 -9999 -9999 30.75 30.803750038147 30.6274999380111 28.1521874543504 26.1717186153965 24.7098435056626 24.0498440582624 24.5717186593285 28.1529688208265 28.5148438790536 29.2212501162168 27.228437247426 27.176874994225 27.5959373434372 27.8237499593018 27.2823435930767 27.587968790611 28.4468750623908 29.1621878400875 29.2178125921034 29.678594019619 29.5137500141961 29.111562430351 -9999 -9999 -9999 -9999 -9999 -9999 -9999 -9999 -9999 -9999 -9999 -9999 -9999 -9999 -9999 -9999 -9999 -9999 -9999 -9999 -9999 -9999 -9999 -9999 -9999
25.2434372331001 27.8446876999374 -9999 -9999 30.4350001811981 30.531093837001 31.5217187111344 30.8603121608692 27.0984372177954 28.1517188846158 28.6660935618598 29.9368743896484 -9999 -9999 -9999 -9999 -9999 -9999 29.1749995549519 27.8090626181508 30.5621872815528 27.3681249821986 27.9017187913483 27.1601562255383 28.9329688858255 30.5267185247092 27.3915623993477 28.1851561652593 25.9618749933995 25.0604685013595 30.0400001077139 31.5212501256466 31.6418748754817 32.1504690027128 31.9576559358693 31.577499925124 30.462969035234 29.9107812941299 -9999 -9999 -9999 -9999 -9999 -9999 -9999 -9999 -9999 -9999 -9999 -9999 -9999 27.7299995422363 -9999 -9999 -9999 -9999 -9999 -9999 -9999 -9999 -9999 -9999 -9999
25.9904691239482 -9999 -9999 -9999 -9999 -9999 31.0220316652739 31.5921879118032 29.3134375185672 26.3917188563827 27.0707814657859 28.9734374592901 30.8687502439994 30.2326559663366 29.8809376910556 -9999 -9999 -9999 -9999 -9999 31.2806252243993 30.5081248889458 26.1178126623162 25.4582808894724 28.4550002808263 31.700156689005 31.8448435348672 29.0398437049671 28.4604686742066 25.6826561616155 24.734687532264 25.94593736434 30.1684373623167 31.8681246060597 32.6340628561777 32.7240628584484 31.5374999611185 29.8218748552892 29.8549997812522 -9999 -9999 -9999 -9999 -9999 -9999 27.6062507629394 29.0062498150293 27.9764063656916 26.8689059919163 26.0260938681413 26.1359373311722 26.6314062460874 27.064062864047 27.769531577752 -9999 -9999 -9999 -9999 -9999 -9999 -9999 -9999 -9999
28.6213021960177 -9999 -9999 -9999 -9999 -9999 -9999 31.3587499856949 30.5031249823017 30.5673440382385 30.2343749367636 29.6296874557754 29.9584376538418 32.116562517113 30.9640627225361 30.7493752241135 31.1200008392334 -9999 -9999 -9999 31.229999780723 30.7012498364363 28.0406248237787 27.5428125529991 29.0282814196742 30.2132813663111 31.0315621829184 32.8179682738471 32.3651562298929 30.3804686333908 29.7451564304624 29.4489060868332 31.030937877721 30.8040622478617 32.4404689676581 32.7498436287163 32.1154687124608 30.5812499820505 29.8348436946134 29.2900001704735 28.5993750492732 28.5862504641215 28.9437501430511 28.2312495708465 28.1607816515916 28.0070312610109 28.6598436842252 29.011406359648 27.7248436783157 26.2449999469221 26.8001563553267 27.6935940077976 27.8459373392185 28.0076559479332 28.2406249939374 28.5724996328354 28.1825001239777 28.4599993228912 -9999 -9999 28.8987503051758 -9999 -9999
28.7606250639949 29.7632807491755 -9999 -9999 -9999 -9999 -9999 -9999 -9999 -9999 30.8421875542071 29.3670313337136 28.2110937515634 28.1051562463347 29.7984375073435 30.5906250753574 31.0851564681738 31.4293751708074 -9999 -9999 31.1784372928541 31.4325002453964 29.0864062318431 28.0289062572086 28.7835935918934 30.1734375056141 34.2365617767053 35.0973436822156 33.0428124957418 32.7929688408441 31.854375122305 32.1375004053512 32.5356252207344 32.036874534089 32.6884376113044 31.8081248102278 30.4159373637636 29.3268747332048 29.446249961853 30.2787501811981 30.0290624494796 29.6882813573935 29.7410934282908 28.3775000290369 27.9548436418071 27.0857812782729 26.6871875530745 26.4415627417505 27.6268747726083 29.0349999008771 28.7059373782446 29.7292186301526 29.2729689151927 29.7810939219628 29.0975001740182 28.3132815341212 27.17734366593 27.4979684961679 27.8432811811271 28.3378125746403 27.9868749980959 28.2235939825266 28.7028125257366
28.940156578989 29.740312189061 -9999 -9999 -9999 -9999 -9999 -9999 -9999 -9999 -9999 30.019999743144 28.952656060789 26.7153125997986 28.908749849236 31.9045306435699 32.1281253099442 32.2435939600114 31.3893755075135 -9999 29.5724997827798 29.0535936387339 29.2373435186699 28.1348438546111 30.1856251954609 32.1478128094012 32.2251562506698 35.2351562089902 34.2853121140168 32.8078128084763 31.6812497398003 -9999 -9999 30.0999999046326 31.8109376445967 31.505781383235 30.8574999564232 30.0103124958371 30.1906249208306 30.5843749337438 29.2724999807048 29.9231250279742 30.0673436501654 29.2887499593689 29.1998440580363 29.9971871885819 30.1540622328547 29.3332811531054 29.510781315771 31.6389060320855 32.3621876528111 30.5490621030055 30.5245310068693 30.8681252904884 30.1554689991639 28.9409376686426 27.9901561724902 28.002812442749 29.3535935532001 29.5204687072599 29.2023437586931 28.6515626873194 28.1942186634311
29.7053130246011 29.8717187041959 -9999 -9999 -9999 -9999 -9999 -9999 -9999 -9999 -9999 -9999 -9999 28.0033338466603 28.0873439287563 30.7940623772079 -9999 -9999 31.2924997806549 -9999 -9999 32.3864583954095 31.8975002147564 30.2578123779197 29.4792186907973 33.5859380025076 35.5514061420609 34.6439061147454 32.1599998474121 -9999 -9999 -9999 30.8312497138977 -9999 30.7870313827021 31.3260938507989 31.2817183716495 31.5456247602516 31.1709375362746 30.0065627090404 28.6896873989977 27.799062577964 29.1720315511838 30.0218753509946 30.1606250098741 31.5307814180841 31.9914060835925 31.5123434366541 30.8926563545085 31.3154687890789 32.010468635005 30.2254683646226 30.0614061352238 30.1654687852214 29.5878127223788 29.7293749743906 29.8125000889288 30.7710937833139 31.9571879170281 31.1964059752452 29.8900000446606 29.3828127360595 30.7739062612863
30.9362496430913 30.5101560652499 -9999 -9999 -9999 -9999 -9999 -9999 -9999 -9999 -9999 -9999 -9999 -9999 28.0589063788626 29.2407811307218 33.3509372472193 -9999 -9999 -9999 -9999 -9999 33.1110942060385 33.4120315270955 31.9064062190963 32.6873438121756 35.7328122582411 35.0826556988095 33.7293750009553 32.5650005340576 -9999 -9999 -9999 30.2399997711182 31.2134375260789 32.6871883259648 33.1726562354663 33.5293742994827 31.8276566568932 30.0304687924358 30.0331249823395 29.7162501489804 29.9782815859614 29.8760940740569 30.9125001422109 31.5401564538279 32.0589061969113 31.4799999295652 31.6173439919474 31.0065628883879 30.9665630751158 31.1137500114382 30.2526563107007 29.8124998189523 30.1967186013531 29.425625176496 29.9165625574633 31.9045312105523 33.6728125809715 32.7896870356416 31.853125091584 32.5750002514651 32.6498438668124
-9999 -9999 -9999 -9999 -9999 -9999 -9999 -9999 -9999 -9999 -9999 -9999 -9999 -9999 30.3076563795629 32.022812455979 33.1199989318848 -9999 -9999 -9999 -9999 -9999 32.4625004523379 33.4881242507084 33.7617189573068 31.3176565738006 32.2953128239573 34.6446874161604 34.3168236603627 32.332135348756 31.3074994087219 -9999 -9999 -9999 31.2693750858307 33.3468754288332 34.3592184183717 35.6642187846312 33.4165624965476 32.4153119315208 32.416093944316 31.0037501434674 30.7626562408832 30.6717189847591 30.2651564475029 31.3212503199529 32.2168745397889 32.1479691260408 32.5273439875263 31.7829686673791 31.821719260192 30.8598439707788 31.0146876286896 30.25156250745 28.722812235585 28.6839063448645 30.393437681507 32.9949997352876 35.2928123439673 35.5731251838983 35.4540624026677 36.8645308009504 36.1573440989037
-9999 -9999 -9999 -9999 -9999 -9999 -9999 30.7299995422363 30.4549994468689 -9999 -9999 30.5637499110409 31.016249537468 29.3357815777657 30.0910940155097 -9999 -9999 -9999 -9999 -9999 -9999 -9999 32.8787503245941 32.5974988940826 34.3626563548632 32.3123444026708 31.7032808057814 33.3893751510322 33.9976039545632 33.1744795132257 31.6921868917361 -9999 -9999 31.9687505355083 32.1304687838316 33.0735935578135 34.1126565344971 35.2460936900831 33.5590622730566 33.2468744210108 33.2767184369263 32.8740621782883 31.5895311225543 31.2623440908891 30.4732812046174 30.687031091211 31.2939061245791 32.331718236455 32.8610937596787 33.080000012949 30.5439063029599 30.1346875729133 30.7353122229277 29.7964061195961 29.2262496338613 30.5331244146109 32.8370315696479 33.4628124835189 34.975468222476 35.3331252338731 36.7173438635735 38.8829688988822 39.7957808333234
-9999 -9999 -9999 -9999 -9999 -9999 -9999 31.1035939148417 30.1921876960008 29.6931250692295 28.9899999184974 28.7195314093469 30.3606253826502 30.8799991607666 31.1800003051758 -9999 -9999 -9999 -9999 -9999 -9999 -9999 -9999 33.3400001525879 33.9520313740018 31.4371878196301 30.4659373759279 33.2435938416035 34.1373429313099 34.3159377581907 32.8399987220764 30.4606250520618 30.0712504386902 -9999 -9999 32.6599998474121 33.9607812745381 35.8564058549333 35.8546870960123 34.6214066748372 33.9893745808148 33.0345315947317 32.963905662486 32.2678122490506 30.0170310717564 31.0243749019798 30.1795309482694 32.425781399447 32.5749998981853 32.5248440199893 32.093281272505 29.7050000723441 28.873906333629 33.8056250436941 32.4004684306106 34.2243752127231 33.8420310842665 36.7567190470857 38.7928124617893 39.6449994421767 39.630624888523 39.0114061820458 40.7889059789445
33.8468742370605 33.4818742275238 33.5200004577637 -9999 -9999 -9999 -9999 -9999 30.5737498997051 29.7240624724248 29.5642186704763 30.8110937802773 31.8903124936326 -9999 -9999 -9999 -9999 -9999 -9999 -9999 -9999 -9999 -9999 -9999 32.1318757541607 31.4892191002076 30.4143747689434 31.1834378290378 33.4806251525879 -9999 -9999 30.6349997520446 29.6521874675573 29.7056251172899 -9999 -9999 35.1093750587239 35.5603126883053 34.9973434811806 33.8906247031576 32.7996875642202 31.9742187867248 32.7304689887526 34.8314064713759 32.5618745943911 30.4009373502646 29.4942188577577 31.1526564979801 32.5140624350567 30.6371873069429 27.5046873756935 32.105468774814 36.5281253093343 37.5406251541806 36.3412499422142 36.7265619633887 37.4317187658424 39.9512500152488 40.8267186882907 40.9279686802964 41.150781510666 41.3275002797399 41.793906089659
35.89343702538 34.959218797595 34.7110933054643 35.339531005343 36.5800018310547 -9999 -9999 -9999 -9999 -9999 -9999 30.5974999666214 31.4700002670288 -9999 -9999 -9999 -9999 -9999 -9999 -9999 -9999 -9999 -9999 -9999 -9999 30.7566674550374 29.7784371080877 31.3000005489311 31.5081250670455 -9999 -9999 -9999 -9999 -9999 -9999 -9999 34.1299991607666 34.616250038147 35.0102089276578 36.0077088673909 33.4598440512297 31.4649999425717 32.0372916838862 35.9166664281117 35.9218745231628 33.2340629080176 28.8854683872719 29.0079687813321 32.7479686716469 30.7571875376584 32.0257813582959 34.6081242561341 35.0696875474663 34.8025000124786 34.5667192943978 36.6287495484153 38.6698436734104 40.5424992445976 41.2046872976304 41.4728127124287 41.9492194055226 42.466250241066 42.7481253154773
37.3104693287514 36.4662494054537 35.5614061347428 34.9392179250498 -9999 -9999 -9999 -9999 -9999 -9999 31.6000003814697 -9999 -9999 -9999 -9999 -9999 -9999 -9999 -9999 -9999 -9999 -9999 -9999 -9999 -9999 -9999 -9999 30.4993754637455 30.9650007493349 -9999 -9999 -9999 -9999 -9999 -9999 -9999 -9999 32.0900001525879 32.5993748907653 -9999 34.5098444811683 33.961094405073 34.4597923223564 35.1129159128664 -9999 -9999 32.4590624852182 32.7071875271937 34.6435939647998 35.3054692720303 -9999 -9999 34.0975003242493 32.7765624538862 34.5840626350584 37.4518742552751 39.311562000573 40.6723437302541 40.9684370758547 41.2042188051981 41.8493748906777 42.193437576638 42.4710933564623
36.9428123216248 37.553124486547 36.635311960194 33.5040623532226 -9999 -9999 -9999 -9999 -9999 -9999 -9999 -9999 -9999 -9999 -9999 -9999 -9999 -9999 -9999 -9999 -9999 -9999 -9999 -9999 -9999 -9999 -9999 -9999 -9999 29.9850001335144 31.1224994659424 30.6662497520446 -9999 -9999 -9999 -9999 31.0100003494893 32.0999984741211 -9999 -9999 -9999 -9999 -9999 -9999 -9999 -9999 -9999 -9999 -9999 -9999 35.3287501335144 -9999 -9999 33.4522908515371 35.0373436212592 38.5843746055067 40.5487508771973 40.9907812479352 40.9085934758987 41.0337498186604 41.6404687179 42.414843917485 42.8340626354388
38.3645308005657 37.7303124670802 36.5720320355152 34.461718618088 33.125000834166 -9999 -9999 -9999 -9999 -9999 -9999 -9999 -9999 -9999 -9999 -9999 -9999 -9999 -9999 -9999 -9999 -9999 -9999 -9999 -9999 -9999 -9999 -9999 29.7868756055043 28.9762504719187 28.8418747237171 29.4056250182891 29.498750090599 29.2962502241135 29.8850002288818 -9999 -9999 -9999 -9999 -9999 -9999 -9999 -9999 -9999 -9999 -9999 -9999 34.8987503051758 36.7775001525879 36.420781730967 35.3287501335144 -9999 -9999 33.9541668498695 34.2320317345761 38.8562499289728 39.4359375860938 39.7148440505304 40.1792193070507 40.7867189056604 41.1150001882386 42.2282810805453 43.0651564001508
38.7100000975361 37.2845309974866 35.1676046257506 33.4422920943149 32.25 -9999 -9999 -9999 -9999 -9999 -9999 -9999 -9999 -9999 -9999 -9999 -9999 -9999 -9999 -9999 -9999 -9999 -9999 -9999 -9999 -9999 -9999 -9999 -9999 -9999 -9999 29.8799991607666 -9999 -9999 -9999 -9999 -9999 -9999 -9999 -9999 -9999 -9999 -9999 -9999 -9999 -9999 -9999 33.0806249380111 34.0945841471354 -9999 -9999 -9999 -9999 32.6806253195182 32.8545311421967 35.0778124967324 36.4760937701809 37.6067183590665 38.755312200385 40.6373442395314 41.8668753508607 42.4612501868118 42.9254693395289
39.3634378897804 37.2517191766317 35.1674474472526 -9999 -9999 -9999 -9999 -9999 -9999 -9999 -9999 -9999 -9999 -9999 -9999 -9999 -9999 -9999 -9999 -9999 -9999 -9999 -9999 -9999 -9999 -9999 -9999 -9999 -9999 -9999 -9999 -9999 -9999 -9999 -9999 -9999 -9999 -9999 -9999 -9999 -9999 -9999 -9999 -9999 -9999 -9999 -9999 -9999 -9999 -9999 -9999 -9999 -9999 30.8518747719965 30.528593780685 32.5662501769001 35.6196871407716 37.6910933277352 40.130156577569 40.6875002995201 41.0315626874241 41.6990625866681 42.389687181067
