2050_A1B_CS/TMAX.asc
NCOLS 720 
NROWS 360 
XLLCORNER -180 
YLLCORNER -90 
CELLSIZE 0.5 
NODATA_value -9999 
[rows 112 to 139 of 360, columns 567 to 629 of 720]
21.5864059655353 24.0820312519386 26.9821875385572 29.4915625164567 31.4167183924595 31.3395313626745 29.0098440064376 28.0449998040001 26.2703128980017 27.634531196861 28.3287498314639 29.0098436140352 30.3776561305871 30.6893752508755 30.5820312759679 30.1040624335113 30.3285939079177 31.0007809367622 33.9735938014757 34.9367190007161 35.1846876145049 35.1817188263651 35.1268748045834 35.1587500572865 35.1268748640684 35.023593902527 34.8398429152884 34.5812500713234 34.1157813070832 33.6028119919188 33.1331246492193 32.7915621395072 32.6364060038708 32.4651565548653 32.3521876334793 -9999 -9999 -9999 -9999 -9999 -9999 -9999 -9999 -9999 -9999 30.3787508010862 30.013750076294 -9999 -9999 -9999 -9999 -9999 31.7706245777639 31.5456255078936 32.4429692636862 32.3617191624573 32.5637496709824 31.9943757057189 30.5014064037509 29.1342186408034 28.5703124452107 28.3720309408378 -9999
19.9640628106833 24.2695310688403 27.4270313678207 29.2670313115247 31.4115623842888 32.1078127599566 31.4360932045189 32.3687504177619 32.5150007243336 31.5354689304642 30.6139060844917 31.1660935271703 31.4707811166699 31.8682808558672 32.2559377552582 33.5437502532365 33.5503122753988 33.5770309841768 34.4868748174596 34.6034373644576 34.9681255225485 35.2117187975468 35.1385939120124 35.1268748641055 35.1610941290433 35.0685942172623 34.8989065886707 34.6417186856959 34.2479689715759 33.8071877358347 33.4950002426969 33.2795314186853 33.135625004229 32.7876567836592 32.3746879696167 -9999 -9999 -9999 -9999 -9999 -9999 -9999 -9999 -9999 -9999 30.8296878924002 30.5246871102557 -9999 -9999 -9999 -9999 31.2634367346372 31.8095308245721 32.6471875285136 31.6034376330819 29.8257811113353 31.9178124084353 30.9626561404335 30.2253124696459 30.7842187073514 30.8962499300638 -9999 -9999
19.1254685200144 23.9828125482762 28.5329687888924 31.6468747235014 33.7150003890096 31.7754686488779 30.7774996756604 30.7523433577485 30.9379684937704 32.6459372954054 33.6279690271213 33.3731247786733 33.0970313264691 33.438280913363 33.9862495084828 34.195468544316 34.820312559352 35.0946877594798 35.0365619658294 34.6107816701745 34.550312340278 35.116719544202 35.1753123999073 35.1751560567567 35.1812494992552 35.0757814048601 34.8357814550266 34.4695316554091 34.1282809973616 33.8259376286988 33.7720311280357 33.8114063734384 33.5723441237224 33.0667186377224 32.4048431514718 -9999 -9999 -9999 -9999 -9999 -9999 -9999 -9999 -9999 -9999 -9999 -9999 -9999 -9999 -9999 31.7412503958488 31.8099994659424 32.3375005722046 32.6973434088407 32.0885942917108 28.7492187033035 31.0357811430569 -9999 30.9637500047683 -9999 -9999 -9999 -9999
21.7373435761103 27.1768749339995 30.1140625148699 33.0775000146814 34.6801559327854 33.1596875146515 32.5428124330491 31.6992189256067 31.6092186542892 30.9654685279273 30.0715624762278 30.2812497381383 32.3732815685072 33.2456255230315 32.61375045876 33.2823438372781 34.9534379243461 35.4115626809009 35.1917184589028 34.2657805683207 34.3009378915333 34.9254689218121 35.1781255006298 35.2337496280629 35.1821868420283 35.1325004696723 34.8615633844899 34.4470313190932 34.2407810684708 34.077655970547 34.1179690357159 34.2548436518169 34.0115628238823 33.2546876667023 32.5070313810041 32.1493222114687 -9999 -9999 -9999 -9999 -9999 -9999 -9999 -9999 -9999 -9999 -9999 -9999 -9999 -9999 -9999 -9999 -9999 32.3364069769942 30.7826560723576 29.7774996725174 32.0865623650304 -9999 -9999 -9999 -9999 -9999 -9999
23.7040627025199 29.6385938493177 32.989218829701 34.1546874047983 34.5878124832432 34.7456249588019 34.6649999014097 34.4218747600102 33.1314066918061 31.7648439079835 28.6856252227648 27.2918752074605 29.27093723545 28.9582812842101 29.758437249024 31.3628129972669 33.5912498244909 35.4653125406314 35.0387499337419 35.0576566463384 34.6226556285764 34.6195314516074 34.9692187313326 34.5429691690582 34.2898437399908 34.9668746601006 34.8510937094126 34.7793753144425 34.7034371491626 34.7553121439769 34.5406252735186 34.4045307634982 34.1176565289323 33.4446874855087 32.9548442359944 32.7950001946113 32.4589059939132 -9999 -9999 -9999 -9999 -9999 -9999 -9999 -9999 -9999 -9999 -9999 -9999 -9999 -9999 -9999 -9999 32.0217183228472 31.4620312442896 32.0131254490917 32.3318755030427 -9999 -9999 -9999 -9999 -9999 -9999
27.6664067398082 32.4632814497011 33.4331251386747 33.9934374691914 34.6909371612885 35.4225002519154 35.6751557574952 35.9978132825334 35.2487509828969 34.7545319759937 33.601875624832 32.3454692908866 32.4218752302738 30.383749386917 30.6776561091666 31.2245315302818 33.9676561040186 35.2351557616431 35.0307809109649 34.9385942813704 35.6553123586166 35.5546880950564 35.6512499432735 34.2195317734032 32.4293750545954 32.4112502679802 33.6862502124008 34.7657813432823 35.0456253286339 35.1584376095725 34.9507813451357 34.5184373854386 33.9165629153035 33.6631249782524 33.2998439069837 33.325156151984 33.0921871658118 -9999 -9999 -9999 -9999 -9999 -9999 -9999 -9999 -9999 -9999 -9999 -9999 -9999 -9999 -9999 -9999 32.167500317162 31.5979689962151 31.5851561141679 -9999 -9999 -9999 -9999 -9999 -9999 -9999
32.7376563836056 32.8015618922302 33.1165623064797 34.1265622968086 34.9651565546248 35.8345307702155 36.3904688361658 36.0262503029464 35.7515629526673 35.4551560284774 34.684062606163 32.4851567800032 31.6207812117812 30.4685937445997 31.7154687657931 34.3301568018428 35.3548441521585 35.4468750356447 35.5200006366061 35.6475003359136 36.0384378430967 36.5332813856247 36.6199998850987 35.4896880373777 34.144375144262 32.744531060939 34.6771874708281 35.0189056394111 34.6893746274223 34.496094049723 34.3568745277143 34.1006252480628 34.2304686612296 34.434218643891 34.0095319737649 33.6172403491125 33.0983330408732 -9999 -9999 -9999 -9999 -9999 -9999 -9999 -9999 -9999 -9999 -9999 -9999 -9999 -9999 -9999 -9999 -9999 30.8762497901918 32.060001373291 -9999 -9999 -9999 -9999 -9999 -9999 -9999
33.2518752813177 33.015312313373 33.7353123417027 34.6726561182205 35.7250004399768 36.5053129783291 36.2020305991915 36.2085942024455 36.1293755168764 33.3514064295921 30.9870312233908 31.4093753962131 31.2031254193991 29.8278126748707 30.1817188877391 33.9040625117463 35.6065623166393 35.5476561783738 35.5364069938019 35.8204684852365 36.2704682347384 36.7503123281415 36.7821877003793 36.4539069526894 35.4095314725412 35.8795313809951 35.7956241958546 34.518750013242 33.2020314350711 32.6806251429069 32.3009372674524 33.2371871179135 34.740937380241 35.3698437801682 35.0675001727772 34.0739060038892 33.0674991607666 32.3866653442383 -9999 -9999 -9999 -9999 -9999 -9999 -9999 -9999 -9999 -9999 -9999 -9999 -9999 -9999 -9999 28.343124926135 30.8556248546095 -9999 -9999 -9999 -9999 -9999 -9999 -9999 -9999
33.528905510585 33.7248435609162 34.7495314466249 35.4431251276711 36.0773434637933 36.8828133338667 37.0126560325351 36.2765628728161 34.0429689631643 31.7843753669447 32.4579688002713 32.8178129779862 31.8287499211379 32.4087498145143 33.3650000676528 34.8687495578549 35.9449998731149 35.8423439853539 35.755624770672 35.9676565528149 36.2657815825812 36.3643748175534 36.0039064896426 36.4339060197146 36.5323436272403 36.6081256273167 35.7878129472797 34.62703114597 33.8981249336646 33.7631250036701 33.5067190511295 34.3471872793306 34.7039064167703 35.2440627815387 34.7129689457963 32.9953121844707 32.9718745952157 32.4631247520447 -9999 -9999 -9999 -9999 -9999 -9999 -9999 -9999 -9999 -9999 -9999 -9999 -9999 -9999 -9999 -9999 -9999 -9999 -9999 -9999 -9999 -9999 -9999 -9999 -9999
33.1398440312986 34.8146869524004 35.6607810251792 36.1457809205381 36.4115624421623 37.2925000187861 36.4239065068817 33.6229685569646 32.3301556996043 33.3274999253576 32.6932815020102 34.2624999265882 34.3576562983609 34.6718747609743 34.3751562826834 35.8442183722615 36.471875130515 36.481718777909 36.383749841733 36.1598438020139 35.5748440030384 35.5745322113987 36.0381253944796 35.4687495838725 36.4474994529893 36.7285934681308 36.5889063469674 36.019219039372 35.135625001676 33.7776564942567 33.9374993450775 35.842500207902 35.7407815435231 35.1901559232784 33.7646875399016 32.6779688599832 32.7881243227617 -9999 -9999 -9999 -9999 -9999 -9999 -9999 -9999 -9999 -9999 -9999 -9999 -9999 -9999 -9999 -9999 -9999 -9999 -9999 -9999 -9999 -9999 -9999 -9999 -9999 -9999
31.4231250903717 33.6460945921836 35.6968753941217 36.0882810364199 36.1365624100762 34.8132812416807 35.1432814625497 32.5464064170583 33.0306255213976 33.3385941978685 33.4557811601605 34.9757812029171 35.1309369808513 34.5204682919923 35.0534378892019 36.0139060039298 36.61906260356 36.9337498546657 37.1043750042029 36.7084373828861 35.8548442127552 35.4864057913617 34.7560933796618 36.0112490630567 36.6548438659093 36.8729689118752 36.8481250406362 36.3846879007068 34.8739068486732 35.0548436028169 34.7960935860967 33.995312424285 35.1296873688719 34.2562505329206 32.8706249312699 33.1768754125207 33.0235939620946 -9999 -9999 -9999 -9999 -9999 -9999 -9999 -9999 -9999 -9999 -9999 -9999 -9999 -9999 -9999 -9999 -9999 -9999 -9999 -9999 -9999 -9999 -9999 -9999 -9999 -9999
29.2209379698817 32.739062518077 34.2175006890958 34.002812746675 33.2228126856001 33.7871876941149 33.7150003317363 33.3268753283648 33.434219121803 33.9718748321035 33.3817182201068 34.3500003822153 35.1843751661757 35.6046879890502 34.7314065099901 34.5781257760654 34.8907805111952 36.6004685765701 37.500937282751 37.1931247107598 36.3985937819872 35.9495311950463 36.9671875818607 37.4020313018002 37.2609367366716 36.9906250834425 36.8139054178879 36.3110934495875 35.4289057860278 34.1529691554178 32.5146876890788 33.4965624504291 34.0867187999234 33.6431244600576 33.0703122595523 33.2720314261687 32.9040623905108 -9999 -9999 -9999 -9999 -9999 -9999 -9999 -9999 -9999 -9999 -9999 -9999 -9999 -9999 31.9728119970597 31.7834376694001 -9999 -9999 -9999 -9999 -9999 -9999 -9999 -9999 -9999 -9999
27.9429687295894 29.6645309953019 30.8251562757354 30.9029684985584 31.9571877737978 33.2115623367841 33.5387503503989 33.7306252720545 33.9284376508652 34.1903125653521 33.379375188272 34.6439059385192 35.4642182599164 35.201406957797 33.1023436210503 34.6318749196977 35.3396878839565 36.6926563978306 37.3681247836262 37.1653121712417 36.5090628871007 36.3301563894686 37.2489063149994 37.4087503554085 36.7421877981579 36.8407804979877 36.2656252983369 33.997812448985 32.5414062995695 33.917812763006 34.0757811068634 31.1950001118517 32.2754681109749 33.3057813349111 34.2864058017922 33.3600006103516 -9999 -9999 -9999 -9999 -9999 -9999 -9999 -9999 -9999 -9999 -9999 -9999 -9999 -9999 31.8150000572204 -9999 -9999 -9999 -9999 -9999 -9999 -9999 -9999 -9999 -9999 -9999 -9999
26.7889062752721 27.004374924227 28.3070314835787 29.5965626541071 30.3990625156433 32.2792189724346 32.9607815159577 33.1704688081624 33.4442188147492 33.4290621287191 34.0721875427007 33.980624437906 34.8431246879445 33.6160938454944 33.8964065870635 35.253905830678 35.6284371607254 36.4896873835982 36.9106248621105 36.7804682856485 35.6039063941275 35.736719069573 37.2193750137434 37.2873435617446 36.3268747337255 35.6375002276855 36.1929690836285 34.3995313645262 34.5673441288157 34.8909371490772 33.4274996831837 31.1439059975905 32.3523435293615 33.402812569854 33.7853131892363 -9999 -9999 -9999 -9999 -9999 -9999 -9999 -9999 -9999 -9999 -9999 -9999 -9999 -9999 -9999 -9999 -9999 -9999 -9999 -9999 -9999 -9999 -9999 -9999 -9999 -9999 -9999 -9999
26.2468754053276 25.750000176696 26.8056250205769 29.0239065586351 30.86187508826 31.8626559382753 31.9198436738352 31.8284373291374 32.7884372175761 33.0210936995639 32.6990622292458 33.7879693512683 34.2740621579444 33.0170313723693 34.2925001702392 34.9309373510436 36.2359375347759 36.9017186757269 37.2743751405829 36.7085937860921 35.4270311908358 35.1318748926789 37.0040625940343 36.6018746516667 35.4623435139065 36.066718519848 34.8742192988401 34.7273435599388 35.2125000952273 34.5128125843442 32.2628124930875 32.0623436857713 33.7098435767122 33.6041658724345 -9999 -9999 -9999 -9999 -9999 -9999 -9999 -9999 -9999 -9999 -9999 -9999 -9999 -9999 -9999 31.6406259529416 -9999 -9999 -9999 -9999 -9999 -9999 -9999 -9999 -9999 -9999 -9999 -9999 -9999
26.1451562943082 26.4756251579236 28.0445311945951 30.3190623197354 30.8548435854638 31.4928123952816 31.5640621489618 31.6235932704181 32.5385942761435 31.9476562133235 32.4764058882295 33.1354687223277 33.2685935506063 30.8237501719843 32.0387501743142 35.2937504628988 35.3176560133306 35.2896879949397 36.521562220354 36.3064065580881 32.3543752481048 33.4401561320519 36.060469330319 36.0717186917718 35.915156542349 35.5773437618519 34.9557811611349 34.7465623013995 34.0954685832427 34.1110935818723 33.5317191773971 33.5276560166575 33.5012494322522 -9999 -9999 -9999 -9999 -9999 -9999 -9999 -9999 -9999 -9999 -9999 -9999 -9999 -9999 -9999 32.4322919048256 -9999 -9999 -9999 -9999 -9999 -9999 -9999 -9999 -9999 -9999 -9999 -9999 -9999 -9999
26.5818749651544 26.2470310626691 27.7990624306773 30.5639062842625 32.5167187739348 31.8882809869214 32.3884375065091 32.1840624800674 32.3279693426785 32.7857810568878 33.0759374232571 33.8823438292652 33.5200002804844 32.5182813661191 33.8560940047857 34.2885939196527 34.6589056832209 35.6482813966821 35.8826560415775 34.6237499728167 32.543437330131 34.4332817796432 36.2360937008061 35.6776567706963 35.6185938129266 34.5453129417659 33.6692188101237 33.5989061902028 33.0448437043943 32.3121877615208 32.8578121955838 33.6868752632639 33.2078125278214 -9999 -9999 -9999 -9999 -9999 -9999 -9999 -9999 -9999 -9999 -9999 -9999 -9999 -9999 -9999 -9999 -9999 -9999 -9999 -9999 -9999 -9999 -9999 -9999 -9999 -9999 -9999 -9999 -9999 -9999
27.2189064027002 26.8971872615664 28.9020310320725 29.8289062673694 32.9039059284105 33.0981245321417 34.1073436730806 33.0076562157313 32.4751560980841 33.3900000428214 32.6676563001978 34.4964057188224 33.8809378124154 35.3490627688727 33.3667193342983 34.2065630243229 33.4054688259077 33.4381248985405 34.8101563438809 34.1718746419068 34.7493749827953 34.5973437421465 35.5817187433635 34.6028121127161 34.2414062639067 34.173593461612 32.8320311904639 32.8896880154913 32.2357816406466 33.453593847263 33.9064066094113 34.0974997676528 33.2050000826517 -9999 -9999 33.101875424385 32.0518749952316 -9999 -9999 -9999 -9999 -9999 -9999 -9999 -9999 -9999 -9999 -9999 -9999 -9999 -9999 -9999 -9999 -9999 -9999 -9999 -9999 -9999 -9999 -9999 -9999 -9999 -9999
27.7326563581277 28.8775001133684 30.556562153344 31.921094091339 33.0282816294219 33.1068752724623 32.9076558961643 33.3500002622724 33.7775002118711 34.6540629261283 34.5242189753358 35.3739058374078 34.9651557790325 34.3617188934928 34.6687502864277 33.5965622040444 33.5998437986917 33.9348441969948 32.8871874776581 34.0026562209008 35.1093751804292 34.1685935861708 34.0856248154782 34.4390620582727 34.1746876233605 34.5873436919193 33.7712499504559 32.6046876611846 33.0279689413737 33.9610422046923 34.3907289307308 -9999 -9999 -9999 32.8756240328883 29.1757812033763 30.13671896286 -9999 -9999 -9999 -9999 -9999 -9999 32.9199981689453 -9999 -9999 -9999 -9999 -9999 -9999 -9999 -9999 -9999 -9999 -9999 -9999 -9999 -9999 -9999 -9999 -9999 -9999 -9999
28.9078125944268 29.7564061001972 30.0503123732676 31.276562571298 33.2021870308046 33.9196872377458 33.3168753362853 33.9396869527641 33.4067178975653 34.3371881855702 34.3732812419413 35.0317189105909 35.469530880666 32.9067189421754 34.307812929591 34.5729689008363 34.2275000215052 33.9929687368069 34.5934371944817 35.1684372405338 34.88296794778 33.4954689152523 34.145156262738 34.5487497453119 34.6978120798942 34.2512498513644 33.1904683716183 32.3337502184738 33.2210938943847 33.7541667632697 -9999 -9999 -9999 33.1999995708677 31.086718382174 22.1749997455337 27.6364060948825 -9999 -9999 -9999 32.243125438512 -9999 -9999 -9999 -9999 -9999 -9999 -9999 -9999 -9999 -9999 -9999 -9999 -9999 -9999 -9999 -9999 -9999 -9999 -9999 -9999 -9999 -9999
29.3360935773237 28.7492186426613 28.6971878105495 29.365312726173 31.5346877592959 33.6245311243995 34.9614061454185 34.7745308869192 34.4539058799089 34.4796878097248 34.6034372445425 35.1753126982016 34.3451561325614 34.1393752366868 35.202969013555 35.1601561287272 35.5824999821079 35.3001554021099 34.8285935506042 35.0592188234524 33.9168753018156 33.9149997227509 34.1826570037652 33.1845314512268 33.091250302225 33.2309376290234 33.1071872999583 32.5720311999759 32.6375005245261 -9999 -9999 -9999 -9999 33.2735935750833 29.0548438512462 24.0879687078726 30.3214067216588 -9999 -9999 -9999 -9999 -9999 -9999 -9999 -9999 -9999 -9999 -9999 -9999 -9999 -9999 -9999 -9999 -9999 -9999 -9999 -9999 -9999 -9999 -9999 -9999 -9999 -9999
28.8514060660731 28.2073438477493 29.7429688556749 30.2990624578322 31.3251568959473 31.2943750029559 32.9687499704974 34.1665622611587 34.9076558943434 34.8607810729876 34.5865620378524 34.6878122694456 35.0431250325231 35.2465618854695 35.5353118781159 35.5904690038779 35.2815616721415 35.1534374946619 35.4454683663541 35.2706255316852 34.768125116009 34.3209373949243 33.4017187965798 32.4087497002707 32.1242190005593 32.6445312819481 33.0439058553183 32.5512499809265 -9999 -9999 -9999 -9999 -9999 33.1104685068356 25.2889061566901 26.5981245576308 30.7053123713939 -9999 -9999 -9999 -9999 -9999 -9999 -9999 -9999 -9999 -9999 -9999 -9999 -9999 -9999 -9999 -9999 -9999 -9999 -9999 -9999 -9999 -9999 -9999 -9999 -9999 -9999
31.5367190262477 30.2917188060967 31.5540623926945 33.3271878946045 32.0470311327806 33.1676567184366 33.8914062960817 34.3842185726114 34.6607818602955 34.7707811005781 34.6039058571316 34.5757802731595 34.361093582313 34.0876559608674 34.3965625767483 34.1473434889403 34.5851559053817 34.5545315761877 34.8151566393569 34.8846874840011 34.4384381781886 33.6129690422524 32.951562404725 32.6037499904633 32.431250333786 32.1399998664856 -9999 -9999 -9999 -9999 -9999 -9999 -9999 33.1699471078024 27.5613541762659 30.5933329264323 -9999 -9999 -9999 -9999 -9999 -9999 -9999 -9999 -9999 -9999 -9999 -9999 -9999 -9999 -9999 -9999 -9999 -9999 -9999 -9999 -9999 -9999 -9999 -9999 -9999 -9999 -9999
30.1234374353317 32.5370310246837 34.1453119796008 34.1742193096781 33.0923440450336 33.6743753554282 34.2940627344058 34.4203123459091 33.9445315614994 33.9767192014933 34.3343751430943 34.2368751168604 34.0348436227344 34.3421872259305 34.7298434961253 32.9374998511337 33.8351560835908 33.5251562597576 33.9067183744673 34.1809369929528 33.0990615504362 32.6829684978445 32.9074997901917 -9999 -9999 -9999 -9999 -9999 -9999 -9999 -9999 -9999 -9999 33.0891660054524 31.0988539918994 -9999 -9999 -9999 -9999 -9999 -9999 -9999 -9999 -9999 -9999 -9999 -9999 -9999 -9999 -9999 -9999 -9999 -9999 -9999 -9999 -9999 -9999 -9999 -9999 -9999 -9999 -9999 -9999
31.8978129306521 28.5742185698128 33.6324999055476 34.5001561042699 34.1457812182057 33.7142187337534 33.3167182201556 32.686718433646 32.8118743280465 33.8721873750688 34.3057818412379 34.3361980119874 34.389322975786 34.6660937665728 34.847030937984 33.9223434322502 33.6945310833175 33.3550002574921 33.0937497615814 -9999 -9999 -9999 -9999 -9999 -9999 -9999 -9999 -9999 -9999 -9999 -9999 -9999 -9999 -9999 32.2700004577637 -9999 -9999 -9999 -9999 -9999 -9999 -9999 -9999 -9999 -9999 -9999 -9999 -9999 -9999 -9999 -9999 -9999 -9999 -9999 -9999 -9999 -9999 -9999 -9999 -9999 -9999 -9999 -9999
32.0492191630295 31.5882812987333 32.6176559031137 34.6140630841822 34.8404685252369 34.7646876571042 33.702030956496 33.544531701656 34.1140623085442 34.3287501335144 34.3250007629395 34.3585416475932 34.6113543908016 34.7326567172779 34.6914061308034 34.2350001335144 33.5937504768371 -9999 -9999 -9999 -9999 -9999 -9999 -9999 -9999 -9999 -9999 -9999 -9999 -9999 -9999 -9999 -9999 -9999 -9999 -9999 -9999 -9999 -9999 -9999 -9999 -9999 -9999 -9999 -9999 -9999 -9999 -9999 -9999 -9999 -9999 -9999 -9999 -9999 -9999 -9999 -9999 -9999 -9999 -9999 -9999 -9999 -9999
31.5184377742116 31.7760937823014 31.9668751047395 33.5248438123174 34.8462501764922 35.0664064282086 34.53906285747 34.1999998092651 -9999 -9999 -9999 -9999 34.5765623450221 34.5340623265568 34.5228133202242 -9999 -9999 -9999 -9999 -9999 -9999 -9999 -9999 -9999 -9999 -9999 -9999 -9999 -9999 -9999 -9999 -9999 -9999 -9999 -9999 -9999 -9999 -9999 -9999 -9999 -9999 -9999 -9999 -9999 -9999 -9999 -9999 -9999 -9999 -9999 -9999 -9999 -9999 -9999 -9999 -9999 -9999 -9999 -9999 -9999 -9999 -9999 -9999
30.5996873087596 30.620625139376 32.2584378428795 33.8862496603682 35.031875311881 35.5135932561497 35.2853124140584 -9999 -9999 -9999 -9999 -9999 -9999 34.4914060825945 34.3278117179657 -9999 -9999 -9999 -9999 -9999 -9999 -9999 -9999 -9999 -9999 -9999 -9999 -9999 -9999 -9999 -9999 -9999 -9999 -9999 -9999 -9999 -9999 -9999 -9999 -9999 -9999 -9999 -9999 -9999 -9999 -9999 -9999 -9999 -9999 -9999 -9999 -9999 -9999 -9999 -9999 -9999 -9999 -9999 -9999 -9999 -9999 -9999 -9999
