2050_A1B_CS/TMEAN.asc
NCOLS 720 
NROWS 360 
XLLCORNER -180 
YLLCORNER -90 
CELLSIZE 0.5 
NODATA_value -9999 
[rows 0 to 27 of 360, columns 252 to 314 of 720]
-9999 -9999 -9999 -9999 -9999 -9999 -9999 -9999 -9999 -9999 -9999 -9999 -9999 -9999 -9999 -9999 -9999 -9999 -9999 -9999 -9999 -9999 -9999 -9999 -9999 -9999 -9999 -9999 -9999 -9999 -9999 -9999 -9999 -9999 -9999 -9999 -9999 -9999 -9999 -9999 -9999 -9999 -9999 -9999 -9999 -9999 -9999 -9999 -9999 -9999 -9999 -9999 -9999 -9999 -9999 -9999 -9999 -9999 -9999 -9999 -9999 -9999 -9999
-9999 -9999 -9999 -9999 -9999 -9999 -9999 -9999 -9999 -9999 -9999 -9999 -9999 -9999 -9999 -9999 -9999 -9999 -9999 -9999 -9999 -9999 -9999 -9999 -9999 -9999 -9999 -9999 -9999 -9999 -9999 -9999 -9999 -9999 -9999 -9999 -9999 -9999 -9999 -9999 -9999 -9999 -9999 -9999 -9999 -9999 -9999 -9999 -9999 -9999 -9999 -9999 -9999 -9999 -9999 -9999 -9999 -9999 -9999 -9999 -9999 -9999 -9999
-9999 -9999 -9999 -9999 -9999 -9999 -9999 -9999 -9999 -9999 -9999 -9999 -9999 -9999 -9999 -9999 -9999 -9999 -9999 -9999 -9999 -9999 -9999 -9999 -9999 -9999 -9999 -9999 -9999 -9999 -9999 -9999 -9999 -9999 -9999 -9999 -9999 -9999 -9999 -9999 -9999 -9999 -9999 -9999 -9999 -9999 -9999 -9999 -9999 -9999 -9999 -9999 -9999 -9999 -9999 -9999 -9999 -9999 -9999 -9999 -9999 -9999 -9999
-9999 -9999 -9999 -9999 -9999 -9999 -9999 -9999 -9999 -9999 -9999 -9999 -9999 -9999 -9999 -9999 -9999 -9999 -9999 -9999 -9999 -9999 -9999 -9999 -9999 -9999 -9999 -9999 -9999 -9999 -9999 -9999 -9999 -9999 -9999 -9999 -9999 -9999 -9999 -9999 -9999 -9999 -9999 -9999 -9999 -9999 -9999 -9999 -9999 -9999 -9999 -9999 -9999 -9999 -9999 -9999 -9999 -9999 -9999 -9999 -9999 -9999 -9999
-9999 -9999 -9999 -9999 -9999 -9999 -9999 -9999 -9999 -9999 -9999 -9999 -9999 -9999 -9999 -9999 -9999 -9999 -9999 -9999 -9999 -9999 -9999 -9999 -9999 -9999 -9999 -9999 -9999 -9999 -9999 -9999 -9999 -9999 -9999 -9999 -9999 -9999 -9999 -9999 -9999 -9999 -9999 -9999 -9999 -9999 -9999 -9999 -9999 -9999 -9999 -9999 -9999 -9999 -9999 -9999 -9999 -9999 -9999 -9999 -9999 -9999 -9999
-9999 -9999 -9999 -9999 -9999 -9999 -9999 -9999 -9999 -9999 -9999 -9999 -9999 -9999 -9999 -9999 -9999 -9999 -9999 -9999 -9999 -9999 -9999 -9999 -9999 -9999 -9999 -9999 -9999 -9999 -9999 -9999 -9999 -9999 -9999 -9999 -9999 -9999 -9999 -9999 -9999 -9999 -9999 -9999 -9999 -9999 -9999 -9999 -9999 -9999 -9999 -9999 -9999 -9999 -9999 -9999 -9999 -9999 -9999 -9999 -9999 -9999 -9999
-9999 -9999 -9999 -9999 -9999 -9999 -9999 -9999 -9999 -9999 -9999 -9999 -9999 -9999 -9999 -9999 -9999 -9999 -9999 -9999 -9999 -9999 -9999 -9999 -9999 -9999 -9999 -9999 -9999 -9999 -9999 -9999 -9999 -9999 -9999 -9999 -9999 -9999 -9999 -9999 -9999 -9999 -9999 -9999 -9999 -9999 -9999 -9999 -9999 -9999 -9999 -9999 -9999 -9999 -9999 -9999 -9999 -9999 -9999 -9999 -9999 -9999 -9999
-9999 -9999 -9999 -9999 -9999 -9999 -9999 -9999 -9999 -9999 -9999 -9999 -9999 -9999 -9999 -9999 -9999 -9999 -9999 -9999 -9999 -9999 -9999 -9999 -9999 -9999 -9999 -9999 -9999 -9999 -9999 -9999 -9999 -9999 -9999 -9999 -9999 -9999 -9999 -9999 -9999 -9999 -9999 -9999 -9999 -9999 -9999 -9999 -9999 -9999 -9999 -9999 -9999 -9999 -9999 -9999 -9999 -9999 -9999 -9999 -9999 -9999 -9999
-9999 -9999 -9999 -9999 -9999 -9999 -9999 -9999 -9999 -9999 -9999 -9999 -9999 -9999 -9999 -9999 -9999 -9999 -9999 -9999 -9999 -9999 -9999 -9999 -9999 -9999 -9999 -9999 -9999 -9999 -9999 -9999 -9999 -9999 -9999 -9999 -9999 -9999 -9999 -9999 -9999 -9999 -9999 -9999 -9999 -9999 -9999 -9999 -9999 -9999 -9999 -9999 -9999 -9999 -9999 -9999 -9999 -9999 -9999 -9999 -9999 -9999 -9999
-9999 -9999 -9999 -9999 -9999 -9999 -9999 -9999 -9999 -9999 -9999 -9999 -9999 -9999 -9999 -9999 -9999 -9999 -9999 -9999 -9999 -9999 -9999 -9999 -9999 -9999 -9999 -9999 -9999 -9999 -9999 -9999 -9999 -9999 -9999 -9999 -9999 -9999 -9999 -9999 -9999 -9999 -9999 -9999 -9999 -9999 -9999 -9999 -9999 -9999 -9999 -9999 -9999 -9999 -9999 -9999 -9999 -9999 -9999 -9999 -9999 -9999 -9999
-9999 -9999 -9999 -9999 -9999 -9999 -9999 -9999 -9999 -9999 -9999 -9999 -9999 -9999 -9999 -9999 -9999 -9999 -9999 -9999 -9999 -9999 -9999 -9999 -9999 -9999 -9999 -9999 -9999 -9999 -9999 -9999 -9999 -9999 -9999 -9999 -9999 -9999 -9999 -9999 -9999 -9999 -9999 -9999 -9999 -9999 -9999 -9999 -9999 -9999 -9999 -9999 -9999 -9999 -9999 -9999 -9999 -9999 -9999 -9999 -9999 -9999 -9999
-9999 -9999 -9999 -9999 -9999 -9999 -9999 -9999 -9999 -9999 -9999 -9999 -9999 -9999 -9999 -9999 -9999 -9999 -9999 -9999 -9999 -9999 -9999 -9999 -9999 -9999 -9999 -9999 -9999 -9999 -9999 -9999 -9999 -9999 -9999 -9999 -9999 -9999 -9999 -9999 -9999 -9999 -9999 -9999 -9999 -9999 -9999 -9999 -9999 -9999 -9999 -9999 -9999 -9999 -9999 -9999 -9999 -9999 -9999 -9999 -9999 -9999 -9999
-9999 -9999 -9999 -9999 -9999 -9999 -9999 -9999 -9999 -9999 -9999 -9999 -9999 -9999 -9999 -9999 -9999 -9999 -9999 -9999 -9999 -9999 -9999 -9999 -9999 -9999 -9999 -9999 -9999 -9999 -9999 -9999 -9999 -9999 -9999 -9999 -9999 -9999 -9999 -9999 -9999 -9999 -9999 -9999 -9999 -9999 -9999 -9999 -9999 -9999 -9999 -9999 -9999 -9999 -9999 -9999 -9999 -9999 -9999 -9999 -9999 -9999 -9999
-9999 -9999 -9999 -9999 -9999 -9999 -9999 -9999 -9999 -9999 -9999 -9999 -9999 -9999 -9999 -12.3756249820193 -12.4779686483089 -13.1412500096485 -13.7463021152265 -12.8464582154605 -12.9590104489665 -12.8687239144832 -12.7193229379191 -12.5886198228982 -12.7993750006911 -13.4264583254699 -14.0673177342396 -14.0627082833089 -13.9567643188586 -13.5214518705881 -12.7474870276436 -12.7760611936506 -12.8261588117908 -12.7858658620396 -12.9289974411933 -13.1258008206821 -13.4466341003104 -13.7069075610547 -13.934296884581 -14.3549349041738 -14.0029687835601 -13.5461914211764 -13.2491406347093 -14.0366406623891 -14.1587500170944 -13.8602539639913 -13.6737304381587 -13.8099218856724 -13.6502604020846 -13.6134244980628 -13.416191389808 -12.6861133076205 -12.898795598759 -13.1831901431581 -12.9706379774868 -13.1630598929131 -13.3325521390264 -12.8407291419571 -12.2974999795357 -9999 -9999 -9999 -9999
-9999 -9999 -9999 -9999 -9999 -9999 -12.2709374913635 -12.2510937663416 -12.2079166251545 -12.1624479576324 -12.6917839427455 -13.2418424719464 -13.0542708542198 -13.0297917652882 -13.0767903463508 -13.174329424857 -12.8409179917378 -12.7110091631905 -12.8823980030171 -12.5895919930986 -12.5126952985682 -12.5567578033016 -12.3828255289481 -12.4221809908597 -12.7044010526074 -12.9481315681154 -12.5579948042201 -12.5060481650547 -12.670397151587 -12.7618814830539 -12.6991471020817 -12.6883659141422 -12.814342445032 -13.1072525903562 -13.5843099134471 -13.8241145872208 -13.6211848899899 -13.5024153681205 -13.2715885161077 -13.3478190486812 -14.1064127343775 -15.0095572577262 -13.9453841975296 -13.2214387685241 -13.2153775769667 -13.4708463443289 -13.9672981640592 -14.4119271138287 -14.8529947919689 -15.3337760323426 -15.0762695434346 -14.5480077989296 -14.3847330588275 -14.3202018257474 -14.3596158859903 -14.2210611477559 -13.7138736772833 -12.9906315214597 -12.2878060192202 -11.9932552134825 -11.7773372558403 -11.7164779087496 -11.6423372515385
-13.3986458105695 -13.6439062560482 -13.7743228754262 -13.5419010583428 -13.5265103873486 -12.6051041965062 -12.213958394438 -12.1690950580177 -12.1267642800832 -12.1234830729145 -12.4376823099151 -12.4852409051432 -12.3295442522463 -12.3492839018393 -12.1833138142357 -12.8075325803131 -12.904121039984 -12.6695833123518 -12.5606402075597 -12.5852365476768 -12.4975000055065 -12.4165820411862 -12.6323762892259 -13.013860679747 -13.2152604205961 -13.5186980023193 -13.6845182189967 -13.7721419517645 -14.3644206191078 -14.8276236953221 -14.7369010607903 -14.5946354018784 -14.6214322810729 -14.6560612429744 -14.6761458452483 -14.5891145669703 -14.7973177134279 -14.8880794161439 -14.8199088292667 -14.7357097034969 -14.858404922202 -14.8208268088586 -14.6794075385991 -14.6212630507753 -14.6670377871991 -14.4167838002652 -14.4066732097896 -13.9720247237624 -14.3647134711377 -13.966412797577 -14.4888672201948 -14.519121109075 -14.293815096585 -13.7525260548476 -12.8543229306265 -12.3083853731585 -12.1533658482377 -11.8267447689786 -11.7699153971207 -12.1415169391259 -11.8253060916423 -11.5529231230517 -11.513470008665
-13.6527343644742 -13.0684050019226 -13.1220247346907 -13.013938829496 -13.3130533463282 -12.9099869900058 -12.8600195236389 -12.537480461384 -12.6675716302953 -13.3404036469218 -14.4023958306022 -14.3947005096418 -14.3895898672002 -14.443515628423 -14.2373502838506 -13.9149479339063 -13.0803255362906 -12.6376301815884 -12.603027349309 -12.7980468698942 -13.2201237009997 -13.8715885109817 -14.6936459090839 -15.5223763296022 -16.2065884924673 -16.6967838316043 -17.1521224323636 -17.6691340593184 -18.0115559724936 -18.0311263325541 -17.8848242074763 -17.5434960392275 -17.1353190278904 -16.6532877848564 -16.1101952675231 -15.6298437197892 -15.7163411326253 -15.6918489357176 -15.6058072856347 -15.639127579763 -15.1092903734976 -14.7483724166509 -14.7149609383478 -14.5090820302091 -13.6042904332803 -12.8121419294899 -13.1253775838047 -13.6560416976419 -13.9720573202844 -14.5334245128419 -15.0191211037634 -15.0837695492638 -14.9122590836053 -14.8827474278708 -14.3087825465315 -13.8749739323255 -14.0945594647436 -13.490086849491 -13.7183919204313 -14.018645836637 -12.5219075296659 -12.4167512363764 -12.1521614271357
-14.4049218666141 -14.5301041734022 -14.6138020627817 -14.7291926450461 -14.9455924753472 -15.0582878236797 -15.1038866868324 -15.160859371196 -15.1080403680268 -15.0056770547088 -14.9892513019293 -14.9105990058751 -14.8298632539011 -14.8157030976774 -14.8319010291724 -14.8457096278993 -14.8635025897412 -14.9008658895253 -14.9408593643172 -15.0130077475987 -15.1176432341481 -15.3005924311001 -15.6379427319069 -16.0832356995374 -16.6418815033228 -17.247037787719 -17.8122981861702 -18.3003645865795 -18.6996029178243 -18.995149740033 -19.0916601442487 -18.9366601637988 -18.5393619657751 -18.0660025792375 -17.5802929890048 -17.1314647955992 -16.7593490130355 -16.416516919873 -16.1061392711332 -15.8102798759953 -15.4783333345095 -14.9416341320198 -14.415976555784 -14.1919530723747 -14.3175911805309 -14.1605989761918 -14.292682265175 -14.5140299666379 -14.7066471412157 -14.8032487028264 -14.7481250188495 -14.636289042573 -14.5188997059234 -14.2949153843468 -14.0408333319144 -14.2509700601194 -14.4048329495618 -14.1590711981654 -14.6967903764479 -14.4336067395867 -13.7818293733459 -13.7760481897049 -13.4649153931325
-16.5078515566177 -16.5225586147681 -16.5167122226542 -16.5333724708319 -16.6086458582475 -16.6768489725637 -16.6850129879962 -16.6086653074798 -16.4644466265433 -16.3442708825223 -16.2047070193444 -16.0734180001733 -15.9946158720464 -15.9926432215301 -16.0895768398812 -16.1936979326236 -16.341497333476 -16.4469270190413 -16.5469336173037 -16.771894512218 -17.0288672094606 -17.2915624653943 -17.6336849413672 -18.0228450270404 -18.4812434605969 -18.9681965706222 -19.3912044287178 -19.5712434250731 -19.568294250647 -19.4973177354135 -19.3597069577748 -19.1452930022198 -18.8075260457815 -18.4169595856281 -18.0538606960582 -17.6531966214318 -17.3002213173611 -16.9068619600088 -16.6192643352619 -16.4204752843452 -16.2110676791077 -15.9618489807679 -15.6722851648111 -15.4834570297345 -15.3988411278264 -15.3552473822364 -15.3741276203629 -15.4843034236467 -15.591699274384 -15.5897071274044 -15.4396028803683 -15.2930403637295 -14.8084049191634 -14.3563346543888 -13.9910286763164 -13.7814778678117 -13.5663736833877 -13.5484049997648 -13.6616927497806 -12.9310872695993 -12.3413476276178 -12.1778320099643 -12.2432031065218
-17.9636132147733 -18.0005858948957 -18.1314192605617 -18.3269661640313 -18.5451107102279 -18.7047200933147 -18.7624934610848 -18.7167317699919 -18.5827864664542 -18.4058333347178 -18.1825780720343 -17.9972656529001 -17.866217441572 -17.7791666693388 -17.7253580120821 -17.7629751835216 -17.8685871865891 -17.994759204561 -18.1572070873486 -18.4363671855193 -18.7857422002108 -19.1506250256802 -19.496712254712 -19.8096419534416 -19.9809310435519 -20.0160677078747 -19.9195247572346 -19.7153645451901 -19.4931770391611 -19.3036067993707 -19.0407031244032 -18.7941211548163 -18.5512760792975 -18.295885420888 -17.9938997658035 -17.7237239614099 -17.360768192667 -17.0160416541325 -16.7555923727168 -16.5028971354535 -16.1619856446538 -15.8541731680268 -15.4568554027139 -15.1830078357221 -15.0139192305994 -14.9306575087311 -14.9081119439296 -14.9894010205048 -15.095234374183 -15.1282812597464 -15.0275911299014 -14.8693098585364 -14.6634635495937 -14.3854166749614 -14.0345637637693 -13.5872981603455 -13.0892838551653 -12.5387564723421 -12.1162434673207 -11.7347395206064 -11.8275780851856 -11.9584374866374 -12.3230273256298
-18.0693489113577 -18.1208333845156 -18.205006556966 -18.4144206510527 -18.6117252456591 -18.72195963941 -18.7659309324916 -18.7820834387844 -18.7688541762894 -18.7306314621703 -18.7014193257678 -18.6664778146438 -18.6080729362776 -18.6221549542857 -18.7338931709933 -18.8844205408129 -19.0541146292047 -19.2171223787308 -19.3377343685164 -19.4880273033597 -19.648131557087 -19.8321939937881 -20.0370377004342 -20.1988150827187 -20.2826106779038 -20.3166340475309 -20.2937239710302 -20.2315168889907 -20.1619270758109 -20.0965950922689 -20.0476562451667 -20.0020117524138 -19.9715429480957 -19.9673241902835 -19.8629557101338 -19.6600455437421 -19.4926236815403 -19.3004361372487 -19.0332682995895 -18.7739908807962 -18.3763672062491 -17.845917984356 -17.097512999024 -16.549759167943 -16.1557747253256 -15.7436848909543 -15.3253711091243 -15.1274023269248 -15.0384700297681 -14.928977876806 -14.8131380502279 -14.6802474192616 -14.6129101396862 -14.566835956698 -14.4918163960254 -14.3634765030577 -14.1777538889731 -13.8612891069834 -13.4822460825673 -13.2309570272807 -13.1620312655014 -13.2617187486255 -13.1901953451959
-18.1067708468072 -18.176770881913 -18.2474870404426 -18.332916674441 -18.4580924370834 -18.5784635272268 -18.7018489424421 -18.8239974201355 -18.9176237179218 -18.9691666932573 -19.051887989678 -19.1682942366682 -19.2854752421001 -19.3949479707088 -19.5199869572147 -19.6640103995823 -19.8066535991343 -19.9181576294968 -20.0267578229268 -20.1455274223958 -20.2750846211232 -20.388190098364 -20.4727017991249 -20.5119597367573 -20.5469465988199 -20.6013606780935 -20.6121418599777 -20.6037239158637 -20.5774935213149 -20.5537630733859 -20.502597687787 -20.4495703186348 -20.3919141008183 -20.3174999292197 -20.2316861641003 -20.1449088415513 -20.0347331054241 -19.9034830962924 -19.7793034875573 -19.6423698742045 -19.4923827804494 -19.2863671865593 -18.9910676308671 -18.7146028759047 -18.4544661135126 -18.2010480816374 -17.9433008324136 -17.8512695388177 -17.90362632195 -17.7483724481698 -17.4218685296641 -17.0376693202188 -16.6436718296221 -16.3559570207573 -16.0440039008016 -15.7006835621478 -15.4775781313419 -15.3204296379588 -15.2179101662742 -15.0936523778606 -14.861835895119 -14.5510155891194 -14.0135156400853
-18.8833203159208 -19.0280859786067 -19.1725195798514 -19.2287304863371 -19.2600911100857 -19.2703255714069 -19.2892708767245 -19.333548247033 -19.3978905944752 -19.4715625153303 -19.5597656958442 -19.6669530529731 -19.7864648262913 -19.9027147793952 -19.9961003488463 -20.073776087387 -20.1593619966987 -20.2653970863708 -20.3991731672342 -20.5458724694571 -20.6718945390211 -20.7558202643449 -20.8194010911129 -20.8464127291589 -20.8553450622004 -20.8378255166601 -20.804648379659 -20.7545117054344 -20.7186914473017 -20.6708398633724 -20.6298242226273 -20.5997266090538 -20.548118462534 -20.4664778275 -20.3294661038775 -20.1542122389187 -19.9771614934542 -19.8518880411169 -19.7359310454329 -19.6161849360535 -19.467753897726 -19.3132617489933 -19.1830404314183 -19.0230013219231 -18.7647591139687 -18.5117513241714 -18.4208658915108 -18.569830778654 -18.748971290854 -18.8127604176712 -18.6447200806001 -18.3182747053163 -17.9704231963472 -17.6379036595141 -17.2680404333061 -16.9236653718506 -16.6466536046732 -16.4631380210871 -16.3161718954653 -16.1797851527913 -15.8118619956979 -15.2178971417251 -13.9931640469
-19.3544140217586 -19.4000976559598 -19.4469140760718 -19.4538475858777 -19.438274750566 -19.4053254377119 -19.3910872791091 -19.4077669169873 -19.4368163313258 -19.4929687349695 -19.5910547255359 -19.6993554801208 -19.829824249059 -19.9838671999679 -20.1342447968862 -20.2459635646493 -20.3267448891586 -20.392408868916 -20.4395637583608 -20.4642122125124 -20.4857420896417 -20.4981835995678 -20.5299283617528 -20.5546549421171 -20.5759895898389 -20.5771613698734 -20.5708984575576 -20.539570315848 -20.4944336586893 -20.4424218645312 -20.3827930043212 -20.3437305967752 -20.3258138235924 -20.2681966165871 -20.1223567551234 -19.9341535913621 -19.7370247345116 -19.6190754987378 -19.482825509878 -19.3115168553284 -19.112656257779 -18.9252343820446 -18.7676888204607 -18.5183528719938 -18.2334505255968 -18.0233918737435 -17.857369801882 -17.9186783787604 -18.1391666014042 -18.291842428135 -18.1625130090793 -17.9036849139802 -17.6072395664505 -17.2720247713153 -16.8048763098159 -16.4576301567785 -16.1069075295984 -15.6099153675962 -15.0833984547264 -15.1387890380175 -15.0896549759767 -13.9529361785095 -12.2392969176254
-19.1305924933442 -19.1002408994881 -19.0700064529124 -19.0477799175401 -19.0189062771644 -19.0030273349919 -19.0143489729649 -19.0871810878797 -19.2217773109179 -19.3680273215528 -19.5421419359263 -19.7235481656901 -19.9220378507753 -20.0897917041672 -20.1985937728289 -20.2389648216196 -20.2540495153656 -20.2569400963955 -20.2371614374043 -20.2078059762721 -20.1881836077337 -20.1739648633677 -20.188138047392 -20.2223958704281 -20.2632161670075 -20.2938801842964 -20.3239713378138 -20.3234049801151 -20.2993879706238 -20.2605207901421 -20.2064648178893 -20.1549414013598 -20.1204296997875 -20.0456054433902 -19.9170377625675 -19.7705339092041 -19.6022070726323 -19.4547265135509 -19.3447200592972 -19.2337630195168 -19.0273958040055 -18.7639973954544 -18.5633203196018 -18.3912109038588 -18.2054882390193 -18.0248827443257 -17.9470898227629 -18.1404101800664 -18.4058919249778 -18.5214974011211 -18.3716210614449 -18.061562558194 -17.5897330407612 -17.1370182130706 -16.6586458513349 -16.1934115197371 -15.6119140279223 -15.1099023099949 -14.2456315385205 -13.0767643728921 -11.8032682364662 -10.5918424308186 -9.43378254566532
-18.0225260740286 -18.1012174476674 -18.153541607692 -18.1551041101989 -18.1544922311706 -18.2096875025426 -18.3159114327672 -18.5401497655661 -18.7974414031419 -19.0276563064402 -19.2382551661814 -19.4222395808778 -19.60471358425 -19.7510807786473 -19.8510937037615 -19.8819726507837 -19.8974284082113 -19.9127994738262 -19.9024348774736 -19.8896028297558 -19.8712694767223 -19.8650194978057 -19.8751497815422 -19.8884896695934 -19.9124153342614 -19.9386848542259 -19.9951628038192 -20.0336783839051 -20.0441536287655 -20.022688784499 -19.9888475998682 -19.931523454422 -19.8687695150182 -19.7951758020616 -19.677467509078 -19.5449089352903 -19.3965625696027 -19.2579882115154 -19.1213802151721 -18.9936653754792 -18.8907552733501 -18.7315950445262 -18.5366797096256 -18.3752929342675 -18.2313085437132 -18.1089453306789 -18.0667382465268 -18.3385742300047 -18.7417513412937 -18.9645247087293 -18.8644140528953 -18.6855468766097 -18.4735611617607 -18.2388150467733 -17.9143684981813 -17.5661459119687 -17.1331836068044 -16.3139453137503 -14.822428332637 -13.0022330574686 -11.384830724592 -9.92455729201354 -8.76788412824311
-16.0486132668515 -16.2268359032791 -16.4550195297472 -16.6078906378277 -16.7339193146766 -16.8193098844982 -16.9775780786944 -17.327187530743 -17.7246158619026 -18.0491275874631 -18.3189647856132 -18.6109765332189 -18.8567186851788 -19.0788477022718 -19.2574999905265 -19.3671875299508 -19.4415821084449 -19.5291016403473 -19.6091405916272 -19.6642773651221 -19.6960416069444 -19.7209635869042 -19.7273111905215 -19.7284245137135 -19.7061784264013 -19.6669595731272 -19.6615560853668 -19.6804232381267 -19.7015365427983 -19.723411460623 -19.7531445027897 -19.7845898106841 -19.7849413982574 -19.7323437196302 -19.6434830978468 -19.5381900930511 -19.4118489039514 -19.2488216623428 -19.0885416793859 -18.9385221429232 -18.8045898474435 -18.6775390709446 -18.5214843749115 -18.3926366461363 -18.2723893674997 -18.1447330708752 -18.0654362176373 -18.3198698247175 -18.7353645907821 -19.0854036357191 -19.1606966497948 -19.1032356607842 -18.9552929961489 -18.8506250461415 -18.8144987068603 -18.7034829904029 -17.8895898009336 -16.2588671369836 -14.1492252210079 -12.4703580368188 -10.7231249870202 -8.97648435570309 -7.73751302025942
-14.3956249773868 -14.7164062598445 -15.0338671935853 -15.2803711031973 -15.5387044439726 -15.6810481642955 -15.8253906040036 -16.1369726141783 -16.4019400769838 -16.7173697870707 -17.1317383214024 -17.6189257377515 -18.056953104113 -18.3748242448712 -18.6823437653163 -18.9234571174845 -19.1762695471375 -19.4816992533866 -19.6786914684756 -19.7930078920583 -19.8998697305879 -19.9952799500885 -20.0716080824152 -20.0899479088748 -20.0313931934077 -19.9395573037419 -19.8368684277732 -19.7446420248618 -19.6848567684849 -19.6695833893823 -19.691035188203 -19.743574162587 -19.7971679630543 -19.8299413385877 -19.8099479855407 -19.7416275974923 -19.6572590812325 -19.5522396267186 -19.4334439856899 -19.3107877161236 -19.1971093156577 -19.0987108904313 -19.0272851480947 -19.0118163911908 -18.9910221107897 -18.9199675202728 -18.8392837862799 -19.0318423617077 -19.3856185123308 -19.6647004654882 -19.6104426880458 -19.4527864116425 -19.2659960329791 -19.2676171859303 -19.4140885631685 -19.4744010427651 -18.7888476258011 -17.183789034005 -15.0432486909396 -12.2193424703667 -10.9419531179567 -9.35386722124744 -7.97893883952611
