2050_A1B_CS/TMEAN.asc
NCOLS 720 
NROWS 360 
XLLCORNER -180 
YLLCORNER -90 
CELLSIZE 0.5 
NODATA_value -9999 
[rows 224 to 251 of 360, columns 567 to 629 of 720]
-9999 -9999 -9999 -9999 -9999 -9999 -9999 -9999 -9999 -9999 -9999 -9999 -9999 -9999 -9999 -9999 -9999 -9999 -9999 -9999 25.7679491450701 26.5270508181561 27.4232226495087 28.0265495953302 28.6891862183186 28.8874154423185 28.1784895635901 27.9475325437385 27.986477843002 28.3943228467856 28.628287820214 28.5495117637596 28.0614062501238 27.755709623207 28.0979557854328 28.3986393149284 28.4636393517314 28.7848437583294 29.1504101441066 29.0372265288051 28.9132030651689 28.7217708336721 28.6173762767696 28.5482357308521 28.4071615093372 28.3401562495494 28.2300000003282 28.0044790968827 27.9989713854827 27.9004231830033 27.7650130994917 27.4979295887785 26.9453710790601 26.2900780493869 25.7265428683956 25.4731965938685 25.2643294387561 25.0832096258019 24.8646941182463 25.0981315879664 25.3054557807313 25.2242122734467 25.298548238737
-9999 -9999 -9999 -9999 -9999 -9999 -9999 -9999 -9999 -9999 -9999 -9999 -9999 -9999 -9999 -9999 -9999 -9999 -9999 -9999 26.1121288378143 26.7147591196316 27.6845833707798 28.2786588680895 28.7621159045045 29.1394856608149 28.7272199945885 28.3976497458085 27.6011067574966 27.3535221390954 27.2119596188967 27.8284570709188 28.1115625664244 27.9081120352782 27.6825847566986 27.8850651356652 28.0425260578145 28.2897460034748 28.4812304533296 28.6475586472953 28.4979298107356 28.3567512462528 28.309602858226 28.2464778885083 28.1057551647638 27.9460938326455 27.9257618238613 27.6963346391586 27.5878190378044 27.5062630503925 27.4274544167408 27.1617187942 26.7043750248661 26.1733593211439 25.6959570997051 25.4004036957897 25.1900131439418 25.0280143463827 24.7525455133444 24.4277409115981 24.3118034389806 24.2860481911966 24.4677864968912
-9999 -9999 -9999 -9999 -9999 -9999 -9999 -9999 -9999 -9999 -9999 -9999 -9999 -9999 -9999 -9999 -9999 -9999 -9999 -9999 26.0397916158457 26.604433508629 27.4317187262914 27.9638802160919 27.9793685313313 28.3545182030203 28.9458854717894 29.0147786650269 28.447083313053 27.9344921702066 26.8684178654222 26.8458268617344 27.3127017558396 27.4826366884914 27.2720898911728 27.2572656532221 27.6330469135535 28.0152603963062 28.1381900305891 28.1290104293729 27.9933268499899 27.8499217856226 27.7908007562152 27.8187890740183 27.7226172067176 27.6866926478791 27.74991536754 27.5235937830515 27.1950195856952 26.8785547176192 26.8364648882679 26.5794661210137 26.0549934711146 25.5804297241263 25.1621678953201 24.7224218963264 24.3929883410108 24.2865559437962 24.0870638059751 23.8263086637597 23.3035937782298 23.0860090980571 23.4042121977142
-9999 -9999 -9999 -9999 -9999 -9999 -9999 -9999 -9999 -9999 -9999 -9999 -9999 -9999 -9999 -9999 -9999 -9999 -9999 -9999 25.5703451735426 26.3379883472195 26.8033398338607 27.2493489508218 27.4866731511571 27.614205720562 27.7562760409783 28.1385090836853 28.4231184025639 27.7998242504483 27.1816992417843 26.8405923427725 26.7292057890696 26.7019336520079 26.7582812975596 26.924316392764 27.1229688338398 27.4369009769861 27.6899674478589 27.6568815724565 27.4737955814783 27.3761328072247 27.3719140145466 27.3540234413843 27.3050195889722 27.3780793699353 27.0723957834989 26.9544922747049 26.8522656556404 26.5549219054469 26.3967577603447 26.0102473925438 25.5540364809155 25.0107031300036 24.4734375099812 23.9430468362472 23.3940039417096 23.2043490100973 23.2824739732558 23.0508789042101 23.2506249614413 23.5282552118556 24.0041927795895
-9999 -9999 -9999 -9999 -9999 -9999 -9999 -9999 -9999 -9999 -9999 -9999 -9999 -9999 -9999 -9999 -9999 -9999 -9999 24.5179599700504 24.9983441384434 25.7250521349261 26.1455599253214 26.6163997878385 27.1057943387896 27.2370964222948 27.2942837953783 27.0791666691356 27.1770377238148 27.2277214140233 26.8800065425689 26.3559506048741 26.1119076604107 26.1069532213461 26.2407617214804 26.4190429498296 26.4985741304568 26.7087304564986 26.9538671970948 27.0321940915187 26.9902994545569 26.9202995305437 26.9361393959735 26.8482616896248 26.7932812476606 26.9064452615737 26.5447265322758 26.5542773017257 26.4036523132227 26.1185481361872 26.0295052203731 25.6886197426178 25.4502212893857 24.9650390998162 24.2844140854241 23.7775520881671 23.3950716365449 23.2621678632782 23.4413476330223 23.4514713717298 23.5537173901198 23.8843619535619 24.4063737124472
-9999 -9999 -9999 -9999 -9999 -9999 -9999 -9999 -9999 -9999 -9999 -9999 -9999 -9999 -9999 -9999 -9999 -9999 -9999 24.1809288570442 24.3271332179322 25.160247292203 25.8295441842762 26.2938021664208 26.8094466535621 26.8524089093123 26.6995963763151 26.5826041883159 26.3359440413104 26.2496354144854 25.8252800057896 25.3901106327035 25.5053645139598 25.7131836321791 25.8050391647374 26.0035741957413 26.1184375262262 26.1572070487116 26.4134179374504 26.4527213661761 26.4056119447559 26.4201627628298 26.3655728432019 26.2752343284331 26.2794335789725 26.3334180112008 26.0778710334407 26.2346874596041 25.9642968792967 25.5650911390185 25.1481575451415 24.8020573408301 24.6868228687802 24.6429492039333 24.4550390900183 24.1345637226109 23.6797786940436 23.491484401947 23.6216797223423 23.9412566031912 23.9486392977173 24.1170377201949 24.4331510340703
-9999 -9999 -9999 -9999 -9999 -9999 -9999 -9999 -9999 -9999 -9999 -9999 -9999 -9999 -9999 -9999 -9999 -9999 -9999 -9999 24.071926971164 24.8443229740052 25.5212759379228 26.0595768312615 26.3670181738498 26.3083138187115 26.2796420269569 26.2267708835524 26.0568294022936 25.8286068427711 25.404817724185 25.1976041897409 25.0968814993141 25.1882487100654 25.1953189628159 25.4144270159858 25.5054231463184 25.6789583508811 25.885188780775 25.9870768302206 25.8793228996587 25.8500520187854 25.8535481720054 25.7663997474559 25.8933137839178 25.742819043777 25.6031119730053 25.4577149198572 25.2527539028934 24.9085677267635 24.2923176726688 23.7307616511678 23.5441405853727 23.7092773941668 23.7323241968262 23.6460352220446 23.4522851416686 23.4422200601037 23.5485286338722 23.7548176558691 23.9376693019873 24.1625520583854 24.3320636838038
-9999 -9999 -9999 -9999 -9999 -9999 -9999 -9999 -9999 -9999 -9999 -9999 -9999 -9999 -9999 -9999 -9999 -9999 22.8545311292097 23.0129426270864 23.79888020512 24.7246159036258 25.0392839074694 25.3191276445769 25.5749479358123 25.6589779050538 25.7216536193739 25.7274348190198 25.6555793968048 25.3207747649059 24.9643098779263 24.7036588108957 24.7435026123864 24.9147721164287 24.9871158698936 24.9949154034407 25.2065560210893 25.3617317022755 25.406360601193 25.4436588400839 25.3599869497937 25.2756966056338 25.3960286854411 25.3358138396238 25.2786263832874 25.0351823064978 24.858854161587 24.7039648782598 24.6093359733213 24.3444661508954 23.8830208070749 23.4131444844674 22.9594530699628 22.811367135173 22.7595898312157 22.7810742536966 22.7856054396329 22.914270796647 23.0821614477854 23.2623762729923 23.4993099000466 23.9503841363289 24.4013802033652
-9999 -9999 -9999 -9999 -9999 -9999 -9999 -9999 -9999 -9999 -9999 -9999 -9999 -9999 -9999 -9999 -9999 -9999 -9999 23.0917925388428 23.6246831047639 24.3373177145385 24.4480403623422 24.6657161575767 24.9050520557823 25.0755468399737 25.2981250173457 25.2374153230564 25.1192122436954 25.0784310904131 24.7472005405299 24.3256705823019 24.3359244324533 24.3887044161057 24.5016536238078 24.6207617463003 24.7619336282513 24.9703059681013 24.9542708052122 24.8884636118264 24.8480924442717 24.9060806790414 24.8696940106652 24.7345052016102 24.5272005170021 24.5390494590689 24.3580338530187 24.3788541994344 24.2563932662054 23.8525065288942 23.4924284124525 22.9866862240697 22.4811198372224 22.267063648512 22.2932356536146 21.9366600978949 21.8386718672981 22.0601887809806 22.6669466503572 23.1760026585724 23.4612760212858 23.8553256038749 24.1839778965211
-9999 -9999 -9999 -9999 -9999 -9999 -9999 -9999 -9999 -9999 -9999 -9999 -9999 -9999 -9999 -9999 -9999 -9999 -9999 -9999 23.15123264352 23.4877865389781 23.7480989229035 23.9648176704195 24.2947981070878 24.6663086783476 24.717148437895 24.4686457458836 24.3924543773351 24.6216731770508 24.3060286108662 23.9194986848011 23.8818815195028 24.1207942674477 24.1176692451959 24.1469921988976 24.0967969168637 24.1907356940311 24.3109310500511 24.3449869809385 24.2549869086065 24.3754166581309 24.1880924489339 24.1191536624309 24.0649544389362 24.0745377348831 23.7500259863912 23.8868033892792 23.9298111649769 23.4936197794271 23.47520182771 22.9875064079797 22.5878776390074 22.4264779312616 22.5115950053635 22.3062500356394 22.278046819099 22.3673762964566 22.5683137960498 23.0427213925152 23.5542838812867 23.8662044992321 24.1123567753845
-9999 -9999 -9999 -9999 -9999 -9999 -9999 -9999 -9999 -9999 -9999 -9999 -9999 -9999 -9999 -9999 -9999 -9999 -9999 -9999 22.6495830217997 22.663860683512 22.9385481712744 23.3443750662611 23.7879297172014 24.1757356989303 24.1324934062297 24.1022786530988 24.2180208773412 24.1446093665298 23.9621874570819 23.6157812700852 23.4509374564665 23.4525715773808 23.6156574740244 23.6931054691118 23.4774218429508 23.5474283979767 23.6946743853832 23.7465299463141 23.598190166099 23.7667643710399 23.6295182468155 23.5877539259752 23.5531835643383 23.4152213737373 23.2198306940038 23.2422525678041 23.2984049919014 22.9101367499803 23.1234570024798 22.76149083217 22.4024479424251 22.4148112114248 22.3470768283534 22.4055599561136 22.3803450047023 22.4985156315569 22.6855468410012 22.9860872219201 23.236380227199 23.523443994429 23.9311783438388
-9999 -9999 -9999 -9999 -9999 -9999 -9999 -9999 -9999 -9999 -9999 -9999 -9999 -9999 -9999 -9999 -9999 -9999 -9999 -9999 -9999 22.0466145772644 22.1470442035996 22.720058610636 23.1778515838103 23.4038998019929 23.400618481704 23.5839192774501 23.8718685291385 23.9268749921855 23.4466210939346 23.1369922208084 23.0614453088476 23.1418293583109 23.1918293917148 23.3780859593202 23.2767773666885 23.0359636008199 22.9926627917034 23.2320377323847 23.2948697738518 23.285494837447 23.0587173750825 23.0475390464117 23.0294336793352 22.8820377309486 22.641119821924 22.6475066266493 22.6799283652756 22.4242383103536 22.6046288816373 22.382779964775 22.2357877283597 22.3073893224357 22.2468620126735 22.2590949975299 22.2723763362416 22.510839809469 22.7236523197705 23.0277669088042 23.2348762679463 23.2947134972182 23.6592642228057
-9999 -9999 -9999 -9999 -9999 -9999 -9999 -9999 -9999 -9999 -9999 -9999 -9999 -9999 -9999 -9999 -9999 -9999 -9999 -9999 -9999 21.6315843025995 21.4000412405241 22.1271093906373 22.666660176819 22.8015755494381 22.9536067705579 23.2319010268508 23.5834440410745 23.3286198100273 23.0831315238627 22.9324869820965 22.9167058022821 22.924238311906 22.7924609401265 22.729837308989 22.8556380176242 22.8781901151003 22.6234244405882 22.5744662373851 22.5938996977591 22.6752473969141 22.6621419523936 22.5871223740164 22.5783137741313 22.2621028740333 22.2010286852817 22.1414127779225 22.151979138235 22.028385382613 22.0082876994596 22.0075911478702 21.8425325175017 21.9906835935329 21.9063476608726 22.1281965656706 22.2589778490526 22.4070768582435 22.6319010672413 22.9322200897028 23.1243880311876 23.0832161020703 23.5865364878427
-9999 -9999 -9999 -9999 -9999 -9999 -9999 -9999 -9999 -9999 -9999 -9999 -9999 -9999 -9999 -9999 -9999 -9999 -9999 -9999 -9999 21.4315971674511 21.2952169562962 21.6758203386958 22.0780273323054 22.3456575984748 22.5191340870759 22.8872330875207 22.9200259446678 22.674420561874 22.5515103956624 22.6335806795456 22.5814714258248 22.5298241810094 22.6375194905656 22.5058333305763 22.3516732455694 22.4990885760505 22.1728970977973 22.1068294432549 22.0728841779399 22.0966927887803 22.084934950149 22.203587219628 22.2131770817764 22.0139974250692 21.8522005907539 21.8011002455113 21.7373697347531 21.7404361932216 21.5903190400997 21.580130180452 21.51468098609 21.6717578717458 21.77275399895 21.8603255117426 22.1402278823675 22.2747526593672 22.4550456185333 22.7529036118571 22.8968489696934 22.9019466546293 23.25450523503
-9999 -9999 -9999 -9999 -9999 -9999 -9999 -9999 -9999 -9999 -9999 -9999 -9999 -9999 -9999 -9999 -9999 -9999 -9999 -9999 -9999 -9999 21.7310419082642 21.7411197714682 21.7421939899929 22.0019532047164 22.0502929838526 22.3067708617252 22.3543880296731 22.3457747356168 22.1164387898835 22.2184895869866 22.1735286474966 21.9746875467474 21.9933788609528 21.9535547295317 22.0756444855291 21.9537891437377 21.7058789609534 21.6152929732464 21.4288867344726 21.396933571996 21.6053905818457 21.7811067947343 21.902083267327 21.8070899622511 21.6535938030781 21.5437955896754 21.3918033868322 21.2614583823873 21.2672200997523 21.1754036367965 21.2371028539846 21.3877408937052 21.5380924470148 21.5911653726329 21.8334114463574 21.9590820520577 22.1428319271039 22.3751562505909 22.5499609398801 22.7546354492168 22.7674089331232
-9999 -9999 -9999 -9999 -9999 -9999 -9999 -9999 -9999 -9999 -9999 -9999 -9999 -9999 -9999 -9999 -9999 -9999 -9999 -9999 -9999 -9999 21.6920832792918 21.6542838398343 21.3271744659237 21.3577733892194 21.5783203557127 21.6230794597076 21.8129036645881 21.7595247334789 21.4413020569213 21.4065950557103 21.5392317442385 21.5133984177584 21.5725781690741 21.5758984384576 21.5269531744979 21.5411914402042 21.2379102204787 20.9813476416354 20.9496289084358 21.0342969009895 21.1770117722059 21.3860482665081 21.2289386922222 21.0724610010196 20.8925390675449 20.7483463309402 20.7103775854082 20.7034310126305 20.7362044133249 20.7338802201545 20.8101691344363 20.9565885451616 21.0234440661518 21.1896028927192 21.4950130243761 21.5222852026542 21.6823047140569 21.7941797039254 21.9705663686176 22.1861588777528 22.3325261490538
-9999 -9999 -9999 -9999 -9999 -9999 -9999 -9999 -9999 -9999 -9999 -9999 -9999 -9999 -9999 -9999 -9999 -9999 -9999 -9999 -9999 -9999 -9999 20.4792448256309 20.4851237091745 20.6432096267465 20.8563932616456 21.0399609490922 20.9896093758569 20.7636849351363 20.8205794878738 20.9416731556664 20.8029036324864 20.801367249006 20.8229491949122 20.9798893709532 20.8748307342846 20.8324283971585 20.7844987275122 20.6393880279228 20.6732943080377 20.7478450418895 20.8668098836352 20.6948112071783 20.4676236266535 20.2796874717858 20.1473828247908 20.088450454004 20.0751497166218 20.088014338609 20.099615846289 20.1308268279368 20.1788346384633 20.3167643686613 20.5706900552991 20.8909114829754 20.9227474652949 20.9933007334005 21.0012110055761 21.1279230738626 21.2644075084187 21.5293098850098 21.7287825684746
-9999 -9999 -9999 -9999 -9999 -9999 -9999 -9999 -9999 -9999 -9999 -9999 -9999 -9999 -9999 -9999 -9999 -9999 -9999 -9999 -9999 -9999 -9999 20.0611588329422 20.0062174087416 20.0826237088007 20.3415690201624 20.3744139839995 20.4407226666782 20.3771419504507 20.3889779597788 20.5070637880236 20.4299934818093 20.2383007829327 20.1779687167187 20.4558268202612 20.3911979221823 20.2740690302528 20.2003580819814 20.0983137754576 20.211790347837 20.3722981273177 20.284485723344 20.0744401736203 19.9050259811854 19.7405078049329 19.5960742367094 19.5185091186599 19.5228450538753 19.5625064777464 19.5427604247477 19.5415494477588 19.5579166746104 19.6367643399641 19.9312369663739 20.3144857016437 20.5497591493932 20.3799218536596 20.2999414477524 20.4144466114843 20.6929036552211 21.0063022035242 21.1556185564134
-9999 -9999 -9999 -9999 -9999 -9999 -9999 -9999 -9999 -9999 -9999 -9999 -9999 -9999 -9999 -9999 -9999 -9999 -9999 -9999 -9999 -9999 -9999 20.1264062908497 20.0557031288184 19.662057287935 20.011608128447 20.0257942865119 20.0255598718892 20.0587956662214 19.8458853765172 19.7124673707314 19.7612760731023 19.7152278199056 19.6144465859767 19.720651007538 19.9227017762342 19.9008138253048 19.8465170095997 19.7696744679493 19.9220963651167 19.9584830907149 19.7474674797488 19.5235416890122 19.337877653717 19.1540364451152 19.0241145607836 18.9625845928151 18.9769986340811 18.9943619653545 19.0127799551576 19.0382421876564 19.098828142792 19.2005859563317 19.4192187652803 19.6909700601247 19.8027864434845 19.8860026224776 19.7054166448037 19.7064778597296 19.8215559783627 20.0428906285964 20.2435741597771
-9999 -9999 -9999 -9999 -9999 -9999 -9999 -9999 -9999 -9999 -9999 -9999 -9999 -9999 -9999 -9999 -9999 -9999 -9999 -9999 -9999 -9999 -9999 -9999 20.2164257701969 19.1772135619276 19.3604752639621 19.46472007568 19.4580989438167 19.4767057120518 19.2097721171359 19.0719986606745 19.0844205992201 19.0484310527195 19.1334505495729 19.2625064587367 19.4114713799075 19.2718489886023 19.0962630054114 19.2279557512672 19.5422135572865 19.4688346619464 19.2380143600682 19.0106119859124 18.7743228982256 18.5895637799281 18.5116145847321 18.588541754704 18.6720963717604 18.7399739651375 18.8623958834411 18.8466406278312 18.921171862632 19.032890578111 19.2124999587735 19.4839583498736 19.2227082509075 19.1560611724725 19.1569987439854 18.967434946952 18.9800325061315 19.2491992344849 19.4957030822334
-9999 -9999 -9999 -9999 -9999 -9999 -9999 -9999 -9999 -9999 -9999 -9999 -9999 -9999 -9999 -9999 -9999 -9999 -9999 -9999 -9999 -9999 -9999 -9999 20.0247981501984 18.2125390678363 18.4510937896547 18.8112890752678 18.5233789070045 18.9217838429982 18.9119791181449 18.7056119896666 18.5431901803325 18.6085611754193 18.7682095941127 18.6528905717095 18.8086132549196 18.6532161366743 18.5541731731349 18.9042578407975 19.0861523275314 18.9850976722205 18.7482030888903 18.5161870780881 18.3606987386735 18.2781770601869 18.4073177278042 18.4643663383193 18.5800694889492 18.6625000039736 -9999 -9999 -9999 -9999 -9999 -9999 -9999 -9999 18.7987499435743 18.7247916211684 18.678209616209 18.8546549306741 18.966562454049
-9999 -9999 -9999 -9999 -9999 -9999 -9999 -9999 -9999 -9999 -9999 -9999 -9999 -9999 -9999 -9999 -9999 -9999 -9999 -9999 -9999 -9999 -9999 -9999 19.1022135326398 17.165800781991 17.4757812543082 17.9025781503021 17.9463671483694 18.272272107057 18.4279947455248 18.2936784682904 18.145553357899 18.2916666750745 18.3818229246202 18.4165820107443 18.4519531096871 18.2404817845447 18.3012239551441 18.5553320620663 18.6349218808682 18.5390234294997 18.4141601269882 18.3460568168761 18.282326431738 -9999 -9999 -9999 -9999 -9999 -9999 -9999 -9999 -9999 -9999 -9999 -9999 -9999 -9999 -9999 -9999 18.5450455559167 18.4395312159088
-9999 -9999 -9999 -9999 -9999 -9999 -9999 -9999 -9999 -9999 -9999 -9999 -9999 -9999 -9999 -9999 -9999 -9999 -9999 -9999 -9999 -9999 -9999 18.0888193779521 17.855967866673 16.6398437813276 16.9900195168262 17.4763020695919 17.6492512822188 17.771979130634 17.905787743507 17.8598111791306 17.7979752296314 17.7996028405946 18.0344856779334 18.1827343345601 18.1866014913872 18.1310416848632 18.0295573311855 18.1761914034655 18.2186133104663 18.6524999936422 -9999 -9999 -9999 -9999 -9999 -9999 -9999 -9999 -9999 -9999 -9999 -9999 -9999 -9999 -9999 -9999 -9999 -9999 -9999 18.1907812903325 18.0551367514767
-9999 -9999 -9999 -9999 -9999 -9999 -9999 -9999 -9999 -9999 -9999 -9999 -9999 -9999 -9999 -9999 -9999 -9999 -9999 -9999 -9999 -9999 -9999 17.7336306030128 17.0355446683704 16.4547070412042 16.7451172424054 16.9558528663902 17.1483138028301 17.2475260652003 17.3001822650614 17.3997526268182 17.8492642575964 18.2334114602448 18.2616145910922 18.3433984614578 18.3014647964543 18.1592448042341 18.0768619836811 18.0146679512005 18.1909766044927 -9999 -9999 -9999 -9999 -9999 -9999 -9999 -9999 -9999 -9999 -9999 -9999 -9999 -9999 -9999 -9999 -9999 -9999 -9999 -9999 -9999 -9999
-9999 -9999 -9999 -9999 -9999 -9999 -9999 -9999 -9999 -9999 -9999 -9999 -9999 -9999 -9999 -9999 -9999 -9999 -9999 -9999 -9999 -9999 -9999 17.7619466198458 16.7477864382832 16.3068880453448 16.517298225049 16.7190494812041 16.8696158934614 16.9044986959121 17.0574999902911 17.5813671395175 17.8276041746784 -9999 -9999 -9999 -9999 -9999 -9999 -9999 -9999 -9999 -9999 -9999 -9999 -9999 -9999 -9999 -9999 -9999 -9999 -9999 -9999 -9999 -9999 -9999 -9999 -9999 -9999 -9999 -9999 -9999 -9999
-9999 -9999 -9999 -9999 -9999 -9999 -9999 -9999 -9999 -9999 -9999 -9999 -9999 -9999 -9999 -9999 -9999 -9999 -9999 -9999 -9999 -9999 -9999 -9999 16.7797395041287 16.6637239569449 16.6739388446835 16.8066666675973 16.8586784192 16.7827213673401 16.9979882876498 17.5026041269303 -9999 -9999 -9999 -9999 -9999 -9999 -9999 -9999 -9999 -9999 -9999 -9999 -9999 -9999 -9999 -9999 -9999 -9999 -9999 -9999 -9999 -9999 -9999 -9999 -9999 -9999 -9999 -9999 -9999 -9999 -9999
-9999 -9999 -9999 -9999 -9999 -9999 -9999 -9999 -9999 -9999 -9999 -9999 -9999 -9999 -9999 -9999 -9999 -9999 -9999 -9999 -9999 -9999 -9999 -9999 -9999 -9999 -9999 -9999 17.1153124769529 -9999 -9999 -9999 -9999 -9999 -9999 -9999 -9999 -9999 -9999 -9999 -9999 -9999 -9999 -9999 -9999 -9999 -9999 -9999 -9999 -9999 -9999 -9999 -9999 -9999 -9999 -9999 -9999 -9999 -9999 -9999 -9999 -9999 -9999
-9999 -9999 -9999 -9999 -9999 -9999 -9999 -9999 -9999 -9999 -9999 -9999 -9999 -9999 -9999 -9999 -9999 -9999 -9999 -9999 -9999 -9999 -9999 -9999 -9999 -9999 -9999 -9999 -9999 -9999 -9999 -9999 -9999 -9999 -9999 -9999 -9999 -9999 -9999 -9999 -9999 -9999 -9999 -9999 -9999 -9999 -9999 -9999 -9999 -9999 -9999 -9999 -9999 -9999 -9999 -9999 -9999 -9999 -9999 -9999 -9999 -9999 -9999
