2050_A1B_CS/TMEAN.asc
NCOLS 720 
NROWS 360 
XLLCORNER -180 
YLLCORNER -90 
CELLSIZE 0.5 
NODATA_value -9999 
[rows 56 to 83 of 360, columns 63 to 125 of 720]
-0.914980457337379 -2.08992836560191 -2.67860025159345 -2.64421223214124 -1.77423181108064 -1.28367184647768 -0.509921855990719 -0.434492178102359 -1.79773437875988 -4.19629558642104 -5.06047530449724 -5.55029294816054 -5.54328121600328 -5.33279295674518 -4.86068358193268 -4.24066403066668 -4.09400386272147 -3.27310546586857 -3.22685543991736 -3.38729168121289 -3.44184245642523 -3.18595052972916 -2.83845051792972 -3.1416015629766 -2.08205081559029 -1.44220698705588 -1.10238284812659 -0.785983104576214 -1.60695961540109 -2.53669268949013 -2.96778647302867 -3.27161457971754 -3.24866535040111 -3.03256510144017 -3.16770186315559 -3.4982812897171 -4.03466795685206 -3.31061849083917 -4.23696615236136 -4.37766275288521 -4.22213543526556 -5.11265625600199 -4.71007810319797 -3.87854168129292 -3.90455729607915 -3.51893231648648 -4.23336585639453 -4.73979820341996 -3.27899739556652 -2.05154950777887 -1.64963542362744 -1.43678381466422 -1.68123696859673 -0.998990874374149 -1.03295572632389 -1.1509635698163 -1.51887369824806 -1.68979165963815 -1.70194009596235 -1.56614584111059 -1.4520638224405 -1.49402340212565 -1.64724607082713
-0.156308599614785 0.0561458145090342 -0.882975264617376 -0.0440559957503359 -0.0531575396767331 -1.00787106496181 -0.643046864074612 0.169707031684338 -0.120039069085506 -0.527076818471009 -0.293326825194759 0.306035170858024 -1.88046876855302 -4.36105472009942 -6.65023440905552 -7.34921876138094 -7.52265621675434 -5.24955073365244 -4.07460936516551 -3.05110028929415 -3.04682290332297 -3.28950521745887 -2.65290362351101 -2.62169918364334 -1.80736324516179 -1.42441405991344 -0.407304692828856 -0.756588525262031 -1.24445965110508 -2.33973958601777 -1.88524742945798 -2.42442713066129 -2.93415361755815 -3.39102214148534 -3.52381507299401 -3.79761719302906 -3.80490230311252 -3.1853840855324 -2.54475913836095 -3.86645183867497 -3.43436194416424 -4.05595700500592 -3.97523439024818 -3.4983658824311 -2.93100260860228 -3.07332681422314 -2.82078775256656 -3.30882161953668 -2.66083332438611 -1.41768226266369 -0.953893256421646 -0.545924480384272 -0.762838553658962 -0.933463535486899 -1.06651040435262 -0.955416645580361 -0.777467451316308 -0.760983063439711 -0.793522128219672 -0.873782530655012 -0.975970044021028 -1.04394533124308 -1.10242190873772
4.73360024913005 4.71239584300309 4.71364583618319 4.88136062038891 4.30755208331144 2.54736981573761 1.43192056876514 3.1230208339477 2.23561849528683 0.240911451853313 -0.617779949000275 0.359114595251458 -1.64395182283196 -3.16759766148362 -4.85597657633256 -5.68660157281388 -6.39546875047619 -6.52524741013981 -5.85837238879349 -4.27817058536486 -2.06434244201053 -1.4269075420499 -1.34085283092357 -1.30903645763455 -0.925989597783516 -0.662753903491498 0.00433594823433031 -0.621100272496533 -0.588893256028865 -0.887441404784731 -1.16966800959342 -1.07988279892816 -1.54687497410867 -2.34144531805546 -2.72394530607056 -2.77367190534842 -2.32402346229846 -2.07319657316267 -1.66602863988227 -2.52527993800756 -2.634186225962 -2.5630859536581 -2.74171871379252 -3.06951174058837 -2.59412108192633 -2.5203581022828 -2.55309243191064 -3.18692708644431 -2.58616534857552 -0.98607421928975 0.0717773476657169 -0.920266942906715 -1.55009111409397 -1.5573437633903 -1.41349609356785 -1.352408853809 -1.28039714760576 -1.04172525011046 -0.873717456161172 -0.878066413219158 -0.944179712785019 -0.840657551895857 -0.911087241994998
5.26483072182211 5.79723958506883 5.73322915507015 5.84427088359796 6.07880211878063 5.54502609755339 4.64619793381032 6.3812825849201 6.00585289299303 5.42278645636835 4.87868488184282 4.27745443920972 1.85573566872366 -0.0321484360014779 -0.139374998152556 -1.55027343972037 -1.70812500729987 -2.70659506150252 -2.68847007893707 -3.14076824412674 -1.02121747475028 -0.439583347774572 -0.471536462205641 -1.07163410716744 -1.07184893922698 -1.52896489110712 -1.238925816435 0.045813753836708 0.0481380413833947 0.295097666173502 -0.205156246992442 0.0827343748726214 -0.635039071061504 -1.62476562747534 -2.3626952986146 -2.37035154215901 -1.80416013082277 -0.901184931216519 -0.658548206321894 -1.23053383253373 -1.50408854412727 -1.86777344354539 -1.66021479618469 -1.86349613975945 -1.46193359930785 -1.75444008819816 -0.975416671535191 -1.30261067916614 -0.942434913064835 0.110156234916447 0.147187494453231 -0.286790379623661 -0.786419296213719 -1.10667970326783 -1.39185543839483 -1.41422528208967 -1.42406904230711 -0.989908847624073 -1.16690102229571 -1.17777341278904 -1.2036327801145 -1.67972004417156 -1.69132158413462
-9999 6.1218228887301 -9999 -9999 -9999 -9999 -9999 -9999 -9999 -9999 -9999 -9999 -9999 -9999 5.55104170006234 4.91966144828862 5.06645834455657 4.62026694337975 3.45573567024421 1.48662107452279 1.63822267274129 0.649687502479914 0.55427733904025 -0.461790339247483 0.0839127521378509 -0.242428394450761 0.0592903939021432 -0.249830709126219 0.301595038203836 1.16063804935351 0.026614588585294 0.143763038166353 0.567884117272793 -0.323391928064675 -1.44427083324676 -1.8744140751309 -2.01867189709704 -1.32323570255436 -0.613880200648182 -0.906536457348453 -0.919368541661001 -0.797304677061542 -0.700859395509061 -0.811653621961265 -1.02901694075484 -1.32929690792617 -0.829804725663088 0.258190098472492 0.841373687660733 0.821139345406412 0.186080718380413 -0.184309887021328 -0.457923142961667 -0.523281225925263 -0.584394521061141 -0.618300808310816 -0.532851563118771 -0.751575516579177 -0.895305981741051 -1.02877600187888 -1.24004556842897 -1.09781244728225 -0.246367197741695
-9999 -9999 -9999 -9999 -9999 -9999 -9999 -9999 -9999 -9999 -9999 -9999 -9999 -9999 -9999 -9999 -9999 6.27177086216398 5.57223960424013 5.4986914013488 4.59314451873908 0.82037109196389 0.868398433554862 1.12572916344165 2.54934244448312 2.68054035438426 2.83870440350064 0.359348946809266 -0.0154166887003472 1.79395834376773 1.50333334217363 0.606751289588367 0.865755198588676 0.479459647255923 -1.08350915998274 -1.19953125743364 -1.52050782948779 -1.39725912594441 -0.769700519111737 -1.61593099566379 -1.54784505466203 -0.619902337522386 -0.583457026679535 -1.00663408604169 -1.46376297384554 -0.370234371741843 0.13681640031424 0.719693982213783 0.962213526986388 0.708736991981761 0.763854192317924 0.416783867975642 -0.0447395919017576 -0.41404297338952 -0.517929695417798 -0.507109369240849 0.0633788716435277 -0.0774154134285289 -0.0454231829884889 -0.0462369746482038 0.237434888677445 0.437187533543743 0.44042973233626
-9999 -9999 -9999 -9999 -9999 -9999 -9999 -9999 -9999 -9999 -9999 -9999 -9999 -9999 -9999 -9999 -9999 -9999 -9999 -9999 -9999 4.08750650889549 1.45627602276921 4.50211589897797 5.91455078173438 4.97709634514936 4.91988278650849 3.85328776752387 0.736256516131061 2.0423372423868 2.56891926841002 1.942259151642 1.33270834145123 1.10669269799232 -0.0474869509869842 -0.0743033557546736 -0.024830752544034 -0.593242193652705 -1.39925780143837 -1.86230472580003 -1.7743163771946 -1.40714193346341 -0.766048173016558 -1.13255208900002 -2.03302081845475 -1.10313151312724 -0.796393221046983 -1.00925131757159 0.0381901004407768 0.625696615459462 0.87210286950187 0.824049461558416 0.779596320756969 0.507018213942405 0.420006491741666 0.647994803038025 1.02319012129924 1.0495572992967 1.09498698745332 1.16452473270885 1.15643878613172 1.01648439593369 0.968808614398248
-9999 -9999 -9999 -9999 -9999 -9999 -9999 -9999 -9999 -9999 -9999 -9999 -9999 -9999 -9999 -9999 -9999 -9999 -9999 -9999 -9999 -9999 3.76565104415434 6.51348306050944 6.47154298602943 6.35013670761516 6.34442706362769 6.10246742024398 5.11467450211915 4.10307942903459 2.51243488954235 1.44380209182786 0.574153653263378 0.936165383758157 0.824016960990667 1.5343880211888 0.586126286752176 -0.38294918925814 -0.871855436072836 -1.02195312194559 -1.12978517590415 -1.6618489330666 -1.33692706871904 -1.19513023071961 -1.15587240703488 -1.35133462617444 -2.37121740501059 -2.89274737406027 -1.37954427581138 0.0560091019286915 0.349055959725894 1.06969402761938 0.885201818599399 1.20936197402648 1.26707679683531 1.28453780446537 1.09395185183279 0.870416671296423 0.834283852732238 1.02952471500628 1.29653642596844 1.60916018277625 1.77183593736395
-9999 -9999 -9999 -9999 -9999 -9999 -9999 -9999 -9999 -9999 -9999 -9999 -9999 -9999 -9999 -9999 -9999 -9999 -9999 -9999 -9999 -9999 -9999 -9999 6.82356117738476 6.48720701465516 6.54537108417729 6.71648439730938 6.41136719115232 5.91518878823417 3.94239584110601 1.37395833195235 1.03245442198861 2.26634765574734 1.58119140586736 1.1809570129264 0.642929692298667 0.218567691214139 -0.0437956176743427 -0.518437524829787 -0.393730497995864 -1.03559895861352 -1.2622395915557 -1.43304689268913 -0.705078156917441 -0.206608051067966 -0.899557311862821 -2.093528674827 -2.32333335704458 -0.59791017989782 0.665449218363978 0.94672526890766 1.0406705431002 1.13962243260937 1.13960286082542 1.14255861888078 0.840214848433496 0.454003921115424 0.752656242393344 1.26263017968171 1.49011068982745 1.80359373496519 2.23648437388003
-9999 -9999 -9999 -9999 -9999 -9999 -9999 -9999 -9999 -9999 -9999 -9999 -9999 -9999 -9999 -9999 -9999 -9999 -9999 -9999 -9999 -9999 -9999 -9999 -9999 7.1967578029786 6.19074218563182 6.56427734910209 6.53755860033153 6.91457028515368 6.06783200861623 3.59446610905723 1.45343098865769 3.88554686976088 1.09125003627435 1.2811523437543 1.50917970234152 0.160696612253139 -0.0577213540358611 -0.340371085760333 -0.409023453491908 -0.847786467732416 -0.782454440837557 -0.660292963730878 -1.06675783222871 -0.39699869859482 0.592571618511365 -0.450071609589805 -1.47751303570511 -1.1129296774559 -0.346035135949234 0.907604141551952 1.35574871124879 1.61911459268746 1.58809895260544 1.44667971397763 1.23550783111504 1.15806642956203 1.01445311410257 1.16138022479419 1.59692707925572 1.93451172869384 2.45980465193655
-9999 -9999 -9999 -9999 -9999 -9999 -9999 -9999 -9999 -9999 -9999 -9999 -9999 -9999 -9999 -9999 -9999 -9999 -9999 -9999 -9999 -9999 -9999 -9999 -9999 -9999 7.03908203567386 6.25625001839258 7.11230469661565 7.50799040788571 7.12098522880562 6.73740887273274 4.89824871796688 4.95939450901667 3.04892577473926 3.15475911039336 2.42298176518669 2.32093749564272 1.38173827696162 1.54701170216665 1.11384764292384 0.477460918287188 -0.125917979736909 -0.166106773939886 -0.790755248163169 -0.207272110441343 0.941868475421939 0.886425767065557 0.150683593202425 -0.555462234804866 -0.0848177178794253 1.61148432632151 2.64703126664159 2.91956382349234 2.77999346460355 2.7118358880089 2.16056641449965 1.35503907992064 1.24648438809157 1.84294273848009 2.41001304446507 2.60283856097158 2.69570959100459
-9999 -9999 -9999 -9999 -9999 -9999 -9999 -9999 -9999 -9999 -9999 -9999 -9999 -9999 -9999 -9999 -9999 -9999 -9999 -9999 -9999 -9999 -9999 -9999 -9999 -9999 -9999 6.92003904819831 7.49131728189947 7.63078337402653 7.73438365872055 7.59123695810349 7.14033853523491 6.16867188557232 5.06228518562753 4.38159501160666 2.81104814302516 2.90828125819561 4.08935546508087 3.09679683759551 1.82679688119884 1.9017773388216 0.951875018019143 0.818190102154205 -0.0317513272081646 -0.259127594426405 0.685872367575724 0.930800797939137 2.37615236222634 0.854225270635016 1.07871741653976 1.91492185957882 3.130468771443 3.98731770984225 3.82782552374042 3.66386717198234 3.13216798668117 2.69708984060694 2.61589844367149 3.30790362879363 3.38366536056172 3.06910808892139 2.80139324906275
-9999 -9999 -9999 -9999 -9999 -9999 -9999 -9999 -9999 -9999 -9999 -9999 -9999 -9999 -9999 -9999 -9999 -9999 -9999 -9999 -9999 -9999 -9999 -9999 -9999 -9999 -9999 -9999 7.73166671131427 7.98204862411876 8.16488065110347 7.84779298163289 8.05958987891989 7.81363280510403 6.98685549474354 6.2821028459967 5.33028645328072 3.87569659662855 4.85981768807802 4.91501301789838 3.3835677229693 3.05701170666489 1.67414065780521 1.7285937624472 1.78343747011737 1.3079231343288 1.30884110819138 1.39225911694546 1.98997394406249 2.87131510709916 1.85250652980016 1.48965493277631 2.76026043533027 3.46096356291031 3.7530338569142 3.4831640887122 3.41431644439693 3.08931641533696 2.97941406988331 3.61636721354884 3.82181637161693 3.44332682994442 2.92352216051654
-9999 -9999 -9999 -9999 -9999 -9999 -9999 -9999 -9999 -9999 -9999 -9999 -9999 -9999 -9999 -9999 -9999 -9999 -9999 -9999 -9999 -9999 -9999 -9999 -9999 -9999 -9999 -9999 -9999 8.25819443540901 8.24834416027586 8.23044924450491 8.33480472374103 8.56457028004552 8.20039060406769 7.55884115368381 6.60175129696392 5.95020832801957 5.19175125880584 4.10163411432191 4.13862628563336 4.43066404758986 2.79630860656825 2.37150388717323 2.84089843699467 2.41624352762624 2.39009115058901 2.19304036309716 2.45266926639162 2.62961590182317 3.31541664643249 2.52129556697024 1.98651041567808 2.69170571948256 2.72022135826194 3.10224609413426 3.27462890741191 3.62031252156072 3.54222655234963 3.42039060697812 3.36609372286057 3.03639325630974 3.19926431690412
-9999 -9999 -9999 -9999 -9999 -9999 -9999 -9999 -9999 -9999 -9999 -9999 -9999 -9999 -9999 -9999 -9999 -9999 -9999 -9999 -9999 -9999 -9999 -9999 -9999 -9999 -9999 -9999 -9999 -9999 8.24791668603818 8.64075520308689 8.78989583789371 -9999 9.22593750967644 8.55813803141056 7.6296614489431 5.57771483313197 4.36488280610685 5.49127605972025 4.13692057207644 3.29669922529581 3.73117188399262 2.84197916107036 3.45250651479213 3.28871091529153 3.5771679551227 3.82341797140333 3.66332032011128 3.40724609104761 3.7722461119858 3.98570962048467 3.15994793759321 2.21520834051452 2.25405597998866 2.2670572821412 2.82949870656897 3.58401041074049 3.50713541365472 3.59511065650182 3.39618489810795 3.5340429508886 3.88501957418706
-9999 -9999 -9999 -9999 -9999 -9999 -9999 -9999 -9999 -9999 -9999 -9999 -9999 -9999 -9999 -9999 -9999 -9999 -9999 -9999 -9999 -9999 -9999 -9999 -9999 -9999 -9999 -9999 -9999 -9999 8.96874998509884 8.70359374769033 9.01671878434718 9.03270831207434 -9999 9.03661463508212 8.15548174717523 6.58402344384949 5.26800781679172 5.89373696511408 4.63705729131523 3.46001951906769 3.73687498408401 3.79826823968661 3.30078775112303 3.65730472739895 3.64822265150645 3.80189451330172 4.26347655820584 4.31894530218809 4.51308593646038 4.87072917563532 4.75201826598631 4.14970050496585 2.76249347095908 1.78125650615354 1.52736980673676 2.16240886661625 2.88750654361293 3.46005207052873 3.22104817359237 3.62535155946663 4.00457033227328
-9999 -9999 -9999 -9999 -9999 -9999 -9999 -9999 -9999 -9999 -9999 -9999 -9999 -9999 -9999 -9999 -9999 -9999 -9999 -9999 -9999 -9999 -9999 -9999 -9999 -9999 -9999 -9999 -9999 -9999 8.55520833283663 8.24648438738756 8.62779293010162 8.91747828907618 -9999 9.37231771950137 8.80107419223298 7.42447264845014 6.77873048815075 6.89479166826152 4.62113933394374 3.36536458106975 3.45796221303383 3.84506509844679 3.59707681237964 4.0030794378483 3.63274741355398 3.76222004046032 3.45622398227265 3.93659504696767 4.71647786997289 5.22722656934379 4.53908202752167 3.98683596236727 3.49158205744166 3.16954426837238 1.82054038325992 1.26540362609656 1.88495444012541 1.87637370349485 2.50018231510627 3.47845705598069 3.98160152319487
-9999 -9999 -9999 -9999 -9999 -9999 -9999 -9999 -9999 -9999 -9999 -9999 -9999 -9999 -9999 -9999 -9999 -9999 -9999 -9999 -9999 -9999 -9999 -9999 -9999 -9999 -9999 -9999 -9999 -9999 -9999 8.10720701416571 8.22326171589637 8.76298176187531 -9999 -9999 9.30136064370142 8.70927084553864 8.2047395874579 7.31582682667517 5.59354165554288 5.28505207461028 4.07013020907386 3.4918229334274 3.65908856381909 4.02718098137445 3.2152864461602 2.94686846823438 2.95311852353136 3.53636071881996 4.07313803449868 4.99806640893371 4.60552732150808 3.24306638483073 2.99402344597464 2.13620442968492 2.01145831998626 2.02253255228546 0.657571603558044 0.126705716495319 1.33592448115929 2.47746093539199 2.96994142895205
-9999 -9999 -9999 -9999 -9999 -9999 -9999 -9999 -9999 -9999 -9999 -9999 -9999 -9999 -9999 -9999 -9999 -9999 -9999 -9999 -9999 -9999 -9999 -9999 -9999 -9999 -9999 -9999 -9999 -9999 -9999 -9999 8.29805561072297 8.61195312904673 9.45460943286895 -9999 -9999 -9999 9.2504427966866 8.77485025017498 8.15031903912499 6.23285805666198 5.10942056537765 4.46078775677261 4.11067053682667 3.09178384061695 2.57086588512612 1.61374349243135 1.94903647728197 2.56801429678819 2.90697914694402 4.3152343975053 5.4421484222848 4.43535156988631 3.50203123295227 3.02038410784314 1.45302086020247 1.00118489883121 2.18147785223035 1.04678385707985 0.824440105425805 0.370677135932289 -0.518990885669499
-9999 -9999 -9999 -9999 -9999 -9999 -9999 -9999 -9999 -9999 -9999 -9999 -9999 -9999 -9999 -9999 -9999 -9999 -9999 -9999 -9999 -9999 -9999 -9999 -9999 -9999 -9999 -9999 -9999 -9999 -9999 -9999 -9999 8.7564843908898 9.56335941294385 -9999 -9999 -9999 -9999 9.83002599441523 9.7420377606168 8.30858072127372 6.22613932392224 4.91069009379348 2.81875651105625 2.89262368731426 3.23016275306253 2.63327476959091 2.79483723648772 3.32266274905698 3.60022135749502 4.09705077170332 6.01544923723963 5.68183595954022 4.82287106553985 3.73936848058665 3.57749351637815 2.51622395536849 2.58604815190258 1.42012368426711 1.51922523942816 -0.431158850467727 -1.32861979529934
-9999 -9999 -9999 -9999 -9999 -9999 -9999 -9999 -9999 -9999 -9999 -9999 -9999 -9999 -9999 -9999 -9999 -9999 -9999 -9999 -9999 -9999 -9999 -9999 -9999 -9999 -9999 -9999 -9999 -9999 -9999 -9999 -9999 -9999 -9999 -9999 -9999 -9999 -9999 -9999 9.83364586243839 8.92764975568408 6.86682941880689 5.17546876464873 3.2726562371528 2.57750000805821 2.20017578681833 2.8396744803986 2.71063153143836 3.05024739248506 3.78954424459319 4.58321614754973 5.75120443194569 5.79433590954343 5.70558593844175 5.26945962634948 4.99645180568054 3.44559899933986 3.72889974151303 2.68138022099507 1.88186847976897 1.49266927504749 0.996575516714851
-9999 -9999 -9999 -9999 -9999 -9999 -9999 -9999 -9999 -9999 -9999 -9999 -9999 -9999 -9999 -9999 -9999 -9999 -9999 -9999 -9999 -9999 -9999 -9999 -9999 -9999 -9999 -9999 -9999 -9999 -9999 -9999 -9999 -9999 -9999 -9999 -9999 -9999 -9999 -9999 -9999 9.59139974351879 8.2743684888168 6.52957033655034 5.27410157082753 4.41765623358586 3.16253906845506 3.03117838765042 1.68279950027186 1.17028646064845 1.08862628754993 2.34362628404551 4.47858720071823 4.94410154298309 5.75980467067568 5.17957680637419 5.65194008145641 5.10557942459311 4.42097002187333 4.04567708723516 3.13472005060672 1.36298175845969 1.04302083865869
-9999 -9999 -9999 -9999 -9999 -9999 -9999 -9999 -9999 -9999 -9999 -9999 -9999 -9999 -9999 -9999 -9999 -9999 -9999 -9999 -9999 -9999 -9999 -9999 -9999 -9999 -9999 -9999 -9999 -9999 -9999 -9999 -9999 -9999 -9999 -9999 -9999 -9999 -9999 -9999 9.39756515842593 9.10832680930459 9.31535805977818 9.1536654017342 8.10268879092507 7.49994791414726 5.94277995191555 5.93901691648037 3.44632162780157 1.50651041009402 2.06420568821455 3.37358072241079 4.03836587969962 5.50307291640974 6.25231119099914 6.57825522364722 6.72188798423082 6.17835934290435 7.26052737304022 5.02705730665734 3.74504558327289 3.45239582369913 1.81307942126754
-9999 -9999 -9999 -9999 -9999 -9999 -9999 -9999 -9999 -9999 -9999 -9999 -9999 -9999 -9999 -9999 -9999 -9999 -9999 -9999 -9999 -9999 -9999 -9999 -9999 -9999 -9999 -9999 -9999 -9999 -9999 -9999 -9999 -9999 -9999 -9999 -9999 -9999 -9999 -9999 -9999 8.96413411833723 8.49229820259662 7.92622391991967 7.37024738290422 8.63240890445512 9.77684242052096 9.59636066343525 6.81866537659394 5.20639323234071 4.28852211706134 4.44158855034815 3.5722135439233 4.36393230188388 5.93576822809666 6.07759113878833 6.16819662472304 5.41765627262191 6.544355462431 5.3835221355441 4.14170573022237 5.14739579618984 2.73540361390211
-9999 -9999 -9999 -9999 -9999 -9999 -9999 -9999 -9999 -9999 -9999 -9999 -9999 -9999 -9999 -9999 -9999 -9999 -9999 -9999 -9999 -9999 -9999 -9999 -9999 -9999 -9999 -9999 -9999 -9999 -9999 -9999 -9999 -9999 -9999 -9999 -9999 -9999 -9999 -9999 -9999 -9999 8.8950000355641 8.95003256514555 8.08091144033906 6.6493163971057 8.71888672013211 10.8422525906595 10.5265624775319 8.06378906728217 7.21519530869888 5.46106772741376 6.36534507615911 6.62787757919951 5.54088542955295 5.31711587481681 4.6300650926707 6.40106117987793 5.83799480165513 4.32241537408223 5.68313799559174 4.01487629177246 3.48725912926182
-9999 -9999 -9999 -9999 -9999 -9999 -9999 -9999 -9999 -9999 -9999 -9999 -9999 -9999 -9999 -9999 -9999 -9999 -9999 -9999 -9999 -9999 -9999 -9999 -9999 -9999 -9999 -9999 -9999 -9999 -9999 -9999 -9999 -9999 -9999 -9999 -9999 -9999 -9999 -9999 -9999 -9999 -9999 9.49309898323069 9.72009112369085 8.92376951863269 8.4843359616331 9.33424479911301 9.82744142251141 10.2889843511247 10.2796874507537 10.3006771104865 9.67108725296466 8.8085221406339 5.51529949718047 4.05703775358472 3.92580729098584 6.1355924377811 6.14645182854498 6.5018098929248 6.16501301840137 6.29444665119829 5.51927084487351
-9999 -9999 -9999 -9999 -9999 -9999 -9999 -9999 -9999 -9999 -9999 -9999 -9999 -9999 -9999 -9999 -9999 -9999 -9999 -9999 -9999 -9999 -9999 -9999 -9999 -9999 -9999 -9999 -9999 -9999 -9999 -9999 -9999 -9999 -9999 -9999 -9999 -9999 -9999 -9999 -9999 -9999 -9999 -9999 -9999 -9999 10.0847916292648 9.51069011982612 8.78807289378147 9.76242838703149 11.219987000099 11.2189583470166 10.1928580478074 6.53915365156272 5.71448569951707 3.62854166443737 3.70233071677567 5.97804037082095 7.44032551788973 6.81537107522066 7.81585938038908 8.27263019057375 6.50706378888063
-9999 -9999 -9999 -9999 -9999 -9999 -9999 -9999 -9999 -9999 -9999 -9999 -9999 -9999 -9999 -9999 -9999 -9999 -9999 -9999 -9999 -9999 -9999 -9999 -9999 -9999 -9999 -9999 -9999 -9999 -9999 -9999 -9999 -9999 -9999 -9999 -9999 -9999 -9999 -9999 -9999 -9999 -9999 -9999 -9999 -9999 -9999 10.1159830836114 9.92777994532831 9.1960416839819 10.5034244987499 11.3503841466094 11.262799494669 8.73850911491213 5.42126304785542 3.73457682028126 6.04635415745281 8.96013020979404 9.24989583117778 8.52314453017612 8.81464847557674 8.91132163954153 8.54608722295869
