2050_A1B_CS/TMEAN.asc
NCOLS 720 
NROWS 360 
XLLCORNER -180 
YLLCORNER -90 
CELLSIZE 0.5 
NODATA_value -9999 
[rows 196 to 223 of 360, columns 189 to 251 of 720]
-9999 -9999 -9999 -9999 -9999 -9999 -9999 -9999 -9999 -9999 -9999 -9999 21.4958333969116 19.0300390586318 13.6061197893338 11.2216406373039 14.2415429796845 21.8389323122447 25.1602994924071 26.5356575632842 28.6266341161797 28.9324740247942 28.8052669352545 28.4135156209987 28.2124023486601 28.1970442296167 28.1470638873425 28.1980664134731 28.389706946949 28.5082357887115 28.3071808953124 28.0805077790314 27.8603905603413 27.7362434779436 27.8565949264972 28.0723698846839 28.3982682563502 28.5350326051114 28.7056771156749 28.8309049643487 28.9143424816828 28.9313151799883 28.9329362475688 28.9588216643677 28.9565755230568 28.8513021073951 28.7238802775112 28.5946027948501 28.4677083395594 28.4078971634025 28.456959612946 28.481608080494 28.2693619903978 28.3846027902248 28.6228450814994 28.779667894296 28.3389062124145 27.5249348204922 27.3985286509169 27.7224870149714 27.958815038419 27.8008072078333 27.5101431943405
-9999 -9999 -9999 -9999 -9999 -9999 -9999 -9999 -9999 -9999 -9999 -9999 -9999 20.6249609773945 17.2664713184817 10.9691796965945 13.1851757753557 16.2347721548288 24.7225260186487 25.8779622144701 28.3490950343982 28.7354623080856 28.8777864128278 28.643300854673 28.3222462359644 28.3011263372507 28.1421028102778 28.1879882588461 28.3408398703227 28.35214199018 28.1408919532086 27.8856055005838 27.7011718650931 27.5608919772863 27.6903253969267 28.1016862317547 28.4428189470423 28.5710872907983 28.7321810585218 28.8457095771849 28.8930533118532 28.8698893599581 28.8173697479851 28.805110744054 28.7282161441218 28.6041145562908 28.4885287336917 28.3276106768161 28.1951497882388 28.1589127073499 28.1081901866732 28.2260415805745 28.1748697856729 28.1676496766469 28.166243521193 28.3413476974214 28.460332079246 28.2230403674863 27.8452084274818 27.3366276803231 27.0180143393504 27.2189127850495 27.4763346240606
-9999 -9999 -9999 -9999 -9999 -9999 -9999 -9999 -9999 -9999 -9999 -9999 -9999 21.5299609463033 20.2460286535139 11.0505013097834 9.66559895260741 14.0138607282546 22.4347395372988 24.8874609549708 27.9904688371849 27.812460931374 28.5849218939624 28.6617968990595 28.3678515642556 28.3147785515032 28.1491145791081 28.1198112009608 28.2125260320645 28.1873893516127 28.0285612792911 27.8530924606606 27.6522135759275 27.5599805772793 27.8481249310513 28.2700781211567 28.50433590869 28.6812240132402 28.7063607411007 28.7707877779796 28.7830534042107 28.8117381693816 28.7238280240339 28.5990104727163 28.5036979742313 28.2830988668552 28.0634895168942 27.9747265518491 27.8407812618214 27.8326237030934 27.8773501791719 27.8868489566251 28.058997381848 27.8536589410588 27.9413736575752 27.8562695135656 28.1587499804105 28.2668229780019 28.1803385606489 27.7427017836699 27.0638736964792 26.7419921303214 27.4473632386544
-9999 -9999 -9999 -9999 -9999 -9999 -9999 -9999 -9999 -9999 -9999 -9999 -9999 -9999 21.282695312815 13.8251692630342 6.94241537889268 10.2936067623368 15.7560286482998 20.4563867344472 27.3307226915707 27.4863085258602 28.0298438119553 28.5349805144573 28.180976552388 28.2673957460041 28.0380989462676 28.0935026269987 28.1026627137902 28.0359440372265 27.9062956051101 27.7698112341982 27.7423112453015 27.8069726362865 28.161152282993 28.5714452437299 28.7157030724176 28.8326497846395 28.9180793970577 28.9758854641517 28.9742642775531 28.7964062939961 28.5974609207257 28.3609636142444 28.2364713303615 27.9455794223104 27.7106185384771 27.6186328061577 27.485918001922 27.5082682386296 27.5214127317841 27.5521223548303 27.7736653575246 27.6070768758933 27.7512175703574 27.8365039949987 27.9573437250493 28.0479166681611 28.0115299584446 27.9653971490309 27.7252018333978 27.3840820075536 27.4286913947876
-9999 -9999 -9999 -9999 -9999 -9999 -9999 -9999 -9999 -9999 -9999 -9999 -9999 -9999 21.2737499872843 18.2321875409068 10.3634961210511 7.54397786643095 11.7932747332779 16.1591341202371 25.0453840536367 26.7778841256777 25.870208292865 28.3855468918372 28.1340819918168 28.1641537212035 27.9418099078192 27.9356770628591 27.9763020241391 27.8457683413707 27.7425846025122 27.6965234666085 27.7525976985119 28.0317773570024 28.5362695950583 28.8046680490206 28.8845312247137 28.9553058867528 29.0249934431921 29.0852798830078 29.0179947402117 28.6989583895677 28.4360091206043 28.1388932506694 27.9186978642305 27.6155273136048 27.4226367477104 27.1658593754355 26.988984409963 27.1691666522718 27.0694010127135 27.0008397455654 27.1555858350683 27.3901562003815 27.5646093279393 27.4209179713051 27.6045507207515 27.8781055315438 27.8283202525278 27.9839974083091 27.9540364371783 27.7525194698573 27.3878515922687
-9999 -9999 -9999 -9999 -9999 -9999 -9999 -9999 -9999 -9999 -9999 -9999 -9999 -9999 -9999 20.690214822881 13.5513086130281 7.61489583170577 8.15333331807798 12.3935481346916 21.7075911265617 24.5024349581461 24.2936653787137 27.6091211735676 28.2778124609947 28.0591730998642 27.8023175932327 27.838899716769 27.6076496695477 27.5697916724267 27.501471364455 27.4610156208496 27.5878125517115 27.9872852205133 28.5618556006472 28.7909375491456 28.8832225601437 29.0049348932241 29.1600520919324 29.246998788067 29.1343033772576 28.7447005508449 28.098313823538 27.2721159396202 27.3562565377314 27.2194140593788 27.0249414149554 26.8897656204387 26.6984766091186 26.7280923852167 26.5502213218112 26.4260546433134 26.5240233517673 26.8698828792422 27.3781446082479 27.3781640645932 27.4581445356345 27.6270897339204 27.8066405789647 27.8520051913745 27.5683919047206 27.5131054635153 27.4538867098743
-9999 -9999 -9999 -9999 -9999 -9999 -9999 -9999 -9999 -9999 -9999 -9999 -9999 -9999 -9999 21.3407616154646 19.8386718426363 9.78319010538655 6.29645181870138 9.45177084418883 16.3596418947184 21.7666275850496 25.1049478489746 25.6801626521146 27.8848892616125 28.0760742836579 27.6541992424969 27.462630116495 27.3673568419484 27.3031184935044 27.2400129812629 27.2360416849856 27.4722330507853 27.8748437948805 28.3513085842468 28.7298567630642 28.9394466951586 29.0761263023226 29.1572200531975 29.2331966286372 29.1842317295854 28.8942837988395 28.487701868033 27.7535872681042 27.3041340557963 27.0627603132461 26.8929362087436 26.5829101899731 26.3444140616344 26.0259702025474 25.9355208135855 25.9075650587977 26.2340884819519 26.6408918947867 27.2452669553944 27.555338565314 27.7061392626662 27.6305858764562 27.4907617168145 27.6650064440152 27.6029948704867 27.5275129874252 27.5525520793666
-9999 -9999 -9999 -9999 -9999 -9999 -9999 -9999 -9999 -9999 -9999 -9999 -9999 -9999 -9999 -9999 21.2585546342367 15.3201236655749 5.56449872799462 7.42929034276712 9.92792317481887 14.6260807069753 23.9605338142562 23.7703190113352 26.4262760824674 27.7252343898405 27.4463868034053 27.6104231153257 27.3638607013424 27.2309114933334 27.2122200539045 27.2721744004836 27.5462760079857 27.9366601480657 28.3490233719055 28.6841731779798 28.8798177243242 29.0654232079569 29.13971993949 29.1832746615433 29.2098372478543 28.9144596059701 28.4955729295516 27.9442514030622 27.60677083918 27.2444010536189 26.4889908413825 26.343808598052 26.2307617206124 25.8011458551302 25.3230990082031 25.5241275762827 25.8857486878924 26.5289583542557 27.2000716030916 27.5236003696945 27.818834669787 27.8048436913259 27.6748632503234 27.6536002828307 27.5446548685548 27.4519076324153 27.3929818248539
-9999 -9999 -9999 -9999 -9999 -9999 -9999 -9999 -9999 -9999 -9999 -9999 -9999 -9999 -9999 -9999 21.5316665967305 19.7268098625901 10.1079035966973 6.11050780474111 9.54527340040398 14.8528711317224 20.9247070046639 22.4746940628396 23.7284244706129 25.8960155771511 22.1873438468113 25.1486067526381 27.2547590989732 27.3071679509521 27.3010742587919 27.4977929566216 27.78396481367 28.1071419899888 28.4356771297682 28.6795638339954 28.8765559742075 29.0732683216644 29.14619792748 29.2352409102101 29.2678190208494 29.035996094311 28.6263086347778 28.2169922537999 27.9056250401746 27.36882805067 26.4007617188818 25.8375716204914 25.8271809708661 25.3967903657164 24.7502083644639 24.9952669202818 25.8316732086929 26.5959374856577 27.0941991348858 27.5702800267105 27.8075846097992 28.0414777645557 27.7777473391535 27.6415820842755 27.4591798275154 27.365162909106 27.3350455091377
-9999 -9999 -9999 -9999 -9999 -9999 -9999 -9999 -9999 -9999 -9999 -9999 -9999 -9999 -9999 -9999 -9999 21.5098046821559 16.8598828143503 9.32441407770097 6.2208203389277 10.9808789051543 14.2054687716137 19.4588346461279 22.0473893745535 21.0053319997529 17.7113281285535 20.3655599232608 26.1642904279682 27.046718821455 27.3246288412811 27.6274022880972 27.9425781233078 28.1859700643385 28.4259700328354 28.7098763013604 28.9293684760568 29.0418229711997 29.1247719800005 29.2063542306855 29.3213150947817 29.1465038879103 28.7380469142408 28.352578206627 27.9761718499492 27.5534961296064 27.0634374094371 26.5231967374506 25.8724348875503 25.1759504384577 24.1473372325674 24.7190364656735 25.5848568029651 26.3608595402349 26.8519140937199 27.3906901295017 27.802252657758 28.0448763358938 27.7413020756546 27.5174218802589 27.2249805122345 27.2609440275629 27.1724673362488
-9999 -9999 -9999 -9999 -9999 -9999 -9999 -9999 -9999 -9999 -9999 -9999 -9999 -9999 -9999 -9999 -9999 -9999 21.0924544711032 13.5658528759214 7.09964190821849 7.83175783496761 13.113203127076 15.9916276164593 15.6525846227453 13.0848372383622 11.7243685304865 12.3263281269681 17.4072070676795 22.8007357099266 25.4245442222525 26.8416991750759 27.4559765036707 27.9348503157185 28.2444791748055 28.6278970528873 28.8714908014289 28.9579166683636 28.9932096627157 29.0700455956088 29.2159440160227 29.1372200377029 28.7718098250695 28.4076432547403 28.0592447704322 27.6003320079884 27.1830273807162 26.8718100003267 26.4347590429479 25.7586197534511 25.2235026415312 24.4938607457615 25.3555012703031 25.8930924501439 26.5326822552732 27.0740103377823 27.7604362582107 27.9883789868743 27.6986132525348 27.3366862463099 27.0095964150322 26.8994335370253 26.8258984598358
-9999 -9999 -9999 -9999 -9999 -9999 -9999 -9999 -9999 -9999 -9999 -9999 -9999 -9999 -9999 -9999 -9999 -9999 21.9442057013295 19.7380207786902 11.4694661349635 8.2831249810491 10.3376953213871 14.002467443786 13.0065885141871 12.2723372481875 11.791302142065 11.0492772913558 6.74900389928357 8.17598960790095 13.4038216015094 20.9796875203408 23.9407618162696 25.7530925108911 27.1577213409351 28.4062565741135 28.8254557202523 28.8581510845507 28.7638932158311 28.7563541658847 28.8610612318768 28.8923567734257 28.7189583828814 28.4547722302607 28.1415299400482 27.7158204514399 27.1488085846601 26.9183724224379 26.5039387457943 25.5384049694553 26.0269205550002 24.9479623224466 25.0508723465412 25.5854557102205 26.1392057187427 26.6768034091207 27.2146355430009 27.7698827797948 27.611484412213 26.9940494451845 26.7721940616778 26.3764257956074 26.198066413853
-9999 -9999 -9999 -9999 -9999 -9999 -9999 -9999 -9999 -9999 -9999 -9999 -9999 -9999 -9999 -9999 -9999 -9999 21.1635068465043 21.269420612392 19.0449869919582 11.1034831032628 8.74873700219735 9.89326174750349 10.6590429605478 8.21011719978516 9.69037109295024 9.27444008762833 7.84379556760908 5.41479820059061 6.53192709736279 9.73867189287828 17.7507226716209 21.9849349246536 24.3994270584928 27.497760499057 28.6457681824441 28.6356770648041 28.4146419718029 28.3454492791647 28.5340625484882 28.70929686734 28.6172852144386 28.4302670123646 28.0554622324534 27.7869857015894 27.3722590790871 26.9003451055227 26.8076888023555 25.3067317339692 26.2793488897529 26.2132031052318 25.1095312732254 25.302766938577 25.922317721329 26.6906250688725 27.3659179711047 27.879557250043 27.5499284704499 26.9208268011896 26.4482487600269 26.3171744013298 25.8395963629608
-9999 -9999 -9999 -9999 -9999 -9999 -9999 -9999 -9999 -9999 -9999 -9999 -9999 -9999 -9999 -9999 -9999 -9999 -9999 21.3569988161903 22.4451041308248 17.791861943121 11.5122721894061 8.05601563162299 7.21292969933369 5.2813281143682 5.89826171459301 7.17547527540417 8.15033855298934 8.13952475486475 8.90286458054689 7.85642578416791 7.67876955595198 18.770208341413 22.344798157791 26.4376432918814 27.793776011252 28.2344465842933 27.9994075549796 27.88681642626 28.2396679920543 28.6328320727205 28.5438087136099 28.4003841269072 28.0193684685634 27.7272591095036 27.3767512317236 27.0041732452542 26.9532942360833 26.3714387644917 25.9686849472751 26.5640038428022 25.7053710710719 25.6212240027838 26.379348874155 27.9708594137571 28.2304295990429 28.0316666318778 27.3020768453077 27.0510416751022 26.5078581807738 25.6992642888336 24.9085612311574
-9999 -9999 -9999 -9999 -9999 -9999 -9999 -9999 -9999 -9999 -9999 -9999 -9999 -9999 -9999 -9999 -9999 -9999 -9999 -9999 21.6522916120804 20.9922851974248 16.9872005148838 12.1586458822861 10.8302669278594 7.41697266201574 5.85822266585344 5.57914065161981 5.68484375244083 5.61483073771535 10.0794205920178 10.4415689682254 8.62942055824708 15.8271809715852 23.307688813528 25.4541015298085 26.4919140846795 27.638404874803 27.8534049330611 27.8910611915805 28.1244792056131 28.4267317269425 28.454934852921 28.3819010493803 28.1664518239886 27.5884763523897 27.2318164374226 26.8983073226756 26.8246940346006 26.9278124522154 26.8811523303052 27.1554362202328 26.9771939020315 26.8322265508112 27.3573631967326 28.3627734628788 28.2056835038327 27.1706771652035 26.9416731456246 26.7758788982688 25.6724022724139 24.838190090375 24.7588150699602
-9999 -9999 -9999 -9999 -9999 -9999 -9999 -9999 -9999 -9999 -9999 -9999 -9999 -9999 -9999 -9999 -9999 -9999 -9999 -9999 -9999 21.9301952711311 20.1970833179845 16.1278255493441 17.695442668746 12.691699222299 11.6982617180045 5.86837890994606 5.47503904737281 5.92803383975051 9.41106118129774 10.9233463769143 11.2382096382902 11.7752083527813 16.7375911115051 24.2799219209326 24.8652734674248 25.9078580599088 27.6578971944715 28.0788541335355 28.206100222868 28.2695442948317 28.283743495938 28.2874282537903 28.222272073351 27.4593553768892 26.7072461216049 26.5075455483998 26.5476627563101 26.7742187798477 27.0952930232221 27.0583854698446 26.7212370252632 27.7626758288686 28.2243554216696 28.6625390869653 27.8084179611607 27.7409115373978 28.3233138115655 27.8399609537624 25.7139648846165 26.009733032416 25.1648306423899
-9999 -9999 -9999 -9999 -9999 -9999 -9999 -9999 -9999 -9999 -9999 -9999 -9999 -9999 -9999 -9999 -9999 -9999 -9999 -9999 -9999 -9999 -9999 19.9336979910731 20.1958659124005 20.2305859018229 20.1446679689542 15.1318164250961 7.6973632757673 6.43072264573687 6.36064453274377 9.58240885215279 11.1372331343178 10.2374413966529 8.87150392300608 18.4475911507765 21.6682161578038 22.9236589070888 25.7877213860894 28.0476953076457 28.2358398065261 28.1536328732274 28.042675764861 28.0077345088736 27.9124414302552 26.995839758966 26.1205078025878 26.181354126076 26.1630338023101 26.3865494490959 26.9498111476145 27.187076925007 27.5594206326173 28.3186654146739 28.5702473853797 28.7248501963414 28.6872134689655 28.7399414451763 28.8051367413719 28.4467317235308 26.6633919423005 27.0051562374351 26.5419726348815
-9999 -9999 -9999 -9999 -9999 -9999 -9999 -9999 -9999 -9999 -9999 -9999 -9999 -9999 -9999 -9999 -9999 -9999 -9999 -9999 -9999 -9999 -9999 -9999 -9999 21.6785547110805 21.7691796609348 20.3926952826678 15.8713476603199 10.78742187506 4.8569140516243 7.21762367660297 9.8733073382811 9.97507813709731 9.89117188500644 13.847669225383 16.3251497554368 16.6208463871296 18.7741666810633 25.8331640357953 28.0737304280233 27.9896094179211 27.7489258177675 27.6160742917369 27.5793750636936 27.4027149081588 26.8389258244154 26.4413346139666 26.2521550390582 26.3798893852862 26.9409830942019 27.5570963111636 28.1397331293086 28.5580208040371 28.7927277906586 28.9001041573733 28.9664127415384 28.9415821072595 28.8585350413967 28.6409309878721 28.1492903745578 26.9244531843446 26.3985741815802
-9999 -9999 -9999 -9999 -9999 -9999 -9999 -9999 -9999 -9999 -9999 -9999 -9999 -9999 -9999 -9999 -9999 -9999 -9999 -9999 -9999 -9999 -9999 -9999 -9999 -9999 -9999 21.7877538713008 19.9879296605741 15.6361848916501 9.10239580545485 5.85922526060786 9.3745181556025 10.3514583452945 9.73177083627 10.5203971307246 10.0567838673986 14.0358137982765 12.9320833283676 18.5272916528448 23.6365885575145 26.1275455547694 27.027721401513 27.1575325149428 27.2599544279142 27.2853515767008 27.3620898486628 27.2403320108361 27.1258007394529 27.1775129817483 26.9753450536785 27.3248046675969 27.9793163839727 28.537480492262 28.7786523217279 28.9112434375839 28.9617122362707 28.9452278788341 28.8808528358869 28.7275585357976 28.4628906337438 26.8764193299765 25.9306965449497
-9999 -9999 -9999 -9999 -9999 -9999 -9999 -9999 -9999 -9999 -9999 -9999 -9999 -9999 -9999 -9999 -9999 -9999 -9999 -9999 -9999 -9999 -9999 -9999 -9999 -9999 -9999 -9999 20.6542577467595 20.4122395949183 17.988977859276 8.06295572825006 7.60828777080708 8.66557941583895 9.7809114622904 10.8448111709506 10.8691666436874 10.4628059731231 16.6434505092021 16.9596354585496 18.6661588667498 19.9988346410765 22.331627641919 24.9368099056516 26.7869076057854 27.5286523536177 27.4982225843952 27.4876953511141 27.4956250152316 27.3959114639608 27.2722005631321 27.3810351487878 27.0576171924392 28.0426954373608 28.43093742472 28.6136261886953 28.844095083712 28.8803061272375 28.8334505136499 28.7228125160385 28.5371875252025 27.4365950776334 26.8970442716497
-9999 -9999 -9999 -9999 -9999 -9999 -9999 -9999 -9999 -9999 -9999 -9999 -9999 -9999 -9999 -9999 -9999 -9999 -9999 -9999 -9999 -9999 -9999 -9999 -9999 -9999 -9999 -9999 -9999 21.1773698603114 20.4416861790134 12.6660156069141 5.21759766259061 7.89190752617521 9.47604816040138 10.4842773224499 11.3482421832938 9.80357424042454 13.4850195355869 18.7268294171043 20.4844661960071 21.153854138393 20.8943229152399 22.3509050043037 26.2793619315318 27.4628514847576 27.5649803888802 27.6156510908488 27.640651074534 27.3258268706129 26.8951237070832 27.5503971957499 27.7627017843266 27.3610808122071 27.7339322928778 28.0435286673109 28.7299738514418 28.777981784293 28.7418488935295 28.6833073149464 28.5553387204791 27.856555939947 27.5518685070504
-9999 -9999 -9999 -9999 -9999 -9999 -9999 -9999 -9999 -9999 -9999 -9999 -9999 -9999 -9999 -9999 -9999 -9999 -9999 -9999 -9999 -9999 -9999 -9999 -9999 -9999 -9999 -9999 -9999 -9999 19.5022070483805 15.4733593383094 7.16695309042227 7.62223959880717 10.4817903671948 11.2223632571746 11.9238476655085 11.1643163924428 12.3275195492251 14.5782161194583 19.4976302182089 19.8244205991926 21.0484245253088 23.6446549429145 26.85334641582 27.4310547497503 27.6532421123459 27.6072331419645 27.4696940310886 27.2586394204719 27.4304557874789 27.5459830032518 27.8525650253799 28.064186247186 28.1767057158737 28.393802100844 28.6840950834549 28.6759505235424 28.6280989499188 28.6045963342999 28.5070964160905 27.4452473466335 27.3940950721391
-9999 -9999 -9999 -9999 -9999 -9999 -9999 -9999 -9999 -9999 -9999 -9999 -9999 -9999 -9999 -9999 -9999 -9999 -9999 -9999 -9999 -9999 -9999 -9999 -9999 -9999 -9999 -9999 -9999 -9999 19.2233984076763 17.1540950438494 9.16999348493552 7.23990234246425 10.4718945102924 11.4281510364926 12.0323698066676 11.3930989607108 9.88354814642172 13.2296875212393 17.1649218547696 17.563424510595 21.2342252838857 24.8802799387299 26.0164907997089 27.3450260594283 27.6555729659477 27.5477473661717 27.5064973271893 27.4926432070637 27.5839909650116 27.5150325979154 27.1816732149404 27.8986914060947 28.4046483684822 28.3208464144077 28.5388347494388 28.5158073370344 28.4032681798216 28.3749674996275 28.008190169431 26.6524935636187 27.0096419399195
-9999 -9999 -9999 -9999 -9999 -9999 -9999 -9999 -9999 -9999 -9999 -9999 -9999 -9999 -9999 -9999 -9999 -9999 -9999 -9999 -9999 -9999 -9999 -9999 -9999 -9999 -9999 -9999 -9999 -9999 19.1190560377062 18.1200520818083 12.3480989869968 6.67169919123707 9.87638669592884 11.0069010360082 11.8888541678672 10.8084309965368 9.97751301299464 12.0891406484231 15.1230273248346 17.5619791627948 21.0226042129488 23.9580534851599 25.0991275928178 26.9126431349784 27.3120767217188 27.2879036668971 27.4609309920442 27.6473893001516 27.6507878488925 27.6630990330972 27.6006185307344 28.0041016646489 28.5122265789818 28.5490300456857 28.3569792424968 28.1751433192346 28.0060026786262 27.8583659262277 27.1840885089498 26.9330989541536 26.2268880363021
-9999 -9999 -9999 -9999 -9999 -9999 -9999 -9999 -9999 -9999 -9999 -9999 -9999 -9999 -9999 -9999 -9999 -9999 -9999 -9999 -9999 -9999 -9999 -9999 -9999 -9999 -9999 -9999 -9999 -9999 19.7232681653023 18.8384570040169 14.0274414223716 7.2591210940534 9.51246095243774 11.1714974292131 12.0826301965609 11.3277473864361 12.5068879881697 14.9010025883219 15.3222721063921 16.1414322703349 21.5385806898364 23.8529883564642 24.9701758280529 26.4802278550958 26.8413216108747 27.046569009279 27.2866667945464 27.5305534198762 27.6041080752874 27.7501041453652 27.9004361119552 28.2160481475651 28.5481575952773 28.4766601834896 27.9374218384805 27.211269535588 27.3429492568535 27.0725520966544 26.9276887850484 26.6711524321926 25.9973437488384
-9999 -9999 -9999 -9999 -9999 -9999 -9999 -9999 -9999 -9999 -9999 -9999 -9999 -9999 -9999 -9999 -9999 -9999 -9999 -9999 -9999 -9999 -9999 -9999 -9999 -9999 -9999 -9999 -9999 -9999 19.8384244958346 19.3190625523716 16.5147070661182 7.39675779218931 8.21126955334687 10.4440169215124 11.807903637824 12.353802074391 12.1043684342571 15.8458658850767 16.9260221527339 18.3068424123121 23.0246549823183 23.9252929701323 24.9800196123335 26.2223762187517 26.5220051490546 26.7216080342973 27.0280339316905 27.4265495396548 27.6803384651827 27.8268229749916 27.9464518514802 28.1292904020467 28.2906575652545 28.2136718695642 27.6737304284284 26.2292383455556 26.7522655767216 26.5973567257339 26.5458919895178 26.0848633352132 25.9413867183672
-9999 -9999 -9999 -9999 -9999 -9999 -9999 -9999 -9999 -9999 -9999 -9999 -9999 -9999 -9999 -9999 -9999 -9999 -9999 -9999 -9999 -9999 -9999 -9999 -9999 -9999 -9999 -9999 -9999 -9999 20.4612499659656 19.8194075402107 17.9887434734663 8.0597590886169 8.01520832829842 8.61456378804348 10.7792708576625 11.2957160899137 10.9563411596708 14.2495051866248 16.859759114986 17.856458364032 21.6898762724001 24.5136068328143 25.6528255177475 26.1318033238513 26.3265494160019 26.3641406628515 26.7598632494485 27.3765754799087 27.7138411352893 27.8010416900598 27.845690140043 27.9288281192381 27.9872850542514 27.8751236513831 27.0692057033688 25.8256444985678 26.4237305039729 26.1153125346681 25.5797851312965 25.9949218442157 26.0271093396604
-9999 -9999 -9999 -9999 -9999 -9999 -9999 -9999 -9999 -9999 -9999 -9999 -9999 -9999 -9999 -9999 -9999 -9999 -9999 -9999 -9999 -9999 -9999 -9999 -9999 -9999 -9999 -9999 -9999 -9999 19.2851952444408 18.4924154113104 16.9938607161985 9.55102864114449 7.19694663234554 6.24919272093163 8.92161455819941 8.76661458977474 10.9944076266524 14.004095048088 13.9363802224537 18.3101692843047 21.2073177198407 23.0344856318035 25.3347395122007 25.9141861514175 25.9824284033152 26.1775194457561 26.6908398823238 27.4141927124882 27.733118484399 27.6866861893689 27.5957487501298 27.613300721134 27.6685937670526 27.5505923978913 26.6895963821452 25.9935937857521 26.1030665136498 25.1997851484312 25.6720702617983 26.1396874263809 26.218574203401
