2050_A1B_CS/TMIN.asc
NCOLS 720 
NROWS 360 
XLLCORNER -180 
YLLCORNER -90 
CELLSIZE 0.5 
NODATA_value -9999 
[rows 112 to 139 of 360, columns 126 to 188 of 720]
2.82593750572874 3.65281254958649 4.57421870743423 6.47453124227463 5.87531252966727 4.69406253691204 3.91437506353862 2.63093749641601 2.54921878463256 4.22031246842492 3.28437498037952 0.994999967649568 -1.28765624649635 -3.28312503171018 -6.43062498670539 -8.50250009025373 -9.57750006280032 -9.99609369087504 -9.13734373599341 -5.85234376330789 -4.44906257226028 -4.56953123003045 -5.05265622600351 -4.26890623556593 -3.69000002764097 -4.07343748551585 -3.89249999383461 -4.10999996531103 -3.8553125377217 -2.86906250105038 -2.04281250847232 -1.98468751989438 -1.65437500232044 -1.49406250433828 -0.922812500856954 -0.929375003026328 -0.0790625023490958 0.0610937518808338 0.616093744561636 1.02671872551265 1.49890625536442 0.9424999965826 0.923906245073915 1.12640625602592 0.776250007375415 1.09640625165013 1.37515622974213 1.16984375024761 0.930312498939737 1.14546874004957 1.70953124263756 2.04281249229611 2.1053124975787 2.21828124042304 1.39828125191984 1.6031249965152 1.94828123372484 0.972343748528793 0.287031243754376 0.624531249952418 1.08515624930866 0.949687486297198 0.526718747790283
3.07062498295199 4.50359372447266 5.91249997778368 5.74140622476788 5.92546872022291 6.32625004443695 6.64250001033363 5.49968756083004 4.35906252464359 3.81249997882589 3.8243750055198 3.96500005744624 1.92796876021125 -0.350156256420271 -3.50140622651935 -4.96296877496352 -6.61640635523656 -8.01796877025668 -7.23046885700817 -3.21984373696585 -3.64187499180203 -3.05921878461463 -4.43296875926441 -4.2215625087263 -3.23859373929507 -3.75703120333848 -3.95437501422377 -3.99328123860148 -3.21593750004189 -2.31406251551868 -1.64624999463557 -0.811875009059552 -0.929687498266316 -0.586562497949136 0.33578125076318 -0.0124999980765728 0.175937502241434 0.555156251768136 1.05953125472784 1.36046873558797 1.86593750444591 1.32640624665001 1.15124998769986 1.15546876194049 1.70343750064435 2.14875000670786 2.20390623401304 1.79609372032407 1.53500000021563 1.32125000591417 1.699218745689 2.45578124509873 2.6378125320213 2.54125002399087 1.60687499270449 1.78359374750027 2.15078126448848 1.80343747357227 1.79499999553802 1.79499999860374 1.658906260214 1.2351562372023 0.66968750230795
5.19546872590596 3.55718746086081 6.10406255141957 6.10500000310403 6.55390626840081 7.4168749447323 7.79328129375934 7.41124999385517 6.19765626455357 4.19281246042191 3.38687499554225 3.81062502821854 2.7570312808901 0.0204687458829125 -1.27750003095511 -2.55437496600073 -4.10406247714387 -4.47953121619584 -4.34687500699314 -3.33203123825608 -3.73265620348461 -2.85515628058415 -3.37421878087167 -3.40000003374677 -2.537968785362 -2.7423437588941 -2.43390624051375 -1.88218749683859 -1.33687501208968 -1.27828123886997 -0.734374994052539 0.0953124989245217 -0.0301562521870279 0.796249997267936 1.38843749016043 0.930937497456788 0.380312501072802 1.08906250219204 1.657187497081 2.62749999917441 2.82796875012126 2.01843748878864 1.98734374202286 1.86453125310464 2.62421871702126 2.99828121769961 2.86265625506534 2.17593745628905 2.19906249944024 2.46625001226578 2.76437499257872 2.95000000604811 2.98624996746451 2.63468750124481 1.96171872032606 2.01328121660147 2.19265624087557 2.23812498111168 2.56343752472483 2.86718748057027 2.55875004423943 2.26109377064376 1.89046874286515
6.18078130427144 2.64828123115455 4.43531249477587 6.78890621619192 7.35218748372584 7.82562497956914 8.03703130792823 7.96437504903981 6.76343748033095 4.68546871086362 3.43562498363729 3.45437499923432 3.23046875560857 0.291406257438053 -0.977031265962229 -1.55078126507379 -2.73109373935458 -2.96874997467738 -2.80374999057512 -2.93359374026223 -2.2528125012114 -1.77750002873307 -2.18687498797164 -1.93140625917984 -1.17109374893002 -0.554218757253549 -0.882343754184741 -0.76515625199439 -0.297187501422892 -0.0670312529206249 0.0620312479068913 0.156249999509401 0.148437498918694 0.748437500730698 1.46203123278045 1.28718749257946 0.767968751487355 1.38812499259946 1.7031250037868 2.69031252356088 2.95406251375904 3.05296872437615 3.29515625764751 3.19343748154421 2.89656249766309 2.97390623064579 3.03890625087984 2.48015621309944 2.73859374922945 3.21953126007514 3.59500002795422 3.56968750734757 3.4943750089216 3.13859376270199 2.66062496920943 2.46046875343739 2.57093748788163 2.66984374395254 2.91406249223987 3.26562500365559 3.68703127622989 3.64812500701469 3.19312500838052
6.92859367780867 4.04109378216224 3.16281253796022 6.3915625454603 7.62546874581234 8.06093758344037 8.16468739497921 7.48968741303245 5.73031251112643 4.47453125217751 3.18796880154438 2.2851562863507 1.61421872991555 0.98421873729952 0.15937500153446 -1.68234373093874 -2.00484374818531 -1.86328126673307 -1.8501562165323 -1.5459375022258 -0.723281243905371 -0.790312489488174 -2.07093750722481 -1.76625001193513 -0.697031249433596 0.0590624996153651 -0.333124999541236 -0.756406249416069 -0.456875001607904 0.319843747929871 -0.19687500199223 -0.545156248330682 0.0240624973527259 0.769375002395472 1.06500002058794 1.28671874640687 1.51218748637998 1.94015625609166 2.27468747350727 3.09687503340122 3.46500003978589 3.71812503385363 3.93671873622542 3.94046872157146 3.27078121846858 2.65203121635616 2.44078123174355 3.03000000037383 3.71156249783901 3.64921869614043 4.11640632096813 4.05359376929006 3.43437501019761 3.40531254867845 3.23015626382347 3.41015628260603 2.88140624348855 3.06421875898134 3.21359376539056 3.14984370363322 3.29515628172682 3.49343749914545 3.92859378370026
5.81062500665313 5.02640623575778 3.60625000063583 5.22906253016469 7.44812500497658 -9999 8.20171859863992 7.4779687076511 6.07625006083753 4.56031256498946 3.54562501175148 2.18296876476131 1.02453123963271 0.881093753361453 -0.226874995866842 -0.67640625171027 -1.05890625667148 -0.202968752198097 -0.568593749660411 -0.61593749304061 -0.654843752099942 -1.13953124353662 -1.73062500208516 -1.9589062520239 -1.01624998797297 -0.28687500017214 -0.171874999243182 -0.420781248256354 -0.0734374955803282 1.00140624515057 0.292968745983007 0.0318749993790252 1.06749999780261 1.51187499354019 1.08515626311864 1.33078124947336 1.94437498052746 2.36390621564057 3.62937502748954 3.65984380582118 4.33500002611784 4.18874996452501 3.88749997662966 3.61984370298276 3.77234374303624 3.29140624306073 2.99015627704355 3.72562504117415 4.54031246876267 4.45546865383544 4.5982812414604 4.37093752963901 3.77609375813134 4.28703125066033 4.42921873803312 4.23093753221302 3.45421881144074 3.9745312393334 4.35265617267212 3.94156245747042 3.65937497359022 3.83656256164997 4.66453124136854
-9999 6.05000003178914 4.99734379262766 4.49859376856064 7.12624996966554 -9999 -9999 7.29500007629395 6.55906243577692 4.99296875968224 4.26593743952089 3.96499997974981 2.97765625885913 1.72843749772843 0.84640623434926 0.838437498719939 0.34906249920296 0.335937502862628 0.0171874938029707 -0.0765624995456128 -0.690468755741935 -1.08984374401419 -1.27171876075409 -1.26750001199871 -0.843749996190738 -0.425156248177716 -0.0839062486526794 0.242343750282145 1.01375000184801 1.44359373723599 0.800156235188709 0.763593753116414 1.08046874929037 1.15968749378316 0.895937507733808 1.48374998876022 2.1310937338253 2.72734375173467 4.18140620669318 4.31828124377264 5.22374995771801 5.29640621656398 4.96234372215512 4.14906250978339 4.10015627245747 4.27125000465856 4.07328123086521 4.66062496822297 5.07109369925469 5.25296877221208 5.33406253802462 5.25625002253824 4.97999998023587 4.98656245192506 5.28468749573793 5.72203130824831 5.47812502539127 5.78328124253184 6.06921882754789 5.87703119708284 5.51671876537637 5.36906244401885 5.32765634261685
-9999 -9999 7.20093744137375 5.62499993470255 6.71781243458889 -9999 -9999 -9999 6.85859376916722 5.70312496940498 5.08765626578101 5.32250004859634 5.07906248557431 4.18843745233941 3.39875004959584 2.48515624457802 0.352812509721106 -1.44906248912606 -0.347968744844258 0.326093749584381 -0.0117187529115448 -0.136874998533595 -0.30000000084073 -0.239531250290859 -0.14062499881623 -0.375937497060973 0.0140624993907913 0.302343745620578 0.901718751711529 1.47921873012881 1.66406252936574 1.80468749563081 1.88015623437202 1.79906250598518 1.2390624763971 2.21218750906304 3.12343749293587 3.70984378740878 4.9267187779804 4.94828125769118 5.39203123737836 5.51109373558411 5.5487500048169 5.52859373916116 5.73562502629719 5.6310936865114 5.6567187512447 6.3171875530672 6.41125000134479 6.28093740224331 6.3737500521063 6.36062504241788 6.40921880898142 6.85031241647755 6.5446874779844 7.36734369235272 6.82250002026557 6.61437490582466 7.44781245909664 7.18671874672606 6.5324999988079 6.30750003457069 6.39828128231583
-9999 -9999 8.11140621452204 7.0929687675715 6.69140627117034 7.53562496703133 8.00500005483627 -9999 7.80906260714627 7.37593748203665 6.79593757959524 7.05000001698638 7.3035938050413 6.34499999661342 4.92093752468534 4.06593751381692 0.652031236689693 -2.68687501408078 -2.52453126982461 -1.01328124931359 -0.955937495301164 -0.637656250315303 0.366718751567173 0.873906254709754 1.51624999975359 1.59687500310983 1.48937498442162 1.8010937274575 2.53234374319231 3.41453120634683 3.87687499560769 3.9157812309316 3.62562497091744 2.89015626368408 2.50328123433174 3.82749999045206 4.37531251601024 5.03953123649394 5.13515625060077 5.45109367294448 5.68359382384969 5.72203126477417 6.6092187310774 7.52703118258466 7.54328127003265 7.60656233739637 7.47999998927117 7.61500003933907 7.50531247928404 7.17390628816791 7.29718758050028 7.56953128306287 7.73531256471508 8.15531258912267 8.21531237538323 8.29031261768255 -9999 -9999 -9999 -9999 -9999 -9999 -9999
-9999 -9999 -9999 7.92499995231629 8.13328145996076 7.25343748887652 7.98390624676729 8.48031243657015 8.97812470765796 9.06578112990231 9.43828128032669 9.45328124331769 9.02812498623337 8.50546866407941 7.18406245597013 5.44171877061176 2.72531251218006 -1.71609374673305 -3.43765626449411 -2.79687502141675 -2.43906247432584 -0.694843759241914 1.44765625420471 1.7003124953678 2.18703125423406 2.46875000971798 2.80281249485843 3.22843746335462 3.99437499679267 4.81468741888335 6.00124995956764 5.82499994922737 5.5264062417445 4.67140626316351 4.89062503904347 5.66781248023746 5.89546874813755 5.93249999726922 6.03984366995833 6.33609367791995 6.62062506240889 6.70546867558284 7.08828128815309 7.8706248625263 8.77281236584809 8.2412496805191 -9999 -9999 7.85124987363815 7.57750004529953 7.83250004053116 8.46906253622025 8.95968760430011 9.15375012061396 8.89687490439378 9.76125001883469 -9999 -9999 -9999 -9999 -9999 -9999 -9999
-9999 -9999 -9999 -9999 -9999 8.92593753233053 8.00437507792542 8.69156245874154 9.762500166893 9.76250016689301 11.0601563442396 11.3882812992817 10.8512499617769 10.3225000191791 9.11656234343712 6.55249989674811 3.5825000106884 -0.44078124584187 -2.23281254154471 -2.67812503015678 -2.07390626462555 0.29843750159909 2.45640625737517 2.00640622863293 1.89874999694601 2.24843751442564 3.21906251810429 4.24656246548618 4.97218748116427 5.28015626186253 6.5190625262676 6.52937499431737 6.52609371338284 6.28234367712328 6.32000002874734 6.20328126775752 6.05812507856101 6.31312510280739 6.97406251614843 7.65421868737639 8.19562499101148 8.40421862006671 8.16229173541069 -9999 -9999 -9999 -9999 -9999 -9999 -9999 -9999 -9999 -9999 -9999 -9999 -9999 -9999 -9999 -9999 -9999 -9999 -9999 -9999
-9999 -9999 -9999 9.125 -9999 9.8928126985294 9.06609371807258 8.51156242988636 9.47687533554635 -9999 11.6803126184057 12.4837499549173 12.3817185590291 11.2946874638277 9.6982811311296 7.22140623588085 4.42343754517144 0.514062490316976 -2.37437499935479 -2.39500000874931 -0.548124998940503 1.36578125387268 3.01703123694803 2.41937501489072 1.68218748966349 2.40593750378756 3.67140622734672 4.55265624809197 5.23328126231265 5.50890622274388 6.52375006700304 6.22046878257259 6.4946875280408 6.99343752068209 7.21999993116832 6.91624993004453 6.48656248220868 7.0959375045846 7.97953132437322 8.75671875362685 9.12656256480141 9.15468722568766 -9999 -9999 -9999 -9999 -9999 -9999 -9999 -9999 -9999 -9999 -9999 -9999 -9999 -9999 -9999 -9999 -9999 -9999 -9999 -9999 -9999
-9999 -9999 -9999 -9999 9.89437510144362 10.0776561653354 10.2162501659752 9.34765620511052 9.45687507176194 -9999 -9999 13.7200002670288 13.5470312982586 12.0465625366763 10.5306250441494 8.69031264384622 6.91281249095669 2.82249998495567 -1.32671874020132 -1.53765624911638 0.27890623786763 2.27109377575087 2.97062497911893 2.57734374680362 2.27218745999876 2.8665625074937 4.30187497217215 5.38468749046974 5.34312503067182 5.45890622605214 5.91828127217738 5.82500005431394 6.33249998745622 7.05296882247293 7.82671879168092 7.64859376006274 7.12437494781868 7.93343743586402 9.09640624991634 10.000156281946 -9999 -9999 -9999 -9999 -9999 -9999 -9999 -9999 -9999 -9999 -9999 -9999 -9999 -9999 -9999 -9999 -9999 -9999 -9999 -9999 -9999 -9999 -9999
-9999 -9999 -9999 -9999 9.67687512909732 10.0242187823281 10.0821876829981 10.0784374163673 9.32234382575123 9.80937497341467 -9999 -9999 12.748281166121 12.2148435716987 11.0959375202034 10.5746875687786 8.72031255702507 5.0631249502858 3.19109371178604 0.45312499304398 1.23562500798071 2.73281248536673 3.26593753306307 2.74187500761217 2.32187501351939 2.96546876464519 4.88640629073153 5.75265628049786 5.33843753460588 5.34593748306284 5.82265622921964 6.46203126703867 7.00937499052966 7.42328121428563 8.26546864181366 8.35453112368548 7.8842188109847 8.79453133702707 9.94718752746648 10.704687297266 -9999 -9999 -9999 -9999 -9999 -9999 -9999 -9999 -9999 -9999 -9999 -9999 -9999 -9999 -9999 -9999 -9999 -9999 -9999 -9999 -9999 -9999 -9999
-9999 -9999 -9999 -9999 -9999 -9999 10.469166914622 10.6932292230328 9.63999999123562 9.3026563744143 10.9930207380492 11.9495832124251 -9999 -9999 10.5831248760223 10.4809373766004 10.1354686771197 9.36765623858829 7.06203113331466 2.31218750591648 1.03843750725527 1.39796873965078 2.04156251375497 2.82015626171625 2.58109378008081 3.67703127419129 5.41671869923122 5.60281255104405 5.5787499839823 5.73578127447068 5.63296872438354 5.88562501229102 7.0092186252689 8.08500004514513 8.88234373832727 8.7239061435739 8.76781244480487 9.46765603059333 10.2159374500977 10.9898436664144 -9999 -9999 -9999 -9999 -9999 -9999 -9999 -9999 -9999 -9999 -9999 -9999 -9999 -9999 -9999 -9999 -9999 -9999 -9999 -9999 -9999 -9999 -9999
-9999 -9999 -9999 -9999 -9999 -9999 -9999 -9999 10.7139063026656 10.7637500140326 10.7469270782111 11.7006768984476 -9999 -9999 -9999 10.7114062456089 10.1120313551177 9.47640629068474 8.21515620046903 5.13874998036111 1.15000000511587 -0.99500000004032 1.35203125863551 2.25437503762086 2.99359373349308 4.34265625404228 5.49171871656686 5.75093756576365 5.95468752803056 5.77984373288544 5.71968753556581 6.20578123553687 7.23656246063098 8.47968763819129 9.28406236329325 9.62625002761146 9.61765615556277 10.2612497945213 11.0681250528539 11.6690624492198 -9999 -9999 -9999 -9999 -9999 -9999 -9999 -9999 -9999 -9999 -9999 -9999 -9999 -9999 -9999 -9999 -9999 -9999 -9999 -9999 -9999 -9999 -9999
-9999 -9999 -9999 -9999 -9999 -9999 -9999 -9999 -9999 11.7228123248281 10.937968820171 10.8087500946974 -9999 -9999 -9999 11.2800001646265 11.2920312276883 11.0396873493898 10.2474999931278 8.23984374592375 3.43109374062943 1.18531248724891 1.88281247469285 2.71953121721029 3.24156247687901 4.68624998556543 5.55046880243715 6.18750001462611 6.83546866414848 7.01265624182178 6.61609376164591 6.67562494479984 6.97921869090472 8.8429687020641 9.35031253168206 9.41499994756177 9.65718749181281 10.4629686777298 11.4260936978439 12.2857810705093 -9999 -9999 -9999 -9999 -9999 -9999 -9999 -9999 -9999 -9999 -9999 -9999 -9999 -9999 -9999 -9999 -9999 -9999 -9999 -9999 -9999 -9999 -9999
-9999 -9999 -9999 -9999 -9999 -9999 -9999 -9999 -9999 12.008125125801 11.3476563983046 10.1932812925106 10.5700001716614 -9999 -9999 -9999 11.7471873461067 11.8740623585634 11.6940624552218 10.9056249006638 8.67171870665428 4.24625005719635 2.39281250723758 2.5024999910045 3.5931250012126 5.35843747038972 6.02015623352134 6.35484368346028 7.42703127052027 7.58593751351896 6.24343752252194 5.41562503045611 4.83328124659904 6.00937489302212 8.67531263902857 9.03531247397085 9.36750011191811 10.0931249562307 11.2137500049235 12.3237498402596 -9999 -9999 -9999 -9999 -9999 -9999 -9999 -9999 -9999 -9999 -9999 -9999 -9999 -9999 -9999 -9999 -9999 -9999 -9999 -9999 -9999 -9999 -9999
-9999 -9999 -9999 -9999 -9999 -9999 -9999 -9999 -9999 13.0066665013631 13.0260936900922 11.3085938086452 10.4142189315062 -9999 -9999 -9999 -9999 12.4700002670288 12.8617186690743 12.8289063119886 12.16374997568 8.42687500895004 3.3123437564377 2.71796872655945 4.12718749348411 5.09187501444438 5.61046879940684 7.10296882854204 8.80015632548583 7.26781248387588 6.12562498593553 5.41875003406052 5.33031247551249 5.547812558911 7.88921871977116 9.00249996754758 8.87109352570966 10.1353125117887 11.4104688311136 -9999 -9999 -9999 -9999 -9999 -9999 -9999 -9999 -9999 -9999 -9999 -9999 -9999 -9999 -9999 -9999 -9999 -9999 -9999 -9999 -9999 -9999 -9999 -9999
-9999 -9999 -9999 -9999 -9999 -9999 -9999 -9999 -9999 -9999 13.7325000166893 12.0360935622622 11.6554687164126 11.7450000047684 10.8600001335144 -9999 -9999 -9999 13.1068750321271 13.3764061922182 13.4598437542922 10.8507812803334 5.36406248117972 2.72640627431686 4.61374992099718 4.86687498066966 3.32203125304014 5.00718753317637 6.82203118137509 6.02796865430368 5.1464063308068 4.61250006450268 5.10859374753756 5.81406248284641 6.74734377906866 9.69718751936173 10.4784374508848 11.2982813251604 12.1117186539643 -9999 -9999 -9999 -9999 -9999 -9999 -9999 -9999 -9999 -9999 -9999 -9999 -9999 -9999 -9999 -9999 -9999 -9999 -9999 -9999 -9999 -9999 -9999 -9999
-9999 -9999 -9999 -9999 -9999 -9999 -9999 -9999 -9999 -9999 -9999 -9999 12.8496873824939 11.2901561550373 9.96359372767758 -9999 -9999 -9999 -9999 -9999 14.4404686377573 13.6848436857548 8.75999996820148 3.89015629022619 4.01515621446945 5.20015622518137 2.92781249526966 3.8760937371127 3.96156247116436 4.10593746665164 4.33687501346181 4.48968745730731 5.00328122706981 6.16671875753335 5.23265633866646 9.56015631574592 12.2392188448225 12.2649999703907 12.9934376173593 -9999 -9999 -9999 -9999 -9999 -9999 -9999 -9999 -9999 -9999 -9999 -9999 -9999 -9999 -9999 -9999 -9999 -9999 -9999 -9999 -9999 -9999 -9999 -9999
-9999 -9999 -9999 -9999 -9999 -9999 -9999 -9999 -9999 -9999 -9999 -9999 -9999 12.2262500065658 10.5126562292489 11.3412499623665 -9999 -9999 -9999 -9999 15.2842186387362 16.1410937143015 13.5721874917203 9.28734379363261 5.78843748814432 4.63906248189574 3.29062499122487 2.90156251650373 3.45062499817397 4.22078118386654 4.84125000186771 4.95890626249897 6.09640619046089 7.38781251612265 6.98203124720589 9.65718757322736 13.3674999463138 12.4539062976887 13.8596874467141 -9999 -9999 -9999 -9999 -9999 -9999 -9999 -9999 -9999 -9999 -9999 -9999 -9999 -9999 -9999 -9999 -9999 -9999 -9999 -9999 -9999 -9999 -9999 -9999
-9999 -9999 -9999 -9999 -9999 -9999 -9999 -9999 -9999 -9999 -9999 -9999 -9999 -9999 13.1300001144409 -9999 -9999 -9999 -9999 -9999 -9999 16.6499996185303 15.9362498815815 12.5509374563885 8.38109371688511 6.61203120477247 4.41124998536566 3.15734376970464 3.85687498686543 4.51921870979681 5.02296870943837 5.94593746177538 7.00828126024401 8.45578124269021 9.29203130264198 12.2179686287674 14.7906247682224 14.6068750756233 14.9692707948186 -9999 -9999 -9999 -9999 -9999 -9999 -9999 -9999 -9999 -9999 -9999 -9999 -9999 -9999 -9999 -9999 -9999 -9999 -9999 -9999 -9999 -9999 -9999 -9999
-9999 -9999 -9999 -9999 -9999 -9999 -9999 -9999 -9999 -9999 -9999 -9999 -9999 -9999 -9999 -9999 -9999 -9999 -9999 -9999 -9999 -9999 16.1406247317516 14.7184374460852 10.2940624626484 8.24796879865359 5.58828127751316 4.67609381890363 4.53000000412451 4.27687507870954 4.86359381712126 5.77671872897339 6.83718752945218 9.07078134989738 9.99093754483776 11.9409374292917 14.3387499305295 15.3671874549688 15.6613542333993 -9999 -9999 -9999 -9999 -9999 -9999 -9999 -9999 -9999 -9999 -9999 -9999 -9999 -9999 -9999 -9999 -9999 -9999 -9999 -9999 -9999 -9999 -9999 -9999
-9999 -9999 -9999 -9999 -9999 -9999 -9999 -9999 -9999 -9999 -9999 -9999 -9999 -9999 -9999 -9999 -9999 -9999 -9999 -9999 -9999 -9999 15.9606250524456 15.6401562998004 12.7657811966298 9.12593732860609 7.02156248589415 5.21968752778623 5.47468748021377 5.21781252331827 5.19374996340695 5.01046876576526 5.7515625217056 7.96031242647602 10.4956249604205 12.0551562342074 14.5543749939205 15.2275000222605 15.9965625852562 16.5206248759323 -9999 -9999 -9999 -9999 -9999 -9999 -9999 -9999 -9999 -9999 -9999 -9999 -9999 -9999 -9999 -9999 18.0387497742971 17.4537499745687 17.1912503242493 17.6737504005432 -9999 -9999 -9999
-9999 -9999 -9999 -9999 -9999 -9999 -9999 -9999 -9999 -9999 -9999 -9999 -9999 -9999 -9999 -9999 -9999 -9999 -9999 -9999 -9999 -9999 -9999 15.456250130591 11.1035937376988 9.73343748386523 8.13062502311712 6.64375003242439 5.44749995994193 5.3903125147674 6.50906252669746 5.69156254718759 6.08437503720735 6.87703123875969 8.60375004561055 9.71890613596225 12.6929687885714 14.3490622649953 15.3759376419389 16.451718792457 -9999 -9999 -9999 -9999 -9999 -9999 -9999 -9999 -9999 -9999 -9999 -9999 -9999 20.2799997329712 19.7212501764297 18.4668750762939 17.7800001408088 17.1485938336851 16.9962497953664 17.630156546922 18.4049997722387 -9999 -9999
-9999 -9999 -9999 -9999 -9999 -9999 -9999 -9999 -9999 -9999 -9999 -9999 -9999 -9999 -9999 -9999 -9999 -9999 -9999 -9999 -9999 -9999 15.1337501410646 14.6720312878379 10.0507812836807 8.8967185854056 8.94484375419667 7.44953129320754 6.38781255231958 6.458125029962 8.21593747290524 7.88500001973533 7.33281254770904 6.27765617501974 6.60609375074613 6.96093755434715 7.56734368535401 11.3435936843093 14.9698436425074 16.3292188649955 -9999 -9999 -9999 -9999 -9999 -9999 -9999 -9999 -9999 -9999 -9999 -9999 20.1184378267641 19.7964065381589 18.614062817201 17.6325002023097 17.1593749823174 16.8767186101479 17.2140625111548 18.2015622250447 19.1456249346328 -9999 -9999
-9999 -9999 -9999 -9999 -9999 -9999 -9999 -9999 -9999 -9999 -9999 -9999 -9999 -9999 -9999 -9999 -9999 -9999 -9999 -9999 -9999 -9999 15.2556252474743 14.07562496937 10.0474998614306 9.1929687017904 8.04109370148476 7.9590625168274 7.8756250882352 7.60140627637094 7.76640619428294 7.42562503515873 6.78765624872154 5.43156246289036 4.79156255592062 5.31093751762637 5.14437505403415 6.55390631535719 12.3321875968753 15.6631249793709 17.8060933639591 -9999 -9999 -9999 -9999 -9999 -9999 -9999 -9999 -9999 -9999 -9999 19.7499999405198 18.9817188986471 17.5856252023039 17.1229689123376 17.2985936994449 17.4082814745791 17.9218752079122 18.6459375618391 -9999 -9999 -9999
