2050_A1B_CS/TSD.asc
NCOLS 720 
NROWS 360 
XLLCORNER -180 
YLLCORNER -90 
CELLSIZE 0.5 
NODATA_value -9999 
[rows 196 to 223 of 360, columns 252 to 314 of 720]
0.655470208655239 0.61465792439812 0.570704953802481 0.542172103778222 0.519603945510176 0.504612136760984 0.508555484351122 0.520036884783183 0.550198192053679 0.559701556884046 0.559235921430483 0.566484452976909 0.585939175528532 0.617336888301617 0.67387314100336 0.754505211326789 0.831820436967613 0.90574905328441 0.956399491655641 0.965489344409211 0.946311260923726 0.976393162173413 1.06149334522194 1.19888387537312 1.29638078020541 1.3627000773344 1.44543974778869 1.55814397562612 1.57846761712551 1.62092321260526 1.79837565711132 1.86941017364533 1.86861302159512 1.71676780765054 1.64714555359392 1.54310948979816 1.2872170504468 1.10972744366148 0.988021148834231 -9999 -9999 -9999 -9999 -9999 -9999 -9999 -9999 -9999 -9999 -9999 -9999 -9999 -9999 -9999 -9999 -9999 -9999 -9999 -9999 -9999 -9999 -9999 -9999
0.660784469142886 0.613186276068586 0.578754420866126 0.54702767533543 0.532020230873519 0.519913721519303 0.509986959469272 0.520920325943826 0.534996390925247 0.54848167622388 0.56921610719197 0.580464383677472 0.609797463752853 0.649692168057816 0.710777860837454 0.778457736988345 0.844537950739014 0.908039812597797 0.950433735935979 0.944793631095716 0.898472233594209 0.958991325156871 1.11329839088842 1.21299037949574 1.28497671628957 1.39914671482554 1.56103410489978 1.70897568118339 1.69044999614941 1.68363411458212 1.90227205294439 2.01016967997974 2.01091407564691 1.87044909167194 1.7151407966665 1.51453441763229 1.24263986444424 0.992379920692478 -9999 -9999 -9999 -9999 -9999 -9999 -9999 -9999 -9999 -9999 -9999 -9999 -9999 -9999 -9999 -9999 -9999 -9999 -9999 -9999 -9999 -9999 -9999 -9999 -9999
0.670162327632241 0.618883605872509 0.586436042174236 0.566434514296035 0.5500723001974 0.540009213332785 0.533017640442717 0.528758787186666 0.53350339497285 0.547705469273279 0.588073300775696 0.613910018528653 0.653255117290829 0.697390103198857 0.751445604514451 0.808996053326596 0.863963681292938 0.919102308912753 0.958424366537177 0.945419896525962 0.886105223662946 0.948002100173602 1.08837136456069 1.12917731750923 1.21087863236709 1.3841923257817 1.60519690356697 1.79929060416729 1.92364294386559 2.01748485850343 2.03927502544338 2.0001601312287 2.07398947468771 1.95503475328289 1.74227943128946 1.48762948406386 1.19325905841163 0.965370033280683 -9999 -9999 -9999 -9999 -9999 -9999 -9999 -9999 -9999 -9999 -9999 -9999 -9999 -9999 -9999 -9999 -9999 -9999 -9999 -9999 -9999 -9999 -9999 -9999 -9999
0.668502123687276 0.631408695836761 0.601401680806602 0.587822782642465 0.576270551148563 0.571934878246541 0.566567491923217 0.5591298803281 0.561705960102867 0.583611073372567 0.626920372344031 0.670686466445419 0.719824485141061 0.758072008906889 0.801294552078251 0.854086030277776 0.912012212483311 0.96629268264836 0.993214672992976 0.977492066896424 0.925881383772936 0.953433605186317 1.06494293357463 1.09796788938304 1.19119717122612 1.42411768566758 1.66118913026083 1.8846042353016 2.01848223467265 2.05762654501995 2.02072103856787 1.93841536039198 2.00317523634651 1.9517046899219 1.73982623537901 1.43271091366993 1.16146294703002 -9999 -9999 -9999 -9999 -9999 -9999 -9999 -9999 -9999 -9999 -9999 -9999 -9999 -9999 -9999 -9999 -9999 -9999 -9999 -9999 -9999 -9999 -9999 -9999 -9999 -9999
0.671522842530987 0.640032456845344 0.627190213077557 0.617334871979293 0.621100487194053 0.622531238814914 0.619107049089982 0.615533025119031 0.61702757625955 0.648160619230531 0.689845915410622 0.766575391020011 0.809950588484154 0.829079035670731 0.858773164736314 0.89817952079684 0.981843030260905 1.07838746995215 1.13381545061238 1.13669229756298 1.03558351850847 0.967296740726658 1.10627434470251 1.21430929206236 1.32594877502304 1.53074745307795 1.72373181897552 1.84862707086411 1.97028597299537 1.97846664909333 2.0162904319389 1.95138103632597 1.88284984162388 1.81347959176614 1.71626893176019 1.3720911477632 -9999 -9999 -9999 -9999 -9999 -9999 -9999 -9999 -9999 -9999 -9999 -9999 -9999 -9999 -9999 -9999 -9999 -9999 -9999 -9999 -9999 -9999 -9999 -9999 -9999 -9999 -9999
0.689769465927623 0.676472334069606 0.665049670526383 0.677932077635054 0.688580042153548 0.699361874896242 0.698668589983032 0.679077640509316 0.679279743322277 0.718017097843798 0.808986932304544 0.912110327362024 0.886992181014383 0.875223867778201 0.882810975954841 0.91276066374485 1.03029006907389 1.20534371657281 1.29619679693625 1.3133212548328 1.10492050250382 0.869226035036305 1.13612429526096 1.32375524002174 1.42131206572303 1.59155034097879 1.75065414200645 1.8331030138011 1.97831759240067 2.02441031642567 1.95403610154242 1.8293811591848 1.70143978597757 1.41504515662642 1.39661301429315 -9999 -9999 -9999 -9999 -9999 -9999 -9999 -9999 -9999 -9999 -9999 -9999 -9999 -9999 -9999 -9999 -9999 -9999 -9999 -9999 -9999 -9999 -9999 -9999 -9999 -9999 -9999 -9999
0.734151532864864 0.729401754272885 0.738250271939674 0.749149384102716 0.772221433865482 0.796114377109695 0.790258187792197 0.746945611412819 0.740407568599658 0.771306906999217 0.848948787650718 0.908769318641291 0.909700031450401 0.890868612187946 0.877844482079072 0.890704967673337 0.997791316469532 1.21079951024451 1.32611208538629 1.33003560687883 1.16370176570483 0.890832934520199 1.11824752431398 1.30130190777447 1.35935617891066 1.55841553251304 1.72248419696272 1.81285962292746 1.9219782622477 1.91079541793602 1.80849866434294 1.71604847396157 1.69151540882678 1.30506511473833 -9999 -9999 -9999 -9999 -9999 -9999 -9999 -9999 -9999 -9999 -9999 -9999 -9999 -9999 -9999 -9999 -9999 -9999 -9999 -9999 -9999 -9999 -9999 -9999 -9999 -9999 -9999 -9999 -9999
0.787423986595066 0.799694348649042 0.813793688486517 0.822416569860786 0.83691649880643 0.860592038337082 0.844651520838832 0.803413671703586 0.786732846280392 0.806756397225422 0.836647524292474 0.886132641550154 0.90764582726164 0.895512509914589 0.872418018916848 0.85676892055428 0.919928282388534 1.08066102175299 1.22560113867344 1.29098364230804 1.25166925261584 1.1612031132032 1.19004634190866 1.27976422034693 1.39570397878094 1.6018629842024 1.77043224144432 1.81508389667387 1.81734157674925 1.76457052713254 1.6852669446448 1.64610042447734 1.57210653240308 1.52044204392259 -9999 -9999 -9999 -9999 -9999 -9999 -9999 -9999 -9999 -9999 -9999 -9999 -9999 -9999 -9999 -9999 -9999 -9999 -9999 -9999 -9999 -9999 -9999 -9999 -9999 -9999 -9999 -9999 -9999
0.848811210968951 0.870935571552583 0.888567142508646 0.893572135021288 0.889751915574989 0.882130916403705 0.859618359628064 0.822146282013765 0.812760269996749 0.831605451786426 0.843563260689354 0.886544179470689 0.931321751748899 0.919819934560767 0.889670364918122 0.868704386649557 0.90390613094843 1.0108706424666 1.13049594858025 1.18577702610428 1.19112549187363 1.15595571738328 1.16479142787521 1.23670855280258 1.37240793630855 1.54964425251027 1.67965869553473 1.72657849757443 1.73736359106382 1.75513410758643 1.69627167341045 1.57471615146264 1.4638770145777 -9999 -9999 -9999 -9999 -9999 -9999 -9999 -9999 -9999 -9999 -9999 -9999 -9999 -9999 -9999 -9999 -9999 -9999 -9999 -9999 -9999 -9999 -9999 -9999 -9999 -9999 -9999 -9999 -9999 -9999
0.910073155867531 0.94064076263176 0.954179430636978 0.94893411407464 0.928926642425853 0.90115047637172 0.866275767014431 0.829573366114042 0.818108612702889 0.831749780916856 0.853136898717635 0.89251088784238 0.942986094058544 0.93077402846822 0.908686258829339 0.906362363371965 0.936954053776275 1.01905602545565 1.10626081700853 1.13563590931674 1.13306989276631 1.0998010640432 1.13223223619606 1.19665380221164 1.30934500160247 1.42501243706774 1.55942826552932 1.6314295527762 1.63829413802958 1.63337697618919 1.49041720349849 1.33553117720668 -9999 -9999 -9999 -9999 -9999 -9999 -9999 -9999 -9999 -9999 -9999 -9999 -9999 -9999 -9999 -9999 -9999 -9999 -9999 -9999 -9999 -9999 -9999 -9999 -9999 -9999 -9999 -9999 -9999 -9999 -9999
0.995982701340772 1.02684219052477 1.03443621817256 1.00834994332271 0.961836837183342 0.9134242104432 0.867780662603341 0.828659738711452 0.815078905003936 0.825856824663879 0.847673020532122 0.882840761098412 0.900272002463937 0.91145857637236 0.914044945829847 0.928283096472472 0.975869884351149 1.07584619435212 1.16682973877851 1.14222773145379 1.09597269963446 1.06984751156501 1.14279160828682 1.21812668364092 1.30466518651233 1.39361682595014 1.50708303689106 1.52679736019724 1.49918512298737 1.46521960886651 1.35599514172744 -9999 -9999 -9999 -9999 -9999 -9999 -9999 -9999 -9999 -9999 -9999 -9999 -9999 -9999 -9999 -9999 -9999 -9999 -9999 -9999 -9999 -9999 -9999 -9999 -9999 -9999 -9999 -9999 -9999 -9999 -9999 -9999
1.10888513106667 1.13543886002 1.12875785315564 1.07735056617742 1.00781452943578 0.93232838834384 0.87268283050114 0.835513363636347 0.823643078672255 0.825640235359372 0.843389053995841 0.863000946636692 0.88156212467046 0.887342427620803 0.910065964333333 0.952239997662004 1.02324896399086 1.12874768984864 1.22392306556255 1.19852381808397 1.18335228631366 1.19239020759098 1.23547267340376 1.29570401640173 1.36456121674699 1.41781908771012 1.4922429480914 1.50695902120215 1.41868672881491 1.3205739768603 -9999 -9999 -9999 -9999 -9999 -9999 -9999 -9999 -9999 -9999 -9999 -9999 -9999 -9999 -9999 -9999 -9999 -9999 -9999 -9999 -9999 -9999 -9999 -9999 -9999 -9999 -9999 -9999 -9999 -9999 -9999 -9999 -9999
1.24099128698894 1.27092738419149 1.24199117833055 1.15403650313979 1.04431836398165 0.947594526024887 0.883207343614848 0.848737055688399 0.834531785116622 0.835081096674219 0.845658964818578 0.865833812050985 0.887678377080959 0.901997373776617 0.932711683695436 0.987301492602768 1.0734616615994 1.17743838052585 1.26630427598684 1.28930188989028 1.28610839986882 1.28396018145453 1.2998165507778 1.36185834386656 1.43589855663629 1.48034330474296 1.51585652886129 1.49367922078914 1.3562867394261 1.19634065356067 1.15504434045646 -9999 -9999 -9999 -9999 -9999 -9999 -9999 -9999 -9999 -9999 -9999 -9999 -9999 -9999 -9999 -9999 -9999 -9999 -9999 -9999 -9999 -9999 -9999 -9999 -9999 -9999 -9999 -9999 -9999 -9999 -9999 -9999
1.38896533280007 1.4223403027765 1.36800641070629 1.22835392506741 1.0761412563418 0.963700077789259 0.903020212933474 0.88402373825807 0.877322129499404 0.863620183611833 0.861454730471959 0.886093552660824 0.930225537906113 0.959214750349084 0.996978345121941 1.05972607355603 1.14989908364018 1.24436648035722 1.30758361180103 1.32272526242755 1.33331078139959 1.26017157483313 1.26152648716925 1.42803600812054 1.54047878048559 1.52649445103585 1.52306935218582 1.48413364884058 1.32339834808097 1.10710243734429 -9999 -9999 -9999 -9999 -9999 -9999 -9999 -9999 -9999 -9999 -9999 -9999 -9999 -9999 -9999 -9999 -9999 -9999 -9999 -9999 -9999 -9999 -9999 -9999 -9999 -9999 -9999 -9999 -9999 -9999 -9999 -9999 -9999
1.55488131981963 1.59039942234425 1.49729647775922 1.2765828440508 1.08896473425887 0.974841644864956 0.935844903463602 0.958299147932689 0.960432741904499 0.919893269042796 0.879868020146469 0.905932391279522 0.996052409710197 1.06653579390608 1.10945492515176 1.1704814250239 1.26265096674564 1.36617422846906 1.39387441712123 1.35816903680959 1.34780581900413 1.26692448922932 1.29426676137445 1.48184646592684 1.54653365017117 1.51954705383023 1.52418080004825 1.5396952768599 1.39751957559923 1.21207027002158 -9999 -9999 -9999 -9999 -9999 -9999 -9999 -9999 -9999 -9999 -9999 -9999 -9999 -9999 -9999 -9999 -9999 -9999 -9999 -9999 -9999 -9999 -9999 -9999 -9999 -9999 -9999 -9999 -9999 -9999 -9999 -9999 -9999
1.62891197494359 1.66893590406161 1.5755646249013 1.26667544752453 1.07518099960296 0.988730033139779 1.00245574560375 1.07049064537892 1.07558096549749 0.993773395423034 0.901270580998097 0.951948575069279 1.07730634254465 1.17270543046572 1.22098493018236 1.28296890268936 1.39017345694866 1.53948170932618 1.60897445214827 1.43774165816891 1.40235978188727 1.43847818048974 1.53567656202682 1.62297467216373 1.60462953074692 1.5558762790313 1.61417417737563 1.69590956266057 1.53587124604901 1.32079193267549 1.28645857536198 -9999 -9999 -9999 -9999 -9999 -9999 -9999 -9999 -9999 -9999 -9999 -9999 -9999 -9999 -9999 -9999 -9999 -9999 -9999 -9999 -9999 -9999 -9999 -9999 -9999 -9999 -9999 -9999 -9999 -9999 -9999 -9999
1.57897001449342 1.55510369061834 1.45189642188777 1.21789559891748 1.06876320707676 1.02294102727476 1.07206692155996 1.17618351388184 1.22310586757252 1.16971966160186 1.0395131717105 1.1236271772009 1.22101282022169 1.25818527057066 1.30827008133239 1.34887667045368 1.45347295906707 1.6080316340635 1.63959331851325 1.49337074333747 1.47312723597293 1.55188392097152 1.64934459029113 1.69339301361009 1.70585462778962 1.66682416945353 1.73526050822742 1.75629517228319 1.58741508392879 1.36048106144265 1.28238027998719 -9999 -9999 -9999 -9999 -9999 -9999 -9999 -9999 -9999 -9999 -9999 -9999 -9999 -9999 -9999 -9999 -9999 -9999 -9999 -9999 -9999 -9999 -9999 -9999 -9999 -9999 -9999 -9999 -9999 -9999 -9999 -9999
1.47828603838327 1.43334837564897 1.33965979536236 1.17795900866401 1.06172675747313 1.05404601794748 1.13130070881907 1.25552801882089 1.38058054475202 1.43538382692945 1.2693203890776 1.23732598511888 1.27191996168204 1.32390690560086 1.37674022237473 1.3709862151472 1.43961835656996 1.59645294482929 1.64036975336021 1.51188335193401 1.47566364863462 1.53857292077377 1.63519009923966 1.66900840721474 1.65496325848209 1.67843426382271 1.68293155825556 1.63477087601876 1.5615563046324 1.40877142805938 -9999 -9999 -9999 -9999 -9999 -9999 -9999 -9999 -9999 -9999 -9999 -9999 -9999 -9999 -9999 -9999 -9999 -9999 -9999 -9999 -9999 -9999 -9999 -9999 -9999 -9999 -9999 -9999 -9999 -9999 -9999 -9999 -9999
1.41995934602396 1.35135177734709 1.26012233985421 1.13478432699483 1.04072012197693 1.05634363267675 1.1610196216678 1.28791418317656 1.3945964989963 1.43686586590196 1.37207680687489 1.31178223129624 1.30571167991641 1.36236707734217 1.38872576277357 1.33558434173967 1.39946712024649 1.57601714611853 1.71432768295488 1.59131788298616 1.53656895245072 1.55075429172873 1.59447262813904 1.59906525531249 1.5713737002657 1.57816003964169 1.60032545785608 1.54855779753479 1.48702702467501 1.40607697895269 -9999 -9999 -9999 -9999 -9999 -9999 -9999 -9999 -9999 -9999 -9999 -9999 -9999 -9999 -9999 -9999 -9999 -9999 -9999 -9999 -9999 -9999 -9999 -9999 -9999 -9999 -9999 -9999 -9999 -9999 -9999 -9999 -9999
1.41456431869757 1.30558638350609 1.21067065297029 1.1089217293498 1.01821093833115 1.02293880534071 1.15707349852032 1.27255791011629 1.35757332098995 1.39212304764706 1.38774081977143 1.3334781213984 1.31079433968268 1.30121942474043 1.26512293145928 1.20181357835633 1.29666364233144 1.52014027812832 1.66124343960448 1.61557029102941 1.57653851136154 1.60947616455807 1.60573771707615 1.59205894856953 1.53584215657902 1.49808368295894 1.49432378804595 1.47607467117075 1.45039510110169 1.41834146704707 -9999 -9999 -9999 -9999 -9999 -9999 -9999 -9999 -9999 -9999 -9999 -9999 -9999 -9999 -9999 -9999 -9999 -9999 -9999 -9999 -9999 -9999 -9999 -9999 -9999 -9999 -9999 -9999 -9999 -9999 -9999 -9999 -9999
1.41028624543974 1.29233470327048 1.20222715054077 1.12314726656937 1.03344595393001 1.02610023272367 1.13457633878109 1.24298110702216 1.33121068271428 1.38947557539105 1.46988158554249 1.44843231380057 1.34136739527062 1.27633222521378 1.20042653492365 1.16160857953638 1.28330338678188 1.48705194757493 1.61248321963493 1.7122558630603 1.57927457399582 1.6710957797781 1.75513034744111 1.64204282985332 1.51596950149541 1.44103047008071 1.42145808765217 1.44393863992724 1.47553454827313 -9999 -9999 -9999 -9999 -9999 -9999 -9999 -9999 -9999 -9999 -9999 -9999 -9999 -9999 -9999 -9999 -9999 -9999 -9999 -9999 -9999 -9999 -9999 -9999 -9999 -9999 -9999 -9999 -9999 -9999 -9999 -9999 -9999 -9999
1.36891243870834 1.2890193005983 1.22084757110698 1.1805925697843 1.14968363474775 1.17327057618692 1.20827417555013 1.23699228662401 1.29423795309814 1.41457008089345 1.56047545701872 1.5410134009995 1.46580642310215 1.36913274541452 1.27062591741105 1.30702295171976 1.38531454272839 1.51000844066722 1.61591747634724 1.71846763144826 1.65627728997137 1.7944012560191 1.83358915616118 1.63479959265441 1.49943900669528 1.44819099411737 1.40340686971536 1.44233809247938 1.51794854310261 -9999 -9999 -9999 -9999 -9999 -9999 -9999 -9999 -9999 -9999 -9999 -9999 -9999 -9999 -9999 -9999 -9999 -9999 -9999 -9999 -9999 -9999 -9999 -9999 -9999 -9999 -9999 -9999 -9999 -9999 -9999 -9999 -9999 -9999
1.31023474111505 1.28395753585977 1.27752010953243 1.28607971710632 1.31373742162157 1.39162132432615 1.38092629291272 1.33661115880518 1.35043581701294 1.46545917031098 1.56142947792519 1.51574580000819 1.47779650105403 1.46155206416232 1.39285358776918 1.44448891044241 1.54605569128858 1.53555346901116 1.51784212739572 1.53352696461867 1.6143403821181 1.78215229726623 1.77834009724644 1.6590814350732 1.59613660439983 1.52012510360965 1.44819405846179 1.51576044044213 1.59920605560889 -9999 -9999 -9999 -9999 -9999 -9999 -9999 -9999 -9999 -9999 -9999 -9999 -9999 -9999 -9999 -9999 -9999 -9999 -9999 -9999 -9999 -9999 -9999 -9999 -9999 -9999 -9999 -9999 -9999 -9999 -9999 -9999 -9999 -9999
1.26484318312845 1.30176223021369 1.34454667596335 1.38873360141326 1.43723862831795 1.54751180405274 1.58293602748506 1.54316117706501 1.5237793813703 1.54664988846487 1.54902427237687 1.49310944427479 1.43881004775942 1.38329351795437 1.41907115212535 1.6543969971006 1.7954553745047 1.66516767198665 1.6001581512702 1.55216349309847 1.59916559202816 1.79009157186435 1.80500912308336 1.77035911940747 1.70456421237041 1.60292063116798 1.54214749221071 1.60874389577453 -9999 -9999 -9999 -9999 -9999 -9999 -9999 -9999 -9999 -9999 -9999 -9999 -9999 -9999 -9999 -9999 -9999 -9999 -9999 -9999 -9999 -9999 -9999 -9999 -9999 -9999 -9999 -9999 -9999 -9999 -9999 -9999 -9999 -9999 -9999
1.26214700304341 1.3337067655547 1.41056687589896 1.49858944337568 1.57230478259926 1.69265878313792 1.83561544150459 1.74804318475717 1.65056568623794 1.61835816029793 1.58833084393489 1.50515641276963 1.40126457847153 1.3426000576704 1.53604623376933 1.81802635381879 1.88927791897655 1.71025210709216 1.66222079793016 1.67723519008131 1.68220275163225 1.84144267425474 1.88465364394901 1.77843670398386 1.7292940588089 1.64673192202693 1.57872269823979 1.57464455271157 -9999 -9999 -9999 -9999 -9999 -9999 -9999 -9999 -9999 -9999 -9999 -9999 -9999 -9999 -9999 -9999 -9999 -9999 -9999 -9999 -9999 -9999 -9999 -9999 -9999 -9999 -9999 -9999 -9999 -9999 -9999 -9999 -9999 -9999 -9999
1.30203046929687 1.39211632178623 1.50860806545274 1.63065222185118 1.74992488787938 1.8901631689833 1.97834853435307 1.88986002343574 1.73249687384771 1.6283829300224 1.5683556377432 1.51532528695625 1.37338424772138 1.32407422111127 1.59919251515706 1.78428551196482 1.81963582510298 1.69930418015017 1.61456627705495 1.68780886674201 1.74344298283515 1.90279929190959 1.92610206330394 1.83440294339723 1.76154088056133 1.70752095685801 1.62002696546059 1.59937248332113 -9999 -9999 -9999 -9999 -9999 -9999 -9999 -9999 -9999 -9999 -9999 -9999 -9999 -9999 -9999 -9999 -9999 -9999 -9999 -9999 -9999 -9999 -9999 -9999 -9999 -9999 -9999 -9999 -9999 -9999 -9999 -9999 -9999 -9999 -9999
1.38909420414955 1.48595715439015 1.61876216234915 1.79448479533639 1.9582675525171 2.04248829662451 2.07382906623591 2.03883546368709 1.90330950013282 1.75898935756096 1.62220812134644 1.61682077691616 1.62829801349474 1.60312077128957 1.6885584672728 1.80473623963754 1.88891832219049 1.79898952361567 1.662133263195 1.74219682832609 1.69368930779751 1.93016738785672 2.03314173375893 2.03493915026243 1.87788258624061 1.69980500158905 1.62893563280444 -9999 -9999 -9999 -9999 -9999 -9999 -9999 -9999 -9999 -9999 -9999 -9999 -9999 -9999 -9999 -9999 -9999 -9999 -9999 -9999 -9999 -9999 -9999 -9999 -9999 -9999 -9999 -9999 -9999 -9999 -9999 -9999 -9999 -9999 -9999 -9999
1.48461989882538 1.58045409368543 1.74342966472931 1.94936960084399 2.09335081005835 2.15549528975029 2.15555221583354 2.16209520935652 2.08707431436313 2.00207107852001 1.86367196352428 1.78814471389178 1.74818858948664 1.84673538879513 1.88098609182005 1.86239172612187 1.91133609589936 1.93852007483446 1.84893054780601 1.78020480958482 1.78152793455046 1.98881830380483 2.06197287085102 2.06610574655791 1.99083459535413 1.81134435044402 -9999 -9999 -9999 -9999 -9999 -9999 -9999 -9999 -9999 -9999 -9999 -9999 -9999 -9999 -9999 -9999 -9999 -9999 -9999 -9999 -9999 -9999 -9999 -9999 -9999 -9999 -9999 -9999 -9999 -9999 -9999 -9999 -9999 -9999 -9999 -9999 -9999
