2050_A1B_CS/TSD.asc
NCOLS 720 
NROWS 360 
XLLCORNER -180 
YLLCORNER -90 
CELLSIZE 0.5 
NODATA_value -9999 
[rows 224 to 251 of 360, columns 189 to 251 of 720]
-9999 -9999 -9999 -9999 -9999 -9999 -9999 -9999 -9999 -9999 -9999 -9999 -9999 -9999 -9999 -9999 -9999 -9999 -9999 -9999 -9999 -9999 -9999 -9999 -9999 -9999 -9999 -9999 -9999 -9999 2.18903358186749 2.30663376357517 2.47507993811348 2.58865525332237 2.74219670454404 2.85500334972187 3.06750208421336 3.29779172246102 3.60962028022345 3.90550549714119 3.73197114766861 3.37169999991922 3.41189730439398 3.4988188264265 3.72234193124595 3.75236038795145 3.68949155306192 3.62503600194493 3.51408145189989 3.37633096473735 3.24297240888332 3.0794303751086 2.89753987626503 2.73241286826423 2.58269021727778 2.46730642240891 2.32547903907999 2.14732114209114 1.96201081617952 1.82780473699498 1.84850289396134 1.67272443969074 1.50343879066016
-9999 -9999 -9999 -9999 -9999 -9999 -9999 -9999 -9999 -9999 -9999 -9999 -9999 -9999 -9999 -9999 -9999 -9999 -9999 -9999 -9999 -9999 -9999 -9999 -9999 -9999 -9999 -9999 -9999 -9999 2.14417073069303 2.25955334208404 2.42416529388787 2.54412725973218 2.71148663785538 2.80351990777445 2.99861129221269 3.23271100315554 3.53892422142073 3.80374233132529 3.71074242669396 3.52746380649922 3.71976029446413 3.81924752275534 3.91625569193826 3.86241164314702 3.78814418551705 3.71671250352539 3.62312937328392 3.48130893767558 3.33696311830124 3.16522825397519 2.99505823744845 2.84723186432939 2.71302381311151 2.60959564020911 2.4856779341828 2.29103324381556 2.06112130413179 1.955646783315 1.90968828963479 1.76295418072546 1.64197890622088
-9999 -9999 -9999 -9999 -9999 -9999 -9999 -9999 -9999 -9999 -9999 -9999 -9999 -9999 -9999 -9999 -9999 -9999 -9999 -9999 -9999 -9999 -9999 -9999 -9999 -9999 -9999 -9999 -9999 2.07928063072007 2.08607740093318 2.2135799803122 2.3454259217412 2.46762596112277 2.66285694587197 2.75910563560171 2.9553776041344 3.22123643053555 3.47704786814862 3.6330699455184 3.63772433390135 3.60086921589289 3.76028134604695 3.8799884474062 3.96849282942826 3.9277429350401 3.83752860455245 3.75021809556235 3.67861983123458 3.58455984166393 3.43549773512929 3.2373784191372 3.07191125796134 2.9619262209567 2.82766732773526 2.74163118464051 2.63615996990977 2.39030616944537 2.22530942028029 2.1352033335436 2.04636881540988 1.97174183561421 1.93693022512973
-9999 -9999 -9999 -9999 -9999 -9999 -9999 -9999 -9999 -9999 -9999 -9999 -9999 -9999 -9999 -9999 -9999 -9999 -9999 -9999 -9999 -9999 -9999 -9999 -9999 -9999 -9999 -9999 -9999 2.04766944370382 2.05179476299627 2.2082118352284 2.27105565379994 2.39678903195716 2.58603691506806 2.67774158648826 2.87799758530676 3.12601668089207 3.3629578832098 3.48745621297813 3.48506783561241 3.65545490585346 3.80824585888518 3.93334042671668 4.01372882163787 3.98713357538637 3.87469046816099 3.77259265341343 3.72750072762733 3.66097410095974 3.52792866989062 3.33524235155769 3.17094935711302 3.05781157699983 2.93118875986641 2.84473383846717 2.69853590400972 2.51344936958734 2.43063088931757 2.37676908874816 2.29869958880654 2.25113539322216 2.22097314439095
-9999 -9999 -9999 -9999 -9999 -9999 -9999 -9999 -9999 -9999 -9999 -9999 -9999 -9999 -9999 -9999 -9999 -9999 -9999 -9999 -9999 -9999 -9999 -9999 -9999 -9999 -9999 -9999 -9999 1.84951637801499 1.85862221050716 2.10521491654854 2.16068598714104 2.26800446289105 2.42708376742579 2.59897041439527 2.8212241711845 2.99880943534532 3.20905519738015 3.36572369878602 3.45182478348105 3.77601907034177 3.83459049814332 4.02948114822834 4.1030554204379 4.0843285099609 3.97170920772803 3.87523498587071 3.81624450512438 3.73320155781127 3.62228361359137 3.47821448221992 3.32870593860089 3.1803815755317 3.04625394353995 2.9607101679425 2.87480615431681 2.73521099809653 2.66669685926607 2.62944457828463 2.60298979011963 2.5790550869353 2.48322773538422
-9999 -9999 -9999 -9999 -9999 -9999 -9999 -9999 -9999 -9999 -9999 -9999 -9999 -9999 -9999 -9999 -9999 -9999 -9999 -9999 -9999 -9999 -9999 -9999 -9999 -9999 -9999 -9999 -9999 1.81333701527358 1.70029714679791 1.88754648570376 2.00946657244612 2.15245840427292 2.32695407606806 2.57084781962596 2.7640546688412 2.94303208502656 3.16079601028892 3.39754207225264 3.68725661471135 3.83427492122686 4.04404829156123 4.17413588095887 4.18758519364123 4.15667941871941 4.08420934843253 4.0085796812284 3.91938130641316 3.82689176241618 3.72871705912518 3.61523735775123 3.50618325427745 3.34909271783345 3.14719581905305 3.07467374885895 3.00165694262008 2.9170103074881 2.84559264520439 2.80443059093853 2.81270829837846 2.90787747138711 2.77799590796131
-9999 -9999 -9999 -9999 -9999 -9999 -9999 -9999 -9999 -9999 -9999 -9999 -9999 -9999 -9999 -9999 -9999 -9999 -9999 -9999 -9999 -9999 -9999 -9999 -9999 -9999 -9999 -9999 -9999 2.05093750149764 1.83446285372365 1.79723798471462 1.88383125277987 2.06354788199979 2.26353727750941 2.47371801432314 2.70655822409412 2.91789957109358 3.26884170758852 3.47307329425522 3.74491949316424 3.99338416121553 4.24984094313682 4.30897743342855 4.27792027329675 4.23172777768394 4.171720443673 4.09806350383377 3.9982535255112 3.90014418223357 3.81696156815304 3.73906906794663 3.64794630836384 3.49158972830612 3.2557617092351 3.20077019715203 3.06793777891193 3.01149739227826 2.98442220162588 2.95004447277805 2.99197262930232 3.00755539358726 2.95036878389253
-9999 -9999 -9999 -9999 -9999 -9999 -9999 -9999 -9999 -9999 -9999 -9999 -9999 -9999 -9999 -9999 -9999 -9999 -9999 -9999 -9999 -9999 -9999 -9999 -9999 -9999 -9999 -9999 -9999 2.19082767444674 2.03375816289732 1.86554825449401 1.81524988432973 2.0184388150566 2.23083879901765 2.47801337223503 2.64179223225137 2.8961175140147 3.36368407271843 3.57020316445327 3.68091321130049 3.99456208074092 4.25571138867117 4.36677775506445 4.34543432930301 4.29212737208559 4.22835692786462 4.15952238220722 4.05620327243066 3.95860310308502 3.89151544945886 3.82415036352175 3.74533322934789 3.61563694412095 3.42597823936521 3.3251090857174 3.18704377606569 3.12011947889041 3.13338444089938 3.12992639648585 3.18989676997247 3.19488115003548 3.13338000110439
-9999 -9999 -9999 -9999 -9999 -9999 -9999 -9999 -9999 -9999 -9999 -9999 -9999 -9999 -9999 -9999 -9999 -9999 -9999 -9999 -9999 -9999 -9999 -9999 -9999 -9999 -9999 -9999 -9999 2.27116509216403 2.20515262121099 2.00560067346096 1.78215222252065 2.021871260755 2.24161723076157 2.52649827716953 2.75503198940307 2.95506686624422 3.29317484175289 3.6475240030162 3.66645472652717 3.94479624111844 4.35120844908664 4.45361109457147 4.43000591608492 4.37319926085753 4.30130868881957 4.22506785540392 4.12555713130239 4.03176674403548 3.96408737869566 3.89976899770207 3.84104588669917 3.76117534505222 3.57492302116726 3.44349484117845 3.34396654551872 3.34167575041586 3.38536817537387 3.33635147355102 3.29592403440654 3.37134910586041 3.23490890976027
-9999 -9999 -9999 -9999 -9999 -9999 -9999 -9999 -9999 -9999 -9999 -9999 -9999 -9999 -9999 -9999 -9999 -9999 -9999 -9999 -9999 -9999 -9999 -9999 -9999 -9999 -9999 -9999 -9999 2.25837980450564 2.18773668798493 1.92475975679727 1.85022249657782 2.06875991808435 2.26418670772765 2.58091097375666 2.85797832462602 3.34050406774503 3.80166150688586 3.74474517648023 4.08671060632802 4.38320789513856 4.5902054760159 4.60300463881788 4.54973132321057 4.4736449617806 4.40622198200647 4.31314287423748 4.21301053771998 4.11553760278606 4.03458177763807 3.96553199874359 3.90736103366708 3.84514065108155 3.73276462933952 3.60358248222837 3.53700708506791 3.59180311950128 3.63417635202123 3.49980579804469 3.28317523300123 3.28982482564498 3.18531488163193
-9999 -9999 -9999 -9999 -9999 -9999 -9999 -9999 -9999 -9999 -9999 -9999 -9999 -9999 -9999 -9999 -9999 -9999 -9999 -9999 -9999 -9999 -9999 -9999 -9999 -9999 -9999 -9999 -9999 2.40355272818265 2.42030514158681 2.09872758380295 1.99574467385195 2.1626271701183 2.38775698355924 3.26712841662966 3.41993124361142 4.34601038182108 4.11090396446136 4.39172061954274 4.54037415629979 4.70061192891569 4.79472508302756 4.76275423149322 4.70038770861792 4.61859580341605 4.5325383911611 4.42629502885997 4.31335831060838 4.20969964470623 4.10590155864917 4.01738772512334 3.94867136361383 3.91927595456298 3.84428213378421 3.73903471302104 3.73631025086061 3.78037617606421 3.70394558140156 3.50054881001816 3.34180988340812 3.26867805334702 3.2264150060405
-9999 -9999 -9999 -9999 -9999 -9999 -9999 -9999 -9999 -9999 -9999 -9999 -9999 -9999 -9999 -9999 -9999 -9999 -9999 -9999 -9999 -9999 -9999 -9999 -9999 -9999 -9999 -9999 2.5324430469413 2.5965064975315 2.54962874462805 2.17806723165528 2.14173895526058 2.28117480840447 2.6361159764362 3.81349371944761 4.65639118267595 5.20851064760576 5.04513953150473 4.86814415731987 4.70220399999896 4.78656939138756 4.88173982746057 4.88069646168747 4.83546347628873 4.76071160049427 4.65818870005493 4.53918616405043 4.41841877448527 4.29180100920609 4.17706449529017 4.07093463017671 3.99556427302406 3.96632666035055 3.90408409797733 3.80844353121745 3.82313495351315 3.80757375723052 3.67353863170092 3.5343001474115 3.45498626677059 3.3953006268992 3.29623534251656
-9999 -9999 -9999 -9999 -9999 -9999 -9999 -9999 -9999 -9999 -9999 -9999 -9999 -9999 -9999 -9999 -9999 -9999 -9999 -9999 -9999 -9999 -9999 -9999 -9999 -9999 -9999 -9999 2.60915053488227 2.60943651282556 2.44306772408956 2.32161942012726 2.31417880893792 2.53478018682291 3.08800126390451 4.01480774422325 5.23622634581013 5.53009839794098 5.17506820758445 5.11423037204085 4.95994118576539 4.91569064856364 4.95079408048803 4.94527451154692 4.92975298418638 4.89075748285318 4.76282100972406 4.63201008459878 4.48913326910272 4.35715187775825 4.23739047924617 4.13597750760785 4.06053437880521 4.03028322727219 4.01429219117595 3.97365193556683 3.94892945501531 3.90931520391417 3.82263592932449 3.69756151856255 3.59802873241337 3.54679276696348 3.40068156931929
-9999 -9999 -9999 -9999 -9999 -9999 -9999 -9999 -9999 -9999 -9999 -9999 -9999 -9999 -9999 -9999 -9999 -9999 -9999 -9999 -9999 -9999 -9999 -9999 -9999 -9999 -9999 -9999 2.47576394801137 2.56212909956702 2.52970665074646 2.39083029056769 2.56771595743705 2.9719963778817 4.18364055030826 3.9467436574791 4.63403295920047 5.55357080830561 5.47811625476861 5.40127082129829 5.16673192411481 5.04366838943734 4.98238724426736 4.9479913023087 4.93916719442767 4.90586089092197 4.79780961212205 4.67610286131023 4.53658229404457 4.40862090275969 4.29660803120834 4.21276961454414 4.17316691976297 4.16346567868611 4.18968106046877 4.16300566195357 4.1168944436137 4.06154822966928 3.9881439269677 3.86095199013896 3.73018928930789 3.64156640712177 3.49736032406314
-9999 -9999 -9999 -9999 -9999 -9999 -9999 -9999 -9999 -9999 -9999 -9999 -9999 -9999 -9999 -9999 -9999 -9999 -9999 -9999 -9999 -9999 -9999 -9999 -9999 -9999 -9999 -9999 2.44432756433023 2.61315660730092 2.57862568033916 2.60155328761196 2.91304100253226 3.66542256850439 4.82633858844341 4.44748470953221 5.18789631323641 5.57885041865642 5.63551062465399 5.42786724476114 5.21124471567739 5.05342103640886 4.92799170618199 4.81950285367115 4.85436256055178 4.8383643690775 4.77674315319126 4.6833741262079 4.56382498258785 4.44568643313365 4.34062919882073 4.28613287160312 4.30229167508001 4.31641294336454 4.34311010398791 4.32111725461002 4.25797758348247 4.19007721197925 4.11739374704857 4.0049563468408 3.86169687624597 3.70393399916653 3.56743130441415
-9999 -9999 -9999 -9999 -9999 -9999 -9999 -9999 -9999 -9999 -9999 -9999 -9999 -9999 -9999 -9999 -9999 -9999 -9999 -9999 -9999 -9999 -9999 -9999 -9999 -9999 -9999 -9999 2.50214307434219 2.80401659680724 2.81633678418871 2.83006370181301 3.44767341089631 4.16969680114449 5.37364527006495 5.21394746100529 5.46392695958808 5.66683255567064 5.480746900304 5.28624616072412 5.12395508105454 4.95183502678957 4.72174659835546 4.62187013750928 4.74512133629476 4.76203635954475 4.74616039579421 4.68419564187976 4.58349841238829 4.47758040200254 4.38185693903062 4.35518229348928 4.3706530450231 4.40688314572271 4.42334541498979 4.4062483779294 4.35324848445587 4.29092274651689 4.23771603786254 4.14238379939377 3.98865186786584 3.80057756712739 3.63271967250913
-9999 -9999 -9999 -9999 -9999 -9999 -9999 -9999 -9999 -9999 -9999 -9999 -9999 -9999 -9999 -9999 -9999 -9999 -9999 -9999 -9999 -9999 -9999 -9999 -9999 -9999 -9999 2.661537772792 2.73387250997082 3.03482565571941 3.03327050357268 3.10660759267125 4.24146656700074 5.13561803521096 5.8035106122508 5.54200946944226 5.62796183948914 5.51125830103786 5.25858916999731 5.14476166981561 4.98779965415938 4.76110498624877 4.4069119818648 4.49619622837294 4.65178774334399 4.70433715959846 4.7187769148093 4.67459059912735 4.59956553711207 4.52407080405951 4.46109909056764 4.43236959172634 4.44893097546096 4.47845087471156 4.50328391832445 4.49272565573771 4.44781776573171 4.40797586201786 4.36867844966031 4.25805487230136 4.06021836400682 3.82426081763665 3.61444767485183
-9999 -9999 -9999 -9999 -9999 -9999 -9999 -9999 -9999 -9999 -9999 -9999 -9999 -9999 -9999 -9999 -9999 -9999 -9999 -9999 -9999 -9999 -9999 -9999 -9999 -9999 -9999 2.78758885988147 3.04274829106571 3.25157461030299 3.25087133164646 3.57229237418354 4.16783937336672 5.38151035830239 6.0289024891256 5.76880900789194 5.6461226550788 5.42773943959692 5.17826603952546 5.0826034412071 4.83739942667462 4.47411811385213 4.11561745146331 4.38635262046392 4.59388400682094 4.68719734048912 4.72617447808256 4.67651913861758 4.62310996388888 4.5743910110035 4.54424277156573 4.53302192436364 4.53652014668803 4.56642540814012 4.58813297912266 4.59632681700387 4.55478294027933 4.52415678015214 4.49192037850396 4.3666856710206 4.13474233515261 3.83520911911672 3.5733307126456
-9999 -9999 -9999 -9999 -9999 -9999 -9999 -9999 -9999 -9999 -9999 -9999 -9999 -9999 -9999 -9999 -9999 -9999 -9999 -9999 -9999 -9999 -9999 -9999 -9999 -9999 -9999 3.12032876227221 3.18005032367638 3.38148876254476 3.46334540499593 3.86686367682011 4.51613259703168 5.47619689712662 6.01520398741287 5.58569417976355 5.72410742631635 5.50291941409142 5.28199563862082 5.14492793878553 4.78794027106776 4.42781837382687 4.32800134969163 4.45978952872912 4.60888497671732 4.7296720791921 4.80407240876834 4.72709993420307 4.66211397351095 4.61934031591672 4.59462325247821 4.61046043375887 4.65012064909501 4.64889265291121 4.61619548743545 4.62505051734109 4.62534485436322 4.62308237710082 4.57948693607427 4.4719960764465 4.21497070971893 3.89453141186069 3.61564536681019
-9999 -9999 -9999 -9999 -9999 -9999 -9999 -9999 -9999 -9999 -9999 -9999 -9999 -9999 -9999 -9999 -9999 -9999 -9999 -9999 -9999 -9999 -9999 -9999 -9999 -9999 -9999 3.26954299917282 3.45042575198708 3.6618437721279 3.69216542804303 4.10995858575575 4.38396366297003 5.48500495801657 6.13944920487377 5.96073470359078 5.83212384370375 5.62861101024492 5.40614413325983 5.24548831834534 4.9702646112053 4.58656787929585 4.69599073892371 4.65381871420785 4.7117350058853 4.80325120609785 4.85678769430452 4.7879184203138 4.69605156885956 4.63056861960497 4.63719209670334 4.67335702658503 4.75519133398185 4.73786360973713 4.64880257258497 4.61545009742762 4.65540232135229 4.68124113801807 4.67216358074405 4.5734596890333 4.33708291565124 4.06705671276812 3.83500639547942
-9999 -9999 -9999 -9999 -9999 -9999 -9999 -9999 -9999 -9999 -9999 -9999 -9999 -9999 -9999 -9999 -9999 -9999 -9999 -9999 -9999 -9999 -9999 -9999 -9999 -9999 -9999 3.22691865919848 3.49124914295106 3.87834907740447 3.92763935967115 4.16273881733146 4.46108518433949 5.67346679135889 6.14964342254153 6.03848369775315 5.83943871907128 5.65678994263262 5.44477456889529 5.23938225623573 5.07558187722287 4.74472701950072 4.84349691591632 4.825344177054 4.82936787965985 4.88885853507241 4.88813079975233 4.79310889611815 4.68538531151854 4.61699011442271 4.63621475362181 4.66635749578509 4.73273792889464 4.74979380492097 4.71601912213274 4.67465197395662 4.7119585816338 4.74213942249879 4.7221012724607 4.63506174983316 4.47466668320703 4.31191375834087 4.18009001058468
-9999 -9999 -9999 -9999 -9999 -9999 -9999 -9999 -9999 -9999 -9999 -9999 -9999 -9999 -9999 -9999 -9999 -9999 -9999 -9999 -9999 -9999 -9999 -9999 -9999 -9999 -9999 2.93346745184704 3.33876006931616 4.0982753850373 4.18757966933553 4.2828717548654 4.62764433589587 5.75719753315532 6.05589022527578 6.0154878448653 5.88120062706575 5.64082683500521 5.3366265900921 5.156149536467 5.07529779762904 4.86073532644244 4.83035669032746 4.87462686625009 4.90702325709828 4.92803632820246 4.90720211309058 4.8304972381139 4.73142972746371 4.65507072780752 4.62371387397099 4.61826747956007 4.65018914606424 4.70193917072541 4.73599397539917 4.73524002544821 4.74675868870962 4.7737574781983 4.75049735319927 4.66187891729291 4.54358984990252 4.42339382569959 4.2942423874788
-9999 -9999 -9999 -9999 -9999 -9999 -9999 -9999 -9999 -9999 -9999 -9999 -9999 -9999 -9999 -9999 -9999 -9999 -9999 -9999 -9999 -9999 -9999 -9999 -9999 -9999 -9999 2.76764699933202 3.66967709323552 4.3128085456495 4.25937719503962 4.33096266141758 5.04363791489177 5.761583271023 6.00004427113514 6.03692049269201 5.93054809995578 5.70581949949089 5.4498632034673 5.33489106259379 5.15954438308485 5.02168958553806 4.92463386098675 4.97606394767941 5.02414268227831 5.02647826810792 4.98329005713527 4.90709158190005 4.81405349393217 4.74548501356937 4.67022562463174 4.60278647700402 4.58731286900728 4.61530264947891 4.6735424245949 4.74270984090029 4.73842045288499 4.7414504674952 4.71485948204736 4.64785480800826 4.53767443717211 4.42441683948429 4.22955634081694
-9999 -9999 -9999 -9999 -9999 -9999 -9999 -9999 -9999 -9999 -9999 -9999 -9999 -9999 -9999 -9999 -9999 -9999 -9999 -9999 -9999 -9999 -9999 -9999 -9999 -9999 -9999 4.10988424520997 4.35824622714494 4.64862913856851 4.4535734909877 4.47495161895958 5.2311583641924 5.67428120721541 5.95858509986372 6.04020665186373 5.96420825970501 5.81670676504161 5.64183870663975 5.5378682596652 5.34278363030599 5.24926786345408 5.2078842715608 5.20821269915913 5.21351648104781 5.18507926623562 5.10975282380434 5.00749393097088 4.89011316412186 4.80040118859202 4.73638766886175 4.66921440174843 4.63391820202674 4.62872862316718 4.58562288208663 4.60911659816365 4.65560315710327 4.69900659694533 4.67813241712195 4.60541869262962 4.4901442569616 4.32216309418392 4.07035319862525
-9999 -9999 -9999 -9999 -9999 -9999 -9999 -9999 -9999 -9999 -9999 -9999 -9999 -9999 -9999 -9999 -9999 -9999 -9999 -9999 -9999 -9999 -9999 -9999 -9999 -9999 -9999 4.41274740508932 4.73013755500571 4.79285306526492 4.53035936869923 4.63972145743783 5.20048593018171 5.67980325533548 5.9968040443172 6.02954703793053 5.9713362022978 5.88420182863987 5.78068228758431 5.68865022217669 5.58140750213206 5.53218762660767 5.52280750047748 5.49589485984328 5.47475261918334 5.41675896384003 5.2802101051829 5.11707545040617 4.96111378062473 4.87242326586376 4.85074490141128 4.85725179782662 4.83432210405362 4.75718120301298 4.55380988291761 4.49327019216137 4.60034391181619 4.66677431646748 4.62150153192182 4.52778330458597 4.39485621582316 4.19140389718223 3.96572898001341
-9999 -9999 -9999 -9999 -9999 -9999 -9999 -9999 -9999 -9999 -9999 -9999 -9999 -9999 -9999 -9999 -9999 -9999 -9999 -9999 -9999 -9999 -9999 -9999 -9999 -9999 4.15527799325789 4.58703566285763 4.86650365378371 4.77364820936187 4.58961294491557 4.89602684066883 5.42594922546437 5.76054282091934 6.02173045348349 5.97920702252073 5.95229672849522 5.95217712095111 5.91269277163924 5.86271205495111 5.8027887876455 5.79272000977737 5.80812221599974 5.79199305958439 5.80494459174065 5.68888006320966 5.43901868597104 5.22593474926482 5.05704198737667 4.97308667340282 4.98046937644994 5.01715622301928 4.9739154572421 4.8178879420869 4.7077559267347 4.58670540389479 4.59187724210207 4.62130763460003 4.52612999383199 4.39360767589684 4.1594293768845 3.9778716012199 3.9126315654781
-9999 -9999 -9999 -9999 -9999 -9999 -9999 -9999 -9999 -9999 -9999 -9999 -9999 -9999 -9999 -9999 -9999 -9999 -9999 -9999 -9999 -9999 -9999 -9999 -9999 3.187799260291 3.73515051937451 4.65791352146257 4.9441011193328 4.78878742171581 4.78899360430708 5.22564286617733 5.6864010229238 5.80709985604656 5.96026288544102 5.99106274818778 5.99437290073098 6.0212179573196 6.02094712298302 5.9943831638326 5.93765310942487 5.92417103871267 5.92841670313097 5.92674331191696 5.93362216835075 5.77721478877221 5.49792800029161 5.28191156539917 5.14479864920832 5.08434864678693 5.07177586596651 5.07273331042164 5.01901108847738 4.91126095381062 4.80268354866055 4.72381411809553 4.68608964236373 -9999 -9999 -9999 -9999 -9999 -9999
-9999 -9999 -9999 -9999 -9999 -9999 -9999 -9999 -9999 -9999 -9999 -9999 -9999 -9999 -9999 -9999 -9999 -9999 -9999 -9999 -9999 -9999 -9999 -9999 -9999 3.13758172792009 4.04736003212209 4.6930047225252 4.85907470281712 4.84138609545833 5.01212122021678 5.38472694018638 5.75676009907051 5.77895158251232 5.94163659385019 6.06519635603038 6.09359528780136 6.0995812326323 6.09155673958411 6.05547299108912 5.99921421695416 5.95885546814006 5.92845956263099 5.90431243267121 5.85510264028856 5.69161436133288 5.446201895246 5.23705718112299 5.18971544789131 5.16438341686025 5.14005586941536 5.10316851116663 5.04331138444361 4.95047523986352 4.84791767032532 4.81346858100269 4.75490469450478 -9999 -9999 -9999 -9999 -9999 -9999
