current_scn/PREC.asc
NCOLS 720 
NROWS 360 
XLLCORNER -180 
YLLCORNER -90 
CELLSIZE 0.5 
NODATA_value -9999 
[rows 28 to 55 of 360, columns 64 to 127 of 720]
-9999 -9999 -9999 -9999 -9999 -9999 -9999 -9999 -9999 -9999 -9999 -9999 -9999 -9999 -9999 -9999 -9999 -9999 -9999 -9999 -9999 -9999 -9999 -9999 -9999 -9999 -9999 -9999 -9999 -9999 -9999 -9999 -9999 -9999 -9999 -9999 -9999 -9999 -9999 -9999 -9999 -9999 -9999 -9999 -9999 -9999 -9999 -9999 -9999 -9999 -9999 85 -9999 92 94.2500000000001 98.375 102 102.093749994895 103.296875001094 101.000000002917 98.0000000000002 105.25 101.624999988819 103.03124999684
-9999 -9999 -9999 -9999 -9999 -9999 -9999 -9999 -9999 -9999 -9999 -9999 -9999 -9999 -9999 -9999 -9999 -9999 -9999 -9999 -9999 -9999 -9999 -9999 -9999 -9999 -9999 -9999 -9999 -9999 -9999 -9999 -9999 -9999 -9999 -9999 -9999 -9999 -9999 -9999 -9999 -9999 -9999 -9999 -9999 -9999 -9999 -9999 -9999 -9999 -9999 -9999 -9999 -9999 -9999 -9999 -9999 -9999 102.875 99.875 104.593750001213 107.874999993206 110.296874988717 106.078124995269
-9999 -9999 -9999 -9999 -9999 -9999 -9999 -9999 -9999 -9999 -9999 -9999 -9999 -9999 -9999 -9999 -9999 -9999 -9999 -9999 -9999 -9999 -9999 -9999 -9999 -9999 -9999 -9999 -9999 -9999 -9999 -9999 -9999 -9999 -9999 -9999 -9999 -9999 -9999 -9999 -9999 -9999 -9999 -9999 -9999 -9999 -9999 95.375 97.25 99.125 102 105 105.625 108.75 -9999 -9999 -9999 -9999 -9999 -9999 -9999 -9999 -9999 -9999
-9999 -9999 -9999 -9999 -9999 -9999 -9999 -9999 -9999 -9999 -9999 -9999 -9999 -9999 -9999 -9999 -9999 -9999 -9999 -9999 -9999 -9999 -9999 -9999 -9999 -9999 -9999 -9999 -9999 -9999 -9999 -9999 -9999 -9999 -9999 -9999 -9999 -9999 -9999 -9999 -9999 -9999 -9999 -9999 -9999 -9999 95.5624999995165 96.546874996978 98.9843749955275 101.140624994802 104.953124992385 108.515624990934 109.843749989121 110.90624999444 112.531249990571 113.9375 113.729166666667 115.166666666667 111.375 119.8125 124.25 122.9375 115 -9999
-9999 -9999 -9999 -9999 -9999 -9999 -9999 -9999 -9999 -9999 -9999 -9999 -9999 -9999 -9999 -9999 -9999 -9999 -9999 -9999 -9999 -9999 -9999 -9999 -9999 -9999 -9999 -9999 -9999 -9999 -9999 -9999 -9999 -9999 -9999 -9999 -9999 -9999 -9999 -9999 -9999 -9999 -9999 -9999 -9999 -9999 -9999 101.531249992036 103.515624987813 108.578124990709 112.21874999445 113.999999995174 116.124999994691 118.562499996139 119.546874993364 121.234374991916 120.70312499457 124.171874989503 131.296874997225 132.046874995777 131.75000000193 125.65625000555 118.078124994088 115.40624999445
-9999 -9999 -9999 -9999 -9999 -9999 -9999 -9999 -9999 -9999 -9999 -9999 -9999 -9999 -9999 -9999 -9999 -9999 -9999 -9999 -9999 -9999 -9999 -9999 -9999 -9999 -9999 -9999 -9999 -9999 -9999 -9999 -9999 -9999 -9999 -9999 -9999 -9999 -9999 -9999 -9999 -9999 -9999 -9999 -9999 -9999 106.218749998796 109.031249988678 112.562499988919 114.671874993617 117.093749993014 119.156249991569 120.812499993255 123.390624991449 126.624999988438 127.749999991328 127.265624988558 129.187499997591 129.046875008551 129.375000011081 129.312500004336 124.624999997109 120.656249999277 116.48437500277
-9999 -9999 -9999 -9999 -9999 -9999 -9999 -9999 -9999 -9999 -9999 -9999 -9999 -9999 -9999 -9999 -9999 -9999 -9999 -9999 -9999 -9999 -9999 -9999 -9999 -9999 -9999 -9999 -9999 -9999 -9999 -9999 -9999 -9999 -9999 -9999 -9999 -9999 -9999 -9999 -9999 -9999 -9999 -9999 -9999 112 112.265624991224 115.171874991945 118.140624989781 121.187499990863 123.390624990262 126.578124991705 127.578124992186 128.749999988939 131.828124994109 133.65624999447 134.312499993748 136.281250008897 132.999999998076 131.640624988338 129.890624980003 128.62499998397 125.828124986415 124.328124987857
-9999 -9999 -9999 -9999 -9999 -9999 -9999 -9999 -9999 -9999 -9999 -9999 -9999 -9999 -9999 -9999 -9999 -9999 -9999 -9999 -9999 -9999 -9999 -9999 -9999 -9999 -9999 -9999 -9999 -9999 -9999 -9999 -9999 -9999 -9999 -9999 -9999 -9999 -9999 -9999 -9999 -9999 -9999 -9999 114.23437499748 117.156249986799 120.04687498884 123.796874985959 126.812499987999 130.140624986199 131.687499988479 133.890624989559 134.18749999088 135.78124999304 137.21874999208 136.0468749994 138.8593749946 132.8125 135.90624999832 137.54687499652 139.18749999616 139.046874989319 137.124999984639 133.656249988239
-9999 -9999 -9999 -9999 -9999 -9999 -9999 -9999 -9999 -9999 -9999 -9999 -9999 -9999 -9999 -9999 -9999 -9999 -9999 -9999 -9999 -9999 -9999 -9999 -9999 -9999 -9999 -9999 -9999 -9999 -9999 -9999 -9999 -9999 -9999 -9999 -9999 -9999 -9999 -9999 -9999 -9999 -9999 -9999 -9999 120 124.083333333333 129.895833333333 134.546874992454 137.499999992813 140.796874990537 142.999999992334 142.171874999162 143.20312499413 145.281249994969 143.328124997724 -9999 137.5 143.453125003234 148.984375006828 149.078125010421 150.906250002156 149.624999993292 146.296875008744
-9999 -9999 -9999 -9999 -9999 -9999 -9999 -9999 -9999 -9999 -9999 -9999 -9999 -9999 -9999 -9999 -9999 -9999 -9999 -9999 -9999 -9999 -9999 -9999 -9999 -9999 -9999 -9999 -9999 -9999 -9999 -9999 -9999 -9999 -9999 -9999 -9999 -9999 -9999 -9999 -9999 -9999 -9999 -9999 -9999 -9999 -9999 -9999 138.437499997609 147.390624981945 149.187499988043 148.062499994739 142.5 145.5 147.25 -9999 -9999 -9999 -9999 149.968749990674 154.937499974652 153.953124990076 152.906249998326 149.437499983261
-9999 -9999 -9999 -9999 -9999 -9999 -9999 -9999 -9999 -9999 -9999 -9999 -9999 -9999 -9999 -9999 -9999 -9999 -9999 -9999 -9999 -9999 -9999 -9999 -9999 -9999 -9999 -9999 -9999 -9999 -9999 -9999 -9999 -9999 -9999 -9999 -9999 -9999 -9999 -9999 119.25 -9999 -9999 -9999 -9999 -9999 -9999 -9999 -9999 -9999 -9999 -9999 -9999 -9999 -9999 -9999 -9999 -9999 -9999 158 162.046875002506 164.156250015038 166.078125031389 163.265625035685
152.375 150.5 147.375 142.125 140.375 -9999 -9999 137 135.875 135.875 136.5 -9999 -9999 -9999 -9999 -9999 -9999 -9999 -9999 -9999 -9999 -9999 -9999 -9999 -9999 -9999 -9999 -9999 -9999 -9999 -9999 -9999 -9999 -9999 123.125 120.5 113.75 -9999 -9999 117.468749990708 122.718749991185 130.624999997141 -9999 -9999 -9999 156 156.25 -9999 -9999 -9999 -9999 -9999 -9999 -9999 -9999 -9999 -9999 -9999 -9999 -9999 -9999 163.031249987849 167.624999964738 164.249999961879
165.078124978001 160.249999981925 153.968749982163 149.468749985017 145.078124986563 141.74999998906 140.453124996076 140.124999997146 140.249999993817 139.593749991676 140.031249992627 140.968749992628 142.140624991319 146.734374997741 150.6875 153.3125 161.229166666667 170.666666666667 -9999 -9999 -9999 -9999 -9999 -9999 -9999 175.375 169.041666662544 162.854166662545 160.375 155.875 143.156249995957 143.906249995957 138.3437499847 134.828124984343 131.218749979309 126.390624974672 125.234374981569 124.671874987276 122.890624980855 127.859374981093 134.406249981688 141.156249980261 149.531249986444 163.5 166 162.390624993222 163.093749986444 167.265624994649 174.25 172.437499990963 171.56249998145 174.140624978953 175.624999976218 173.234374977288 179.375 177.125 -9999 -9999 -9999 -9999 -9999 165.333333333333 169.796875007729 174.437500000951
182.937499976736 175.718749978872 167.328124983976 160.296874987537 154.218749990267 150.890624987775 147.249999986706 146.781249985994 146.859374989436 145.359374993709 146.17187499181 148.234374988962 150.999999986232 154.046874983739 157.343749983146 162.078124977805 169.776041645025 178.604166646568 189.062499987181 202.75 212.5 -9999 -9999 202 190.374999995727 181.281249985045 177.619791649061 175.791666638022 172.140624970208 165.812499974837 158.203124965935 156.562499971989 155.203124972582 151.546874973294 148.468749976974 144.484374979466 141.640624976855 140.937499971514 141.499999971989 145.109374975193 151.6562499746 157.843749977448 162.093749981721 168.468749987419 172.374999983858 174.953124974956 176.968749978398 178.890624975905 181.468749981721 183.312499981484 185.999999981959 189.984374980891 192.593749980772 191.890624975431 189.78124997365 191.187499964392 195.75 187.125 180 176.25 -9999 -9999 166.75 174.0625
202.078124978082 191.109374981636 179.968749987442 169.187499989574 161.406249995498 155.124999996209 151.515624995616 149.968749997394 149.82812499609 150.765624993247 153.546874992536 156.640624991825 160.187499989101 164.968749984125 170.718749980808 178.031249977964 186.812499975358 196.374999978201 205.828124978083 215.203124978083 224.218749979386 230.031249983651 227.187499981992 217.906249974647 206.874999968723 198.062499977253 195.749999975358 201.937499962563 206.203124950597 200.296874945621 190.812499954506 184.203124963392 178.593749967065 173.765624969552 169.093749970382 165.95312497287 163.531249974173 162.874999974884 163.296874975002 165.49999997678 169.984374974528 174.109374977372 178.093749981755 181.937499979623 185.96874997986 188.874999979149 191.843749980334 193.953124979978 195.812499983414 198.906249981281 199.54687498448 200.85937499301 202.406249992181 201.32812498756 201.484374987797 211.234374987797 217.890624989456 220.703124979504 204.828124970026 193.015624974291 189.468749973699 186.984374966946 186.078124959601 190.859374963155
218.906249979423 203.999999985809 190.04687498711 176.593749991722 165.765624993496 158.49999999527 153.812499998581 152.546874996098 153.015624995861 156.343749992668 159.218749993141 164.140624989239 171.062499983444 179.218749979897 187.687499976349 196.828124974575 206.734374974339 215.593749973275 224.390624975048 232.921874977177 239.734374981434 242.874999983917 242.937499978241 239.937499969726 233.171874964878 222.249999961685 221.156249960503 234.234374955891 243.187499956009 239.109374956363 225.265624958492 213.171874963459 204.843749966652 197.90624996949 193.046874969135 189.203124968426 185.515624970318 183.593749972801 183.828124973156 186.031249971382 189.718749975639 193.421874973866 196.421874971973 198.999999977295 201.906249979897 204.249999982025 206.656249982262 209.609374980488 210.296874980015 212.265624984982 212.390624983089 210.046874983799 208.874999991486 208.359374994678 210.156249990303 221.17187498711 228.296874984272 228.296875001301 211.250000013718 202.671875001301 200.343749998818 204.749999988174 210.265624979305 219.124999965469
237.453124980996 218.374999983474 200.265624985717 185.265624989967 170.281249991737 162.171874994924 157.828124993744 158.109374990203 160.140624991383 164.124999991029 170.531249988433 176.999999986308 183.437499982531 191.124999978282 203.04687498076 215.515624978636 226.999999974504 235.203124974859 243.656249976629 251.203124976275 257.23437497415 259.484374969901 262.421874969901 263.312499971672 265.484374958097 270.687499930123 276.749999915959 275.484374946766 272.468749964825 265.859374973678 251.765624970137 239.156249971907 228.437499970727 221.734374971789 216.265624973442 213.40624996813 209.953124968721 209.156249969075 209.515624967776 210.171874968485 212.859374969901 215.578124973442 216.765624974386 217.468749973324 219.484374976983 221.031249978045 221.421874978872 221.468749982767 221.796874985009 221.468749987488 220.04687498501 219.156249986072 218.999999984419 218.484374989731 219.124999993862 223.156250000236 226.890625003659 223.843749979934 219.624999966478 219.718749968603 219.999999970727 218.078124956917 217.984374952904 224.499999953258
251.468749983741 231.265624984094 213.296874981503 196.046874982916 179.843749984212 169.76562498598 166.078124985509 167.484374986216 170.781249981856 174.062499983977 180.187499987276 188.484374984802 197.359374982446 206.734374982446 218.140624981267 230.890624982681 241.531249988925 250.437499986805 260.156249981856 269.531249977615 277.203124975612 282.124999973138 284.359374974905 285.953124971371 294.312499969368 312.453124964773 324.890624962888 310.546874965008 297.406249972431 286.156249975258 274.265624973255 261.234374972548 251.828124970428 245.8281249676 239.7031249676 236.703124973256 235.453124967129 235.359374965008 235.249999967483 234.781249969603 236.906249969603 238.218749969603 238.187499971724 238.609374973491 238.374999975494 240.343749973373 237.874999979736 236.796874978675 235.296874981031 233.421874982445 233.031249982328 229.749999987276 229.218749989868 226.031249991282 223.765624994463 224.14062499729 225.390625000118 226.984375012135 227.546875013549 225.95312501567 233.218749995994 241.84374998327 247.515624972784 249.249999984448
263.171874987417 246.999999979302 230.859374976598 212.81249997695 194.312499981654 181.187499983066 178.28124998236 179.781249983771 182.390624987652 186.421874985535 191.390624983889 199.2656249853 208.093749976716 217.37499997601 229.828124982008 242.062499990122 254.343749978597 267.421874980361 277.35937497895 286.35937497895 294.093749982831 298.546874981772 303.609374981302 304.921874981302 314.249999993415 328.218749998354 333.296875000588 326.499999991062 314.953124984359 302.765624980125 291.406249980949 281.093749976715 272.749999975069 266.421874973305 261.82812497307 259.203124970247 259.234374970012 260.312499970365 260.765624970718 259.640624970718 258.578124972129 258.484374971424 258.718749974834 258.062499974128 259.49999997601 257.015624974951 255.328124978244 252.609374977539 249.328124983889 247.171874988828 245.734374995414 241.515624994708 236.296874989769 231.843749985183 229.156249986123 226.015624984359 225.718749977186 228.624999977891 231.718749987535 233.21875000588 239.046875028341 248.937500024461 251.4218750147 257.000000006586
274.09374998521 263.828124978519 249.515624976641 231.468749976289 212.312499973237 198.343749973941 193.937499978402 194.031249980515 193.265624985093 196.734374988614 202.593749988027 210.890624985563 224.406249982393 233.687499983098 241.82812498791 251.390624986502 266.81249999014 281.718749983802 294.046874979224 303.32812497852 309.562499978402 314.156249979107 317.85937498298 319.312499982628 321.468749988497 329.531249998357 333.484374998944 331.890624995422 324.890624990727 315.51562498791 305.937499982628 297.874999981219 291.312499978402 286.390624976641 283.859374971712 282.218749972064 282.437499971829 283.93749997042 285.14062496819 285.98437496326 283.703124964904 282.062499969481 279.999999971829 278.781249973942 279.562499973707 276.093749977228 271.312499981689 267.609374984858 262.687499982628 258.281249983332 254.687499982158 252.437499977933 247.828124981337 242.953124986971 239.656249987558 236.796874988614 234.906249999765 232.750000011738 232.375000010799 230.500000000939 231.968749989436 241.015624995422 249.031249991314 260.656249984271
281.281249983832 273.171874981371 260.671874995431 243.74999999297 227.546874986995 214.749999984534 209.437499974225 210.046874979497 205.390624985355 205.109374995899 208.374999999531 219.765624998477 232.328124996603 245.078124986761 252.343749996017 259.093749998829 278.406249996954 292.468749991331 308.718749980083 321.374999976568 328.171874980903 329.812499988284 329.859374995899 329.95312500082 330.390624997071 335.828125002695 336.734375006209 332.750000006561 328.453125002695 323.109374994962 317.296874991213 312.89062498348 308.578124975513 306.374999976568 306.828124970827 306.7343749645 307.249999963446 309.359374963094 311.031249965555 311.406249968367 308.781249971178 307.328124969421 305.734374967312 304.093749972584 302.281249975865 298.812499975162 291.062499970944 285.203124979731 277.999999981723 274.953124979262 269.499999986409 263.17187498887 258.281249987112 254.343749982894 251.578124971764 247.031249986175 243.453124983949 244.81249997938 240.046874970593 239.156249973053 243.859374989807 246.531249992267 254.312499988753 262.703124993322
297.171874976495 298.062499956498 283.49999994761 264.18749995603 247.890624962228 235.374999963982 221.390624995907 213.703125011343 206.375000012162 207.35937499848 213.109374988657 224.078124990762 241.328124980939 254.35937499006 257.359374991463 266.781249981991 283.890624989359 305.968749974975 327.187499973805 343.499999968192 345.140624976728 339.749999986902 330.703125001988 325.312500010759 325.515625015086 329.828125012279 329.65625001146 329.890625000585 326.437500002339 326.296874997076 325.031249989475 324.984374986318 325.359374982576 326.390624973454 332.703124964567 337.531249958603 342.499999948546 346.999999942933 347.828124942582 346.515624943985 339.390624952404 330.203124973454 326.124999981757 326.593749971232 323.843749970297 316.71874998012 310.796874979769 301.984374978366 293.093749980588 287.23437499006 279.99999998737 274.656249982459 269.812499984096 269.109374980237 264.328124996375 258.23437498585 258.265624979067 257.65624998854 250.921875002222 250.031249999766 250.281249994153 252.109374993802 257.500000003274 262.093750008186
320.07812497794 339.578124983543 320.734374982375 295.890624981674 278.171874969769 263.546874954361 242.312499962182 225.015624977939 210.515624985877 205.64062499288 203.843749987628 213.359374996382 230.734375012723 262.281250041787 270.046874994514 270.890624982608 283.437499983659 302.328124992414 334.250000011206 359.796875013657 353.98437501459 343.578125020893 327.859375018325 317.218750015174 313.562500009338 316.375000003735 322.578125004085 325.249999998132 329.171874997782 330.76562499288 331.515624994748 334.093749993697 338.374999986927 344.749999982725 355.984374977239 364.609374967435 373.31249996545 379.5468749637 387.312499951911 394.906249954012 392.203124958797 377.906249938137 362.82812493732 352.046874947825 346.796874952027 335.828124966734 325.656249976889 320.874999969185 310.406249975488 301.687499983192 295.093749989495 288.343749988094 281.546874985176 276.812499981324 274.984374981441 277.234374981441 283.390624984009 283.953125010622 266.249999981324 255.937499979924 253.640624993347 255.796875001051 258.124999996732 259.249999996732
324.484375011068 329.218750042175 319.23437502132 306.624999991611 311.171874948156 314.968749917747 276.624999952466 245.68749997064 222.515624984272 213.140624988466 209.515624998252 212.984375004544 228.015624994058 244.656250002098 261.796875025981 272.062500014447 291.359374996622 313.062499980894 336.874999982292 360.453124984738 349.531249996505 329.56250001398 313.187500018175 307.609375008738 308.593750003029 312.671875005476 321.968749997437 329.140624992194 333.531249991379 336.249999993476 336.43749999301 338.874999994408 346.390624993126 357.124999986486 370.234374987301 385.18749998136 397.64062497402 411.187499957593 419.749999967379 424.671874971922 426.04687495701 417.796874962602 404.49999995899 388.656249961087 374.64062497868 360.296874972388 344.640624975883 339.437499984621 333.890624966097 316.874999979029 309.390624974951 303.624999973903 295.187499980893 290.874999983689 288.20312498567 291.015624984272 290.421874998485 282.968749991845 278.062499989282 273.093749977398 264.937499978563 259.078124990796 262.624999992078 261.921874996621
313.671874978254 294.406249996046 282.281250019303 274.875000040932 281.906250062096 292.734375101517 289.718750075585 274.531250005814 257.499999951625 237.296874951276 221.484374978255 216.984374992209 224.374999992558 238.484374982441 253.453124979883 269.999999997675 288.109375005698 298.750000026979 316.812500041398 331.250000056747 328.890625045467 310.328125020349 298.125000013024 297.328125013373 301.406250011396 309.468750003024 321.593749995581 334.765624991046 342.921874990348 342.593749996977 339.015624997558 339.718750004884 347.703125002675 361.671874992209 381.171874988488 402.124999976278 423.124999966975 442.48437496244 456.046874956393 462.562499955347 460.937499946044 459.296874959649 442.890624966393 420.578124960812 403.234374967091 385.56249996744 366.281249966277 350.437499972557 340.171874985697 334.453124973836 323.562499975813 317.37499998279 310.98437497779 304.703124982674 298.437499982325 298.062499982325 297.999999989767 297.625000005116 290.343750012791 276.60937499779 272.218749992325 265.703124982208 261.812499997209 263.874999993023
335.562499967501 302.515624983866 274.828124999187 257.296875002669 252.187500011607 251.906249999768 260.984374995706 274.484374994313 280.09374999234 274.093749957519 253.687499941966 237.796874956242 239.234374970635 260.796874962279 274.781249967269 280.921874975278 284.50000000325 284.593750008125 288.171875029597 290.515625044222 288.203125055364 280.890625052578 279.890625032151 280.921875027276 284.906250029481 301.68750001625 322.156250003018 341.23437499292 348.546874995705 345.968749994661 338.500000003714 335.1250000065 345.406250003018 365.140624999188 389.937499989786 418.765624982475 447.64062497226 472.062499964252 492.468749953341 502.078124946725 502.515624950904 493.140624956475 472.609374959956 452.82812495926 434.312499955894 412.843749964948 393.187499967037 373.406249970519 353.531249981197 347.531249993732 339.781249983983 332.609374979456 326.312499984215 320.734374977599 312.218749983518 308.187499992572 301.703125001044 292.609375007312 286.453124996866 281.43749999025 278.124999993036 274.703124995473 268.187499987 265.750000002321
364.734374952386 330.656249957599 291.187499962465 269.390624961422 258.562499962002 262.453124973471 293.015624949838 324.98437492134 353.359374898169 338.546874881487 325.57812485994 311.374999856811 309.32812485855 324.234374880098 322.906249898285 312.874999933735 290.906249943698 275.437499977757 260.046875019115 255.125000037535 256.796875045065 259.609375032553 263.906250021548 268.500000020853 279.843750016451 299.953125024444 321.515625034175 342.84375000811 356.625000006024 352.312500001853 334.140625016566 325.656250008573 340.312500000464 364.921875002897 397.046874984824 432.624999976831 468.296874978337 500.406249965478 527.624999960149 542.062499955978 537.578124968373 524.406249970111 502.015624968373 484.671874967678 458.859374968141 435.374999961538 415.062499961538 391.999999969879 374.359374972312 357.062499979611 354.171874981117 349.062499981464 337.656249985403 329.640624982275 322.23437497741 313.421874962118 307.406249954356 300.093749958526 291.062499985171 285.624999999073 284.3125 285.156249996525 280.109374985287 273.828124983202
416.812499919059 375.562499931546 332.859374934669 323.015624906225 305.57812492195 288.937499961148 336.656249942418 395.484374904608 427.796874918019 438.437499871883 445.999999842745 438.68749982887 427.26562485026 420.79687488148 412.671874880093 379.578124901599 336.421874943919 285.515624997339 251.328125002428 236.843750007631 232.328125015379 235.843750026132 243.28125002937 258.140625004741 269.812500008325 284.859375012835 304.687500007401 329.671875024398 346.734375018385 342.000000023588 314.125000032838 309.578125031104 333.656250015957 368.531249988207 409.656249984044 448.468749984044 488.499999971787 526.796874969359 560.062499959762 575.062499962536 561.859374971671 541.937499986587 523.015624979765 502.859374987396 479.437499981037 458.906249980343 437.749999982424 416.656249969243 395.781249974793 374.406249977568 367.015624987165 360.499999990287 351.249999981037 345.484374978609 342.015624973752 347.828124952939 348.937499943111 342.60937493652 328.37499992276 302.968749958142 286.421874994797 285.156250003469 287.703124995953 287.609374982771
