current_scn/TMIN.asc
NCOLS 720 
NROWS 360 
XLLCORNER -180 
YLLCORNER -90 
CELLSIZE 0.5 
NODATA_value -9999 
[rows 0 to 27 of 360, columns 256 to 319 of 720]
-9999 -9999 -9999 -9999 -9999 -9999 -9999 -9999 -9999 -9999 -9999 -9999 -9999 -9999 -9999 -9999 -9999 -9999 -9999 -9999 -9999 -9999 -9999 -9999 -9999 -9999 -9999 -9999 -9999 -9999 -9999 -9999 -9999 -9999 -9999 -9999 -9999 -9999 -9999 -9999 -9999 -9999 -9999 -9999 -9999 -9999 -9999 -9999 -9999 -9999 -9999 -9999 -9999 -9999 -9999 -9999 -9999 -9999 -9999 -9999 -9999 -9999 -9999 -9999
-9999 -9999 -9999 -9999 -9999 -9999 -9999 -9999 -9999 -9999 -9999 -9999 -9999 -9999 -9999 -9999 -9999 -9999 -9999 -9999 -9999 -9999 -9999 -9999 -9999 -9999 -9999 -9999 -9999 -9999 -9999 -9999 -9999 -9999 -9999 -9999 -9999 -9999 -9999 -9999 -9999 -9999 -9999 -9999 -9999 -9999 -9999 -9999 -9999 -9999 -9999 -9999 -9999 -9999 -9999 -9999 -9999 -9999 -9999 -9999 -9999 -9999 -9999 -9999
-9999 -9999 -9999 -9999 -9999 -9999 -9999 -9999 -9999 -9999 -9999 -9999 -9999 -9999 -9999 -9999 -9999 -9999 -9999 -9999 -9999 -9999 -9999 -9999 -9999 -9999 -9999 -9999 -9999 -9999 -9999 -9999 -9999 -9999 -9999 -9999 -9999 -9999 -9999 -9999 -9999 -9999 -9999 -9999 -9999 -9999 -9999 -9999 -9999 -9999 -9999 -9999 -9999 -9999 -9999 -9999 -9999 -9999 -9999 -9999 -9999 -9999 -9999 -9999
-9999 -9999 -9999 -9999 -9999 -9999 -9999 -9999 -9999 -9999 -9999 -9999 -9999 -9999 -9999 -9999 -9999 -9999 -9999 -9999 -9999 -9999 -9999 -9999 -9999 -9999 -9999 -9999 -9999 -9999 -9999 -9999 -9999 -9999 -9999 -9999 -9999 -9999 -9999 -9999 -9999 -9999 -9999 -9999 -9999 -9999 -9999 -9999 -9999 -9999 -9999 -9999 -9999 -9999 -9999 -9999 -9999 -9999 -9999 -9999 -9999 -9999 -9999 -9999
-9999 -9999 -9999 -9999 -9999 -9999 -9999 -9999 -9999 -9999 -9999 -9999 -9999 -9999 -9999 -9999 -9999 -9999 -9999 -9999 -9999 -9999 -9999 -9999 -9999 -9999 -9999 -9999 -9999 -9999 -9999 -9999 -9999 -9999 -9999 -9999 -9999 -9999 -9999 -9999 -9999 -9999 -9999 -9999 -9999 -9999 -9999 -9999 -9999 -9999 -9999 -9999 -9999 -9999 -9999 -9999 -9999 -9999 -9999 -9999 -9999 -9999 -9999 -9999
-9999 -9999 -9999 -9999 -9999 -9999 -9999 -9999 -9999 -9999 -9999 -9999 -9999 -9999 -9999 -9999 -9999 -9999 -9999 -9999 -9999 -9999 -9999 -9999 -9999 -9999 -9999 -9999 -9999 -9999 -9999 -9999 -9999 -9999 -9999 -9999 -9999 -9999 -9999 -9999 -9999 -9999 -9999 -9999 -9999 -9999 -9999 -9999 -9999 -9999 -9999 -9999 -9999 -9999 -9999 -9999 -9999 -9999 -9999 -9999 -9999 -9999 -9999 -9999
-9999 -9999 -9999 -9999 -9999 -9999 -9999 -9999 -9999 -9999 -9999 -9999 -9999 -9999 -9999 -9999 -9999 -9999 -9999 -9999 -9999 -9999 -9999 -9999 -9999 -9999 -9999 -9999 -9999 -9999 -9999 -9999 -9999 -9999 -9999 -9999 -9999 -9999 -9999 -9999 -9999 -9999 -9999 -9999 -9999 -9999 -9999 -9999 -9999 -9999 -9999 -9999 -9999 -9999 -9999 -9999 -9999 -9999 -9999 -9999 -9999 -9999 -9999 -9999
-9999 -9999 -9999 -9999 -9999 -9999 -9999 -9999 -9999 -9999 -9999 -9999 -9999 -9999 -9999 -9999 -9999 -9999 -9999 -9999 -9999 -9999 -9999 -9999 -9999 -9999 -9999 -9999 -9999 -9999 -9999 -9999 -9999 -9999 -9999 -9999 -9999 -9999 -9999 -9999 -9999 -9999 -9999 -9999 -9999 -9999 -9999 -9999 -9999 -9999 -9999 -9999 -9999 -9999 -9999 -9999 -9999 -9999 -9999 -9999 -9999 -9999 -9999 -9999
-9999 -9999 -9999 -9999 -9999 -9999 -9999 -9999 -9999 -9999 -9999 -9999 -9999 -9999 -9999 -9999 -9999 -9999 -9999 -9999 -9999 -9999 -9999 -9999 -9999 -9999 -9999 -9999 -9999 -9999 -9999 -9999 -9999 -9999 -9999 -9999 -9999 -9999 -9999 -9999 -9999 -9999 -9999 -9999 -9999 -9999 -9999 -9999 -9999 -9999 -9999 -9999 -9999 -9999 -9999 -9999 -9999 -9999 -9999 -9999 -9999 -9999 -9999 -9999
-9999 -9999 -9999 -9999 -9999 -9999 -9999 -9999 -9999 -9999 -9999 -9999 -9999 -9999 -9999 -9999 -9999 -9999 -9999 -9999 -9999 -9999 -9999 -9999 -9999 -9999 -9999 -9999 -9999 -9999 -9999 -9999 -9999 -9999 -9999 -9999 -9999 -9999 -9999 -9999 -9999 -9999 -9999 -9999 -9999 -9999 -9999 -9999 -9999 -9999 -9999 -9999 -9999 -9999 -9999 -9999 -9999 -9999 -9999 -9999 -9999 -9999 -9999 -9999
-9999 -9999 -9999 -9999 -9999 -9999 -9999 -9999 -9999 -9999 -9999 -9999 -9999 -9999 -9999 -9999 -9999 -9999 -9999 -9999 -9999 -9999 -9999 -9999 -9999 -9999 -9999 -9999 -9999 -9999 -9999 -9999 -9999 -9999 -9999 -9999 -9999 -9999 -9999 -9999 -9999 -9999 -9999 -9999 -9999 -9999 -9999 -9999 -9999 -9999 -9999 -9999 -9999 -9999 -9999 -9999 -9999 -9999 -9999 -9999 -9999 -9999 -9999 -9999
-9999 -9999 -9999 -9999 -9999 -9999 -9999 -9999 -9999 -9999 -9999 -9999 -9999 -9999 -9999 -9999 -9999 -9999 -9999 -9999 -9999 -9999 -9999 -9999 -9999 -9999 -9999 -9999 -9999 -9999 -9999 -9999 -9999 -9999 -9999 -9999 -9999 -9999 -9999 -9999 -9999 -9999 -9999 -9999 -9999 -9999 -9999 -9999 -9999 -9999 -9999 -9999 -9999 -9999 -9999 -9999 -9999 -9999 -9999 -9999 -9999 -9999 -9999 -9999
-9999 -9999 -9999 -9999 -9999 -9999 -9999 -9999 -9999 -9999 -9999 -9999 -9999 -9999 -9999 -9999 -9999 -9999 -9999 -9999 -9999 -9999 -9999 -9999 -9999 -9999 -9999 -9999 -9999 -9999 -9999 -9999 -9999 -9999 -9999 -9999 -9999 -9999 -9999 -9999 -9999 -9999 -9999 -9999 -9999 -9999 -9999 -9999 -9999 -9999 -9999 -9999 -9999 -9999 -9999 -9999 -9999 -9999 -9999 -9999 -9999 -9999 -9999 -9999
-9999 -9999 -9999 -9999 -9999 -9999 -9999 -9999 -9999 -9999 -9999 -34.5374994277954 -34.6374988555908 -35.2750005722046 -35.875 -35.0125002861023 -35.1312503814697 -35.0812501907348 -34.9124989509583 -34.7624990940094 -34.9625008106232 -35.5874993801117 -36.2187507152557 -36.2749998569489 -36.1796874403829 -35.7859370119783 -34.9968745115165 -35.057812333419 -35.1296876680788 -35.0921871668006 -35.2343741658096 -35.4343755242962 -35.7562504400259 -36.0093749745854 -36.273436903342 -36.7031248794177 -36.3687499744107 -35.9421877274837 -35.6640630371033 -36.4749999644869 -36.5906248091902 -36.2999994166234 -36.1265625967779 -36.2812497013277 -36.2031249988267 -36.2593748553262 -36.0749999864814 -35.367187559692 -35.6109379524336 -35.9062502370705 -35.6906253091703 -35.9296884522639 -36.2250008583069 -35.8125 -35.2999992370605 -9999 -9999 -9999 -9999 -9999 -9999 -9999 -9999 -9999
-9999 -9999 -33.9000015258789 -33.9000015258789 -33.9000015258789 -33.8249998092651 -34.484374880716 -35.126562596601 -34.9375 -34.9500005271126 -35.0187500147618 -35.1078124067632 -34.7531251899624 -34.5984376664071 -34.7526033926826 -34.4916665954069 -34.4171877513488 -34.4640623939452 -34.2859374291348 -34.3421874645986 -34.6093747020516 -34.8765618801491 -34.5046876670051 -34.4421879658258 -34.6125002493427 -34.6781254990094 -34.6265625347535 -34.6500002139787 -34.7937493319794 -35.0750002261986 -35.5765629415603 -35.8109372266784 -35.6359375710895 -35.5374992482837 -35.3562501660956 -35.4453122009177 -36.2015630009656 -37.1343748596651 -36.121875643456 -35.4093743550986 -35.4421876657093 -35.7093752023318 -36.2515629533317 -36.7062504899542 -37.2468749890011 -37.8609368809216 -37.6609377262609 -37.1593753683776 -37.0359372481778 -36.9937491405468 -37.0640622983784 -36.9703119426942 -36.5484377760379 -35.8921874190081 -35.2906251561931 -35.0749991540128 -34.9421874289354 -34.9093754295771 -34.8625011447082 -34.8093748093897 -34.7000007629395 -9999 -9999 -9999
-34.9375009536743 -34.2250003814697 -33.7437508110378 -33.6875005966103 -33.6750006681691 -33.6843753460801 -34.0296877039369 -34.0531241313891 -33.8593742847691 -33.8718748095388 -33.6968747980159 -34.3765628335995 -34.5140624060381 -34.2374999537591 -34.1151043582183 -34.1494793103605 -34.0562505721548 -34.0046876072759 -34.201562284988 -34.5812493552748 -34.7968750590325 -35.0921873444185 -35.2640625217149 -35.3703118528991 -35.9578129623415 -36.4312503904055 -36.3421874606924 -36.225000139469 -36.2515621151098 -36.3078126877622 -36.3640620086672 -36.2890622594545 -36.5078123193079 -36.6343743182931 -36.598437485579 -36.5468745212971 -36.6843743904654 -36.6890625342329 -36.5671877851943 -36.5578120332056 -36.6328129152549 -36.4078129514654 -36.4484379878999 -36.101562738829 -36.6187504537416 -36.3328121336975 -36.925000192924 -36.9999995843596 -36.8203126808662 -36.3046882182284 -35.4468753370448 -34.9406239414503 -34.865624668826 -34.6171875605375 -34.6859372262042 -35.1312493676435 -34.8671871421109 -34.6374988558893 -34.6656248571727 -34.4156243810321 -34.3999996193263 -34.2500004770362 -9999 -9999
-34.4968751656762 -34.0749998067322 -34.0187501285973 -33.6812499126797 -33.8359381523857 -34.5296874035524 -35.5921877032145 -35.5875006321072 -35.5859379771972 -35.6328127984578 -35.4187503455083 -35.1093748799216 -34.3062502119776 -33.8281258908001 -33.803126451448 -34.0187503074113 -34.4281244256847 -35.0703123196341 -35.8874993909897 -36.7171878215299 -37.3999999764561 -37.8874998693168 -38.345312476692 -38.8749997625251 -39.2281254539141 -39.2515629535789 -39.1281246544172 -38.8093750473609 -38.4187498681248 -37.9640628683941 -37.4390623550988 -37.0125006413959 -37.1328122007227 -37.1281251306584 -37.0984382036949 -37.1406252393374 -36.665624797518 -36.3609374780081 -36.339062576132 -36.1984372183799 -35.3109378215298 -34.5656257856638 -34.9250000106793 -35.529686688247 -35.974999843687 -36.7062503096462 -37.2984372984989 -37.4343748702852 -37.31875044172 -37.3374996205169 -36.8328126105538 -36.4765626796955 -36.796354274133 -36.2432287721875 -36.5437490929665 -36.8624999523163 -35.4390633666893 -35.3078128658611 -35.0984378993643 -35.1078127568346 -34.50000023673 -34.0546872021878 -9999 -33.5
-35.7578123786713 -35.8609383084294 -35.8937506651428 -35.9640626289612 -35.9453122592637 -35.8562495088126 -35.8687497364506 -35.7937501660502 -35.6890630119678 -35.6796876186515 -35.6906249517957 -35.732812523061 -35.7421872603792 -35.7703127246261 -35.8093755221164 -35.8843754505908 -35.9984374621922 -36.1484373198847 -36.4921873206283 -36.9562498924142 -37.5078129762546 -38.1078127612317 -38.6687498674816 -39.1703125817237 -39.5843750219827 -39.9031248069598 -39.9906254386699 -39.8687499736793 -39.5015622952248 -39.0609375816989 -38.6109369980692 -38.1984375707199 -37.8640626662113 -37.578124522444 -37.290624736872 -37.0515628450253 -36.7453121539088 -36.2578124388213 -35.7906253902425 -35.6265621751727 -35.7843748321898 -35.6859375815998 -35.8578129398473 -36.1812496179354 -36.523437738307 -36.8187503814697 -36.8531253338108 -36.8343756200618 -36.7984378345173 -36.6624991891785 -36.4906242466266 -36.7671873553004 -37.0166668089576 -36.8291666304412 -37.4578130231451 -37.2281250944007 -36.6015631561097 -36.5968748333797 -36.3093755868605 -35.4890632673476 -34.9781258110445 -34.021874844904 -34.3859372131912 -34.9062501750957
-37.1515619131402 -37.1890613409356 -37.2203118179212 -37.140624460861 -37.026563284047 -36.92812496154 -36.8140625927321 -36.6968750929177 -36.6187501523986 -36.5999997232452 -36.7031245209111 -36.7921879865434 -36.9562495926099 -37.0406247355868 -37.1312492468039 -37.3375002123992 -37.6093745209606 -37.8343753792674 -38.1874999384653 -38.5859379753154 -39.0453119866453 -39.514062345164 -39.9234374175557 -40.1109381331083 -40.1109386101435 -40.073437930799 -39.9421882049803 -39.7687499539989 -39.4484378709964 -39.0968746552581 -38.7874999648806 -38.4312502150716 -38.0937501791604 -37.75156217837 -37.5093748570231 -37.3546877503024 -37.2015622855594 -36.967187464596 -36.7453127509705 -36.6000003226074 -36.5656249529844 -36.5843746667336 -36.6687498693152 -36.9078124764922 -37.18906217837 -37.3625000717235 -37.3484376671033 -37.2968752388887 -36.915625035738 -36.5265618560595 -36.2640620470418 -36.118749798235 -35.9968751088968 -36.071874681228 -36.2656252424025 -35.5671880286904 -35.0265625141851 -34.8906258345393 -34.9781255091109 -36.1031251513346 -36.825000164369 -37.3265627025445 -37.2656255404257 -37.2281248579634
-38.8953126650281 -39.0312502362943 -39.0999994254241 -39.0484377122425 -38.9343751049912 -38.7656248190371 -38.5671876649046 -38.3796876649046 -38.24062543937 -38.1656253322298 -38.1140632018651 -38.146875916553 -38.2312499867946 -38.3578119860786 -38.4906253204571 -38.7812499983697 -39.0999998432989 -39.4515628794072 -39.7718747235708 -40.0718746161343 -40.2312503433356 -40.2640628793578 -40.1859373433359 -39.9796876301792 -39.7499999994566 -39.5859376784558 -39.3656252025323 -39.1218749881038 -38.9187500476343 -38.6937500835453 -38.4218746426932 -38.1921876074242 -37.892187714762 -37.5921871067946 -37.3406249288449 -37.1156247860902 -36.8499999650276 -36.5593749291908 -36.2343750007163 -36.0046877869298 -35.8671880972198 -35.8578132404932 -35.9000005141808 -36.1249997633105 -36.420312644842 -36.6359379308702 -36.6921876684121 -36.6406247032365 -36.5312494645956 -36.3531248576158 -36.0999997262138 -35.7437499762569 -35.3218755723775 -34.8484374286103 -34.5031249529832 -34.1984376305744 -34.3609374756518 -34.5624999411858 -34.987500194193 -35.6203123380102 -35.8640623143165 -35.8453127781953 -35.7609375715132 -37.0734377497344
-38.7968748818017 -38.909375489769 -38.9593756208006 -38.964063406718 -38.9296876793194 -38.901562929437 -38.8812499046819 -38.8531247971716 -38.7796874637071 -38.8031246058943 -38.9015627494888 -39.0328119984703 -39.2015628210637 -39.3328127854489 -39.4406253094264 -39.5578122730955 -39.6953122016686 -39.8640632031745 -40.0546870232245 -40.2140628103757 -40.2734376196655 -40.301562190586 -40.2718754413949 -40.1734372974059 -40.0953110456343 -40.0671864747138 -40.0203123686109 -39.9968754047938 -40.0093743795939 -40.0234377379378 -39.9515622252145 -39.8015627257456 -39.6828126898842 -39.504687725425 -39.2687497124183 -39.0484375339505 -38.7140620329016 -38.2078126046623 -37.5078127350528 -37.0156250558321 -36.693750019946 -36.3515629130777 -36.0218750794274 -35.9750004374251 -36.0593752827736 -36.1812503907277 -36.2062507846115 -36.1874999984219 -36.2234368312568 -36.274999617544 -36.321874557964 -36.2984379520706 -36.2250003205829 -36.0093748550009 -35.7484372230693 -35.5843750805123 -35.5984370087885 -35.7765621529492 -35.7968746420516 -35.4546877162164 -35.5843750263816 -35.9546875994236 -35.1609371932243 -33.4968748701766
-38.4734374879191 -38.6140621302174 -38.7343751188893 -38.8374999757643 -38.8968756790745 -38.9531251783955 -39.0312499399523 -39.1156247253017 -39.2484379999775 -39.3281258934051 -39.4499995702558 -39.5812498921209 -39.7078126067592 -39.810938000076 -39.9046875231404 -39.9937493793733 -40.0984378449562 -40.1968752734676 -40.2703126662654 -40.2750000947767 -40.2921875114164 -40.3203131550727 -40.3046877976171 -40.2624993321326 -40.2499990459319 -40.2218744751591 -40.1703125833111 -40.1468745471278 -40.1078118088446 -40.0796872380718 -40.0078131561064 -39.9562496546376 -39.9031250479545 -39.8093754055823 -39.6953125003569 -39.6015619639151 -39.4875002504872 -39.3187505003836 -39.0734367363098 -38.8625001300472 -38.6437504875274 -38.4703124151382 -38.3000001887658 -38.421875116428 -38.717187639396 -38.7828125315908 -38.6203129249814 -38.3203121383478 -38.0468747579632 -37.8593749372202 -37.7000003430487 -37.4515628793653 -37.3453125341014 -37.2843754277505 -37.3468744740269 -37.3234373314702 -37.1828119737685 -36.967187760476 -36.5187502487642 -35.5718753914462 -34.6656242011747 -33.7703123109511 -33.0046880866238 -32.4421870127064
-39.1171882741356 -39.1218748086509 -39.1359363790027 -39.1687494513916 -39.1906253695242 -39.2328127623464 -39.2625002861023 -39.346875965669 -39.4390629532287 -39.5421867373677 -39.6093745830869 -39.7031249407148 -39.7890627982075 -39.8781260848782 -39.9718754292272 -40.1265623571331 -40.2359372380958 -40.3156256680389 -40.3734380011336 -40.3593757156734 -40.3296883111269 -40.2781249885459 -40.2499997620728 -40.1750001912263 -40.0828121905841 -40.0359379059135 -40.0140628224425 -39.9718743568841 -39.8968751435671 -39.868750036205 -39.7750001554143 -39.6390624051117 -39.5187498933996 -39.4484368569209 -39.36875015566 -39.2515628345108 -39.146875322725 -39.0859366068271 -38.9937500962028 -38.8812502036386 -38.6906250725329 -38.5312498221197 -38.5265627513592 -38.8828121435392 -39.3515623223531 -39.637500465899 -39.5906248100759 -39.3984377391188 -39.167187154895 -38.9609374409973 -38.7031249410587 -38.4734371907561 -38.3265633588351 -38.2750000364016 -38.2734372626748 -38.2687503711213 -38.0000003600357 -37.5171875375441 -36.3671872639032 -34.590625229962 -33.3046878010822 -32.0249996195622 -31.553125112438 -31.2999999523163
-39.1593756681852 -39.0937502391053 -39.0749998098538 -39.0656249528313 -39.0265630488165 -39.01250076343 -39.0609376435785 -39.1453117136724 -39.2093750242098 -39.312499881085 -39.4406259061132 -39.5343746544157 -39.6531245114136 -39.7281244400352 -39.7609368567481 -39.7890616066293 -39.7999992378454 -39.8093740948678 -39.9000005729894 -39.8718749293328 -39.8093740948678 -39.7999992378454 -39.7812492258754 -39.7062501914706 -39.5765624054297 -39.5015624769552 -39.4515631803882 -39.3953129658114 -39.3249988565719 -39.3249988565719 -39.2312500486648 -39.0953122982885 -38.9562502511243 -38.9000005729894 -38.8156250126812 -38.6562497624153 -38.5093753942 -38.4203131803391 -38.3374997386225 -38.1406250605612 -37.9640625724208 -37.8046873221548 -37.7249996076885 -38.0109375726415 -38.4796873938276 -38.8781248937172 -38.8874999891092 -38.7234374891459 -38.5578117976585 -38.3515626202026 -38.0046871912208 -37.7890622626728 -37.6140624298111 -37.2531245371194 -36.8437495854163 -37.0500001923536 -37.1234378217547 -36.0921878238149 -34.4687501218581 -32.2703122820748 -31.4015624244393 -30.9796878712534 -31.7000000476837 -9999
-38.603124321217 -38.5562496789183 -38.5515622504317 -38.574999750395 -38.635936797265 -38.6828125124473 -38.7562501434918 -38.8781250720397 -38.9953124527937 -39.1406248814517 -39.2015630013033 -39.2531254298145 -39.2671877152745 -39.2953122861945 -39.2999997146811 -39.2999997146811 -39.2671877152745 -39.2953122861945 -39.2999997146811 -39.2999997146811 -39.2906248577078 -39.2765625722478 -39.2625002867878 -39.220312893966 -39.1187498574875 -39.0250000363014 -38.9687496429107 -38.8796874289763 -38.8109374052324 -38.7640627629337 -38.6984378700996 -38.6093747620955 -38.4921875005508 -38.4031251078025 -38.3671880966952 -38.3062504535339 -38.1234374048407 -37.9546878339941 -37.8656252029741 -37.7671874167616 -37.6640625001347 -37.5749990345027 -37.573437392626 -38.0093748568265 -38.5343750712563 -38.8765623564959 -38.8671875590293 -38.6375003447276 -38.2843745933909 -37.9796876300163 -37.635937332091 -37.3078128684593 -36.898437498935 -36.5421873923811 -35.8281249405178 -34.7640627627868 -33.5921875244906 -32.4812497209843 -31.4265622807726 -30.5875001555107 -30.6812499469434 -30.9859375360199 -31.4468747700146 -31.1031245621817
-37.581249179411 -37.6328126804391 -37.7171876444564 -37.8953129659549 -38.0499998340357 -38.1812503345681 -38.2874994285775 -38.3812503226471 -38.4984377034745 -38.5874999173355 -38.6156249651414 -38.6250000009775 -38.6859380014977 -38.7000002868843 -38.7000002868843 -38.7000002868843 -38.7000002868843 -38.7000002868843 -38.7421871430442 -38.7281248576576 -38.7000002868843 -38.7000002868843 -38.7000002868843 -38.7000002868843 -38.6640626794616 -38.5703128582755 -38.5000001794982 -38.4250002510238 -38.295312226564 -38.2062501915169 -38.1875001199913 -38.112499833889 -38.0187506086517 -37.9156253941483 -37.8468751318389 -37.7999992378426 -37.7671869404373 -37.6546875840208 -37.5562500958562 -37.5140630607358 -37.4531244639737 -37.4062500003421 -37.4609375003788 -37.9671869280276 -38.6609374284133 -39.1015617846099 -39.1390619872656 -39.0499992369628 -38.9499998088252 -38.8703120934787 -38.6812503320753 -38.493750331782 -38.2250001406561 -37.5593749261527 -36.2171868670543 -34.5203121901658 -32.9968746313554 -31.6328124712852 -30.5875000664449 -30.4515624044493 -30.9203128206554 -31.3515624093833 -31.5734374793204 -31.2578123771371
-36.0234371445799 -36.093749823284 -36.2296873351684 -36.5390624425299 -36.8765623592298 -37.1343746803061 -37.3328127283882 -37.5390626206608 -37.7078125489888 -37.8531249773535 -37.9343758235443 -37.9953125723428 -38.034375072233 -38.1187493211413 -38.1937500839344 -38.2593756916822 -38.287500858502 -38.3250002862975 -38.3265627624434 -38.3359376193191 -38.3375000954162 -38.2906256319312 -38.267188370484 -38.2296878699513 -38.2015621069387 -38.1406244639241 -38.1109372380445 -38.0874995592672 -38.0734363795425 -37.9937500952211 -37.9500005838328 -37.8750001189165 -37.8031250235247 -37.6859371659334 -37.5734369751986 -37.4750004408304 -37.4218761919221 -37.3843756912431 -37.2937501666491 -37.2468755242037 -37.2500004764468 -37.1843743319645 -37.2296866769802 -37.7593753928784 -38.4546872966246 -39.0406244391065 -39.2031247014157 -39.2359372370687 -39.2312494509054 -39.2687490570757 -39.3968748431983 -39.4484381651935 -38.8046876764354 -37.3234377484001 -35.356249986469 -33.7906250945624 -32.1640628868813 -30.5187498338388 -29.3953126081544 -29.0859378585671 -29.2343747927743 -29.7140623656781 -30.7062502556576 -29.9218751201119
-34.6734377158795 -34.8140623581786 -34.9593750846884 -35.2687496554619 -35.484375716595 -35.7562497868356 -36.1093752993138 -36.5125004065291 -36.8546869763923 -37.0843747266222 -37.3109374648582 -37.45625007211 -37.6312496069503 -37.8562504649649 -38.0062499046326 -38.1281246543661 -38.2359378933298 -38.3296875355558 -38.4390624756833 -38.4765629763623 -38.4640626307528 -38.3749997016359 -38.2531251905157 -38.1312493680447 -38.0468742848173 -37.9718754292265 -37.9515632392072 -37.9140638114118 -37.9093754890746 -37.900000095757 -37.9031250480977 -37.8843753340539 -37.8265634181672 -37.7656252384916 -37.6812496185303 -37.5968737601503 -37.5718739030554 -37.5484367606467 -37.5703122015019 -37.6218751662355 -37.7046869389249 -37.7234377255601 -37.7828127136149 -38.2562496058301 -38.9328125113974 -39.4343748684558 -39.4562504886607 -39.3765631321136 -39.343750060043 -39.5078123813386 -39.7999995954677 -40.0203119525261 -39.4796873933326 -38.0406248570219 -36.0828119513572 -33.3640622217697 -32.201562405083 -30.7390625463809 -29.4984377313258 -29.512499837022 -28.6062500777295 -28.6500000953674 -28.8874998384831 -29.4953126903574
