current_scn/TMIN.asc
NCOLS 720 
NROWS 360 
XLLCORNER -180 
YLLCORNER -90 
CELLSIZE 0.5 
NODATA_value -9999 
[rows 56 to 83 of 360, columns 64 to 127 of 720]
-21.2921875997699 -23.2281253338553 -24.6749999551785 -24.8484374023306 -25.1875002119863 -25.3000000148754 -24.1234377349625 -23.757812328053 -24.9671875041149 -25.8437497715529 -26.6312502425681 -27.4703125409217 -28.4046874648951 -29.135937394062 -29.8562499315213 -30.4468748602034 -30.442187312739 -30.4187501698475 -30.0562502766281 -29.6109373285892 -29.3500001442976 -29.5093752161694 -30.0453125259077 -30.0875000090996 -29.3031250569449 -28.6843751995806 -28.3203125619013 -27.6781251143337 -27.1718750598124 -27.7718748448202 -29.9328124236566 -32.3234375154872 -32.5578126337962 -31.9015623646058 -31.3046874118048 -30.8640626082924 -30.3375000362706 -29.9296873215207 -29.1906251607248 -28.7828126249274 -29.5562499461712 -30.0390624103045 -30.3078127799918 -30.5609372261533 -30.4921875007502 -30.71250003724 -30.9015625724373 -30.2593751252852 -29.7656251795756 -29.7609375721834 -29.9421873399561 -30.4343749298824 -30.4203124947205 -30.73437476202 -30.95000004833 -31.1796877096434 -31.3234376620059 -31.33281242934 -31.3234373040087 -31.3281248219939 -31.4343750782016 -31.612500131915 -31.7828120598374 -31.8296867916857
-17.0359373808843 -18.4093749789901 -18.4781252865529 -19.1156249895748 -21.2265623573585 -21.6203124286076 -20.5749999346948 -20.2796872871166 -20.2421874419504 -20.0078125341911 -19.8203127748675 -22.2624997573093 -24.7484373831586 -26.9140624147054 -27.9765624121712 -28.5812498940479 -28.2062499543436 -28.1546877052706 -27.7828126879191 -27.6890625092434 -28.1218749302484 -28.2390623405995 -28.1703126157945 -27.6078127056162 -26.9312503959249 -26.3125000029489 -26.6093750615168 -26.698437453641 -26.9937500955978 -27.6781249348726 -29.1218750485362 -30.3312501920711 -30.673438044372 -30.4390622396402 -30.1562503592405 -29.9546876264023 -29.8734375542777 -29.9015623924467 -29.5468752675528 -29.4203124629125 -29.8421874637189 -30.2546874282325 -30.4859376546841 -30.3874998689619 -30.1921876966838 -29.7937500186647 -29.7625003773984 -29.3593752703174 -28.7765625731959 -28.7859377878417 -29.0093747689472 -29.6000002331032 -30.1343751549951 -30.518750190827 -30.6406254769523 -30.6171877089733 -30.6718751793438 -30.681250215314 -30.7421879477605 -30.803125143535 -30.8578125245445 -30.9656250782924 -31.1031249173138 -31.0656248638078
-10.7000001121633 -11.2624999284744 -10.4640625731237 -10.9421874820194 -14.2875000204381 -16.1484375568562 -14.7265623759497 -15.3265625170694 -16.8984376273149 -17.6812499829186 -16.9656250966872 -19.3937499722763 -21.387499903593 -23.3140625985293 -24.5187499246295 -25.3718747841307 -25.8781251663823 -26.0093748601911 -25.6640625318603 -25.24687522928 -26.0093751886145 -26.2437501882696 -25.6906249259861 -24.9265627295214 -24.4375000905107 -24.1187500363146 -24.981250229257 -25.5015627462071 -25.931250097115 -26.6109375974945 -27.6687498413669 -28.4937499490692 -28.7093751754979 -28.6296875500867 -28.5093752466555 -28.5703128001272 -29.0406249776068 -29.8937502809697 -30.1921874876307 -30.4125000227381 -30.5125000172375 -30.6578126246984 -30.6765628157092 -30.3859373335324 -29.6968751559608 -29.1156250851251 -29.042187424365 -28.6156249061732 -27.8015625189736 -27.5296875545295 -28.7234372504998 -29.698437304006 -30.2031248513793 -30.4749999944994 -30.6468755307343 -30.6703129408789 -30.557812661151 -30.4453125899013 -30.4093751317971 -30.4000000961033 -30.4078125960918 -30.5062502927526 -30.6249998516322 -30.6531251375276
-6.91249993562831 -6.52499985694887 -6.83124989284934 -7.28125000013773 -9.59999996423722 -11.1937497854233 -8.60937518374838 -8.71250004384146 -9.00937489797414 -9.42656247173742 -10.0234375425056 -13.056250143086 -15.7906251935646 -16.4656250463925 -18.3171875607542 -19.2828124417022 -20.7921873997231 -21.3031249725225 -22.4109378218144 -21.9796879641771 -22.5218751179538 -22.8968748497328 -22.9718751045181 -22.545312318037 -22.7968750029148 -23.0124998412248 -23.2281248882889 -24.0718750672405 -24.210937293851 -24.8062500082556 -25.5359375208076 -26.1921872525867 -26.4781250683881 -26.5249998895053 -26.5125000503001 -26.7000000501624 -27.5124998711649 -29.068750174047 -30.5718749160716 -31.2421875586751 -30.9109374281416 -30.7749997677255 -30.72812488682 -30.0578126017066 -28.7546870125616 -27.5968749245566 -27.3078122460984 -26.993749889184 -26.4374998234352 -26.8828126795139 -28.0203123399511 -29.0656248935608 -29.7625001377792 -30.2171871365838 -30.3703126017525 -30.4500002272321 -30.2015626437052 -30.2296878397809 -30.1656256317404 -30.1140629350795 -30.3140622372461 -30.3703122731466 -29.9875001022459 -30.1421875663799
-5.36250007152557 -9999 -9999 -9999 -9999 -9999 -9999 -9999 -9999 -9999 -9999 -9999 -9999 -9.40000009536743 -10.1937500834465 -10.5124998688698 -11.1656251039576 -13.0078123004894 -15.9999998748692 -16.9656251135878 -18.4250002724335 -18.9453126975062 -19.7234376264617 -18.9546876039003 -19.2671874703855 -19.853124966915 -21.3109373476966 -22.2718750268885 -21.8296873607171 -22.6406250925911 -23.2515625086521 -23.5890626342341 -24.0828123119109 -24.4203123472614 -24.5562501275063 -24.640624733772 -25.2421873535196 -27.3140621209929 -29.5812501642312 -30.6124998955979 -30.2484373767659 -29.8593747338178 -29.6265623300672 -28.5578125453311 -27.0187500157693 -26.0765626759116 -25.4671873766284 -25.3546873940975 -25.6999999886289 -26.7593750955736 -27.9171873927231 -28.8171872493971 -29.2968750297336 -29.5828122799095 -29.732812673575 -29.6812501557967 -29.6953125304323 -29.6859376736896 -29.6781249947038 -29.6687498701526 -29.5062500553851 -29.0984373404991 -29.096874863986 -29.354687453015
-9999 -9999 -9999 -9999 -9999 -9999 -9999 -9999 -9999 -9999 -9999 -9999 -9999 -9999 -9999 -9999 -7.6499999165535 -9.28124988079079 -9.79062483332731 -11.3609376027485 -15.340625077829 -15.5656250908851 -15.443750030015 -13.8171875814985 -13.9328126350284 -14.6171874773197 -18.2312499482227 -19.6562498841288 -18.9281248781455 -19.5140622898702 -20.6265625096758 -21.1749998656987 -21.8515621153706 -22.6812496503446 -22.8921871798611 -22.9765623232552 -23.4093750138643 -25.3406250500387 -27.1250000921049 -28.2406248777339 -28.4109372522098 -28.0359376991074 -27.3296875086469 -26.2750000079267 -24.4640626037171 -23.9718751034085 -24.1078123763507 -24.5578123932718 -25.4093749524763 -26.4124998456681 -27.6875003581766 -28.6015625007888 -29.0437497801487 -29.2453122440773 -29.3250000479581 -29.0203126378795 -28.9687501203525 -28.8468748343188 -28.7546871916449 -28.4921874419844 -28.2218748941063 -28.0390627693755 -28.3234374531279 -29.045312702713
-9999 -9999 -9999 -9999 -9999 -9999 -9999 -9999 -9999 -9999 -9999 -9999 -9999 -9999 -9999 -9999 -9999 -9999 -9999 -9999 -10.0515623872282 -12.4328126021265 -9.23750013619611 -7.62656255476003 -9.40156240512549 -10.2937498872851 -12.3640625094953 -16.2265624484165 -16.0140626047257 -16.4499998853227 -17.621875079517 -18.7374999549634 -19.6906251033589 -20.8859374243053 -21.6421875072954 -22.2281250063028 -22.8437499408061 -23.9874998344762 -25.2874997576747 -26.2109375617611 -26.4921874720803 -26.0937498825706 -25.4999996744564 -24.9656246024516 -23.5453124040735 -23.4937498850625 -24.1687500760712 -24.3046873801632 -24.8781248635711 -25.8437503286927 -27.132813008408 -27.7749997393369 -28.0734376029823 -28.307812066472 -28.2515624478049 -28.0312498221901 -27.9390624471659 -27.8359375006047 -27.7578127688484 -27.6640624112206 -27.470312566147 -27.0953122983369 -27.3406251085891 -27.9546873586945
-9999 -9999 -9999 -9999 -9999 -9999 -9999 -9999 -9999 -9999 -9999 -9999 -9999 -9999 -9999 -9999 -9999 -9999 -9999 -9999 -9999 -9.0437500178815 -5.15468752870449 -5.32968752980405 -6.60468745415735 -7.25781253367043 -7.94843753849764 -9.87031265346771 -11.8937498963558 -14.1156250577667 -15.6859374818146 -17.040624828627 -17.7734376218399 -19.0390627113152 -20.4515627042159 -21.3609375971326 -22.0187498347013 -22.7265627103131 -23.6046877225756 -24.3171874905275 -24.8468749544344 -24.7578122034458 -24.3281248515578 -23.7515623879014 -23.4843749411014 -24.1921876370793 -24.8203124700269 -24.4078125957432 -24.3015626676332 -24.9296876503668 -25.5250001869153 -26.2937496324555 -26.7093750851091 -27.112499923835 -27.2390625188949 -27.299999893486 -27.2875000544186 -27.2546876080969 -27.2093751437572 -27.2281249467886 -27.0296874945292 -26.6125001015101 -26.6843752863984 -27.017187536298
-9999 -9999 -9999 -9999 -9999 -9999 -9999 -9999 -9999 -9999 -9999 -9999 -9999 -9999 -9999 -9999 -9999 -9999 -9999 -9999 -9999 -9999 -9999 -4.28906253892373 -5.30937503476025 -5.81093750281995 -5.95781249760966 -6.86718752477269 -8.29166674992824 -10.9729166519898 -13.699999932157 -14.7593750829895 -15.0828124907956 -16.9624998741233 -18.3312500744353 -19.3296876284546 -20.1453124009339 -20.9515624365604 -21.865625234163 -22.5218749658057 -23.2390625791568 -23.5906250789182 -23.6546873760237 -23.1156251438013 -22.7296876912918 -23.1843748699382 -23.9828125554514 -24.3015625185975 -23.6578127148381 -23.3999999472651 -23.6625001749448 -24.1921876401027 -25.1796872342001 -26.1546873761601 -26.3343749060192 -26.4328122450526 -26.5062500253422 -26.3749997930204 -26.2609378410763 -26.4718751622283 -26.6484375010116 -26.3812498753303 -26.539062470641 -27.1249999708796
-9999 -9999 -9999 -9999 -9999 -9999 -9999 -9999 -9999 -9999 -9999 -9999 -9999 -9999 -9999 -9999 -9999 -9999 -9999 -9999 -9999 -9999 -9999 -9999 -3.89375002082356 -5.14062501519616 -4.9921875449644 -5.5781249112964 -5.74791667102821 -7.52916662809444 -10.231250156711 -12.6406248237953 -12.1671875907716 -14.806249919503 -15.7437499050102 -16.5593752001213 -17.9140626521539 -18.973437311931 -20.05625003844 -20.9796874842854 -21.9359375253279 -22.4562498642252 -22.6843747508176 -22.9750002320497 -22.710937171664 -22.3078126023829 -22.7968747328454 -23.2843748050517 -22.9781249477398 -22.4531247331631 -21.6515625147002 -21.4218750335005 -22.2218752550814 -23.9421875219086 -24.6187500683331 -24.9984376749748 -25.1703129726123 -25.1375000788473 -25.0046875195943 -25.0468750021554 -25.443749966143 -25.7671874473428 -26.1687498991259 -26.6140626674489
-9999 -9999 -9999 -9999 -9999 -9999 -9999 -9999 -9999 -9999 -9999 -9999 -9999 -9999 -9999 -9999 -9999 -9999 -9999 -9999 -9999 -9999 -9999 -9999 -9999 -3.58750001476973 -4.32187505954114 -3.95156253227745 -4.22864582545465 -5.20989588853772 -6.19843752232667 -8.41562496621621 -9.45937516064706 -11.5968750900726 -12.3843750687127 -13.612499880075 -14.5359374027595 -16.2562500725308 -17.4093750152497 -18.8249997374767 -20.2062502227564 -21.3359372932972 -21.9046874652449 -22.4671877330582 -22.3218751552212 -21.8203126190168 -21.7281247385321 -21.7937501688404 -21.8281250619823 -21.115624936405 -19.6218748702964 -18.5015620310594 -18.2500000018116 -20.4156249493223 -22.0796873596323 -23.3124999123593 -23.9718751028904 -23.8453125672295 -23.1890625084853 -23.0625001515025 -23.9062499123593 -25.0265625722389 -25.7812498813795 -26.0953125963978
-9999 -9999 -9999 -9999 -9999 -9999 -9999 -9999 -9999 -9999 -9999 -9999 -9999 -9999 -9999 -9999 -9999 -9999 -9999 -9999 -9999 -9999 -9999 -9999 -9999 -9999 -2.94218754128408 -2.81822919677461 -3.00052084541752 -3.46145836852639 -4.14062501691265 -5.19531254006673 -6.74062505005836 -8.23125012666451 -9.30468733291952 -11.0812499263561 -12.0515623558784 -12.5906249482348 -14.7937500506671 -17.0812502816335 -18.396874936582 -20.0328125965992 -20.9296877695657 -21.6749998940225 -21.8578124055027 -21.3843749774012 -21.1000000245651 -19.843749972955 -20.1875003294076 -19.3765625975936 -18.3140624778871 -17.6437497438356 -17.4718747139655 -18.5687501445428 -20.0874996802594 -21.798437448243 -22.5609374064745 -22.4625002460515 -21.2343751512039 -21.1078122578471 -22.8375000365764 -24.6890625358645 -25.3406248097398 -25.2609370956716
-9999 -9999 -9999 -9999 -9999 -9999 -9999 -9999 -9999 -9999 -9999 -9999 -9999 -9999 -9999 -9999 -9999 -9999 -9999 -9999 -9999 -9999 -9999 -9999 -9999 -9999 -9999 -1.70000004768372 -1.9604166252592 -2.01666667314528 -2.7734374900986 -3.3500000405476 -4.13906252981158 -5.17656248722983 -6.14999996409919 -7.34062496809582 -9.68749998997117 -10.4187500043336 -12.031249927389 -14.7453124997605 -16.5984375060142 -18.8812500854315 -20.0062501144218 -20.221874685742 -20.3484374898498 -20.2640626144105 -20.146874726563 -19.4531249410044 -18.2140623630334 -18.1484375618265 -17.9671875844503 -17.1187500656553 -17.4171874824457 -18.0828125181408 -19.1562501201567 -20.346875103155 -21.0015625377365 -21.2359376262638 -21.0265626003692 -21.5187498311671 -23.224999814594 -24.8187497269465 -24.7343751503876 -23.9703121500808
-9999 -9999 -9999 -9999 -9999 -9999 -9999 -9999 -9999 -9999 -9999 -9999 -9999 -9999 -9999 -9999 -9999 -9999 -9999 -9999 -9999 -9999 -9999 -9999 -9999 -9999 -9999 -9999 -1.07291666674171 -1.12291667202254 -1.55937499810446 -2.04218746669435 -2.58281254918085 -3.19843747282263 -4.10624999015032 -5.43749999475575 -7.0015625448006 -8.97031252298917 -11.2859373985708 -12.818750025733 -14.3906248979658 -17.123437719797 -18.7968753295591 -18.6749996861666 -18.5999999368663 -18.5296876162543 -18.853124978522 -18.6937500846622 -18.0875000955475 -16.6859373910259 -16.992187262921 -17.4937500645745 -17.445312499606 -17.9421874285532 -18.2843749236621 -18.828124852812 -19.3796875198063 -20.4437497862338 -21.6781249040247 -22.9156250641468 -23.3328123692412 -23.1546877651309 -22.9671877055262 -22.6953127397356
-9999 -9999 -9999 -9999 -9999 -9999 -9999 -9999 -9999 -9999 -9999 -9999 -9999 -9999 -9999 -9999 -9999 -9999 -9999 -9999 -9999 -9999 -9999 -9999 -9999 -9999 -9999 -9999 -9999 -0.699999988079071 -0.681250002235183 -1.09375001117588 -9999 -1.6500000357628 -2.78749999929276 -4.14687494249219 -6.42656246710923 -8.51718761984257 -8.94062505162303 -11.4296874137501 -13.7124999775962 -14.8562500028005 -17.0078126374696 -17.1437502055911 -17.1546877327839 -16.5453124201966 -16.9562497738169 -17.720312596255 -17.61249995326 -16.6843749885509 -16.2625001070637 -17.0968749823658 -17.7109376793195 -17.6078126434893 -17.5515624588048 -17.5046873701393 -17.7999999547879 -18.8453124208115 -20.0046875222517 -21.1296875235999 -20.5156252453167 -19.9156250105667 -20.140625122737 -21.0171874785062
-9999 -9999 -9999 -9999 -9999 -9999 -9999 -9999 -9999 -9999 -9999 -9999 -9999 -9999 -9999 -9999 -9999 -9999 -9999 -9999 -9999 -9999 -9999 -9999 -9999 -9999 -9999 -9999 -9999 0.400000005960464 -0.425000003539036 -0.950000002980241 -0.450000002980232 -9999 -1.83124998288108 -2.84375000251174 -4.78125001745772 -6.81562508837783 -7.56249993379696 -9.77031256340353 -12.109374853388 -13.44999996182 -14.9874999835987 -16.6703125548215 -17.1828127946505 -16.1374999287884 -16.3468750875705 -16.8859375875368 -16.9562498635372 -16.3515622917089 -15.9250000278537 -16.8718746605451 -17.0453126441388 -16.759374947948 -16.8109374058772 -16.6796877987296 -16.1687500789213 -15.6671875450759 -16.4656247537644 -17.2671876287018 -16.8453124184485 -17.0749999008698 -17.5671875503188 -19.2453125138159
-9999 -9999 -9999 -9999 -9999 -9999 -9999 -9999 -9999 -9999 -9999 -9999 -9999 -9999 -9999 -9999 -9999 -9999 -9999 -9999 -9999 -9999 -9999 -9999 -9999 -9999 -9999 -9999 -9999 -0.0500000007450581 -0.965625014751712 -1.73750000424654 -0.978124975822414 -9999 0.0312499956629287 -0.937500012834986 -2.98124994641956 -4.54218749484512 -5.62656253408548 -8.37812505991465 -10.7578123986799 -12.1218750944687 -13.2515624632602 -14.7890625156957 -15.4843750164903 -15.9156249174712 -16.0765625078552 -17.2812499986123 -17.3578127312831 -16.3781252048974 -15.5124999129466 -16.3328123245132 -16.2546874441478 -15.6312500235733 -15.4250000421709 -15.8609376407536 -15.6828126608766 -15.0781249086906 -15.6078128194814 -16.5078125885005 -16.9734376956322 -17.0109373919171 -17.4203123744162 -18.8687497674971
-9999 -9999 -9999 -9999 -9999 -9999 -9999 -9999 -9999 -9999 -9999 -9999 -9999 -9999 -9999 -9999 -9999 -9999 -9999 -9999 -9999 -9999 -9999 -9999 -9999 -9999 -9999 -9999 -9999 -9999 -1.01406252033623 -1.23281249919074 -0.519791667957357 -9999 -9999 0.218750003556002 -0.895312509569107 -2.06249998946339 -3.57343749241733 -6.05781246946251 -7.55625007021148 -9.97500013118799 -11.8687500072561 -13.040625143444 -13.9796874096121 -15.8453122816947 -17.2765623015288 -18.4812499270001 -18.4406251595252 -17.5593751052109 -15.8875003156365 -15.4984375403849 -15.5000000606322 -15.1718750609673 -15.42500008598 -15.6359373627641 -15.6359373481757 -16.240625052773 -16.7468750175463 -17.0703124995644 -17.5453125533426 -17.5546876783113 -17.7062496242227 -18.817187339235
-9999 -9999 -9999 -9999 -9999 -9999 -9999 -9999 -9999 -9999 -9999 -9999 -9999 -9999 -9999 -9999 -9999 -9999 -9999 -9999 -9999 -9999 -9999 -9999 -9999 -9999 -9999 -9999 -9999 -9999 -9999 -0.33333333581686 0.392708328550845 1.60208329290701 -9999 -9999 -9999 0.135416667391441 -0.634374995902062 -2.04531251195682 -5.03593753614802 -7.440625039066 -9.43124991905052 -11.1609375780769 -13.562499956768 -15.7562498329359 -18.6156250839147 -20.3312501007928 -20.3781250408983 -19.6515623621847 -16.9562499222018 -14.6734376109932 -14.36718751625 -14.5593750338304 -14.660937489205 -15.4390625075545 -15.9328124833114 -16.0218749649283 -16.5437500484863 -17.0265624226812 -17.6093748513674 -18.5468748505648 -18.5609377010617 -18.8515629161066
-9999 -9999 -9999 -9999 -9999 -9999 -9999 -9999 -9999 -9999 -9999 -9999 -9999 -9999 -9999 -9999 -9999 -9999 -9999 -9999 -9999 -9999 -9999 -9999 -9999 -9999 -9999 -9999 -9999 -9999 -9999 -9999 0.739583344346057 1.88333331497727 -9999 -9999 -9999 -9999 1.14687500722028 0.818750007479244 -1.53906249376854 -4.91406247513565 -7.58906245419651 -10.935937546138 -12.3343750550905 -14.0078125907531 -17.260937335855 -20.4249997440116 -19.839062365012 -18.381249848766 -17.256249904232 -13.9187498252343 -13.5609373902988 -13.8374999619245 -13.817187488958 -14.2999999534288 -14.8875000191719 -15.1453123404581 -15.8078125575701 -15.9953125142016 -17.3515622618151 -18.4859372085046 -19.1421875061718 -19.629687397949
-9999 -9999 -9999 -9999 -9999 -9999 -9999 -9999 -9999 -9999 -9999 -9999 -9999 -9999 -9999 -9999 -9999 -9999 -9999 -9999 -9999 -9999 -9999 -9999 -9999 -9999 -9999 -9999 -9999 -9999 -9999 -9999 -9999 -9999 -9999 -9999 -9999 -9999 -9999 1.59999999652306 0.096875000226803 -3.07187498475951 -5.95624999870753 -9.08281242207871 -11.1328126224404 -13.2375000578236 -15.0328124322431 -18.03750004163 -18.637499899516 -17.5875000485765 -16.6859373724874 -14.7406249639929 -13.7421875146458 -13.2968749707084 -13.229687512465 -13.4921874409394 -13.8859374239907 -13.6843749598535 -14.1890625974438 -14.8359374723407 -15.5953122677973 -16.6640622342996 -18.3265625257406 -19.8265623467934
-9999 -9999 -9999 -9999 -9999 -9999 -9999 -9999 -9999 -9999 -9999 -9999 -9999 -9999 -9999 -9999 -9999 -9999 -9999 -9999 -9999 -9999 -9999 -9999 -9999 -9999 -9999 -9999 -9999 -9999 -9999 -9999 -9999 -9999 -9999 -9999 -9999 -9999 -9999 -9999 1.31562503097476 -0.756250011755217 -3.34062498419634 -5.65156249290292 -7.82812501203839 -10.5515625975402 -12.4828124098743 -15.979687648015 -17.6156252042294 -18.1828124529923 -17.3234374829497 -14.843749910593 -13.6156250690994 -12.4531249716826 -12.5500001023917 -12.6578124775877 -12.4703125227344 -12.3953125044541 -12.389062436618 -13.1625000256592 -14.6906249840025 -15.7593753483104 -16.4187499906944 -18.2703124452927
-9999 -9999 -9999 -9999 -9999 -9999 -9999 -9999 -9999 -9999 -9999 -9999 -9999 -9999 -9999 -9999 -9999 -9999 -9999 -9999 -9999 -9999 -9999 -9999 -9999 -9999 -9999 -9999 -9999 -9999 -9999 -9999 -9999 -9999 -9999 -9999 -9999 -9999 -9999 1.34687502289772 0.570312505375092 0.607812497698696 0.350000017159621 -1.49687500178239 -3.19999999941808 -6.20468756462413 -7.54062497249007 -11.8671875528988 -14.9765624602402 -15.3140628090601 -14.4578125513887 -13.3937498772354 -11.6656249909929 -10.8499999646354 -10.821874841185 -11.0656251460977 -11.2203124913579 -10.0624999546329 -11.3078124691971 -12.2687500120094 -12.6921876396234 -14.3749999430939 -16.0687499960745 -16.265625209125
-9999 -9999 -9999 -9999 -9999 -9999 -9999 -9999 -9999 -9999 -9999 -9999 -9999 -9999 -9999 -9999 -9999 -9999 -9999 -9999 -9999 -9999 -9999 -9999 -9999 -9999 -9999 -9999 -9999 -9999 -9999 -9999 -9999 -9999 -9999 -9999 -9999 -9999 -9999 -9999 0.656249995936206 0.229687490528337 -0.489062491642954 -1.76875000701186 -1.34843748390537 -1.16562501226445 -2.14062497576231 -6.31250001607668 -9.17343758919721 -11.3390626652263 -11.6453126400157 -12.3109373630528 -11.4499999737518 -10.1984373938485 -10.6250000758303 -11.0796874760588 -11.5296875526176 -10.4703126248717 -10.9328124661247 -11.4859375673201 -10.4890624162334 -13.0015624319955 -14.0437500057177 -16.167187422238
-9999 -9999 -9999 -9999 -9999 -9999 -9999 -9999 -9999 -9999 -9999 -9999 -9999 -9999 -9999 -9999 -9999 -9999 -9999 -9999 -9999 -9999 -9999 -9999 -9999 -9999 -9999 -9999 -9999 -9999 -9999 -9999 -9999 -9999 -9999 -9999 -9999 -9999 -9999 -9999 -9999 0.800000011920929 0.643750014717586 -0.795312492015762 -3.14531246717043 -2.32500000422597 -0.33593749435343 -0.524999981885367 -4.19843753215894 -6.30781252119325 -8.76406249761786 -8.09843749267275 -8.19531255897298 -10.0656249912657 -11.4531248947445 -12.4093749222276 -10.6921874946153 -10.8890623969947 -11.7734375015973 -10.2031249997136 -11.417187335189 -12.0640624793638 -11.948437587936 -15.0468749728636
-9999 -9999 -9999 -9999 -9999 -9999 -9999 -9999 -9999 -9999 -9999 -9999 -9999 -9999 -9999 -9999 -9999 -9999 -9999 -9999 -9999 -9999 -9999 -9999 -9999 -9999 -9999 -9999 -9999 -9999 -9999 -9999 -9999 -9999 -9999 -9999 -9999 -9999 -9999 -9999 -9999 -9999 1.18750003352761 1.08437498131545 -0.365625011109617 -1.54218751798149 -1.34374998535245 -0.984374984818355 -1.33437501126515 -1.61562502046152 -2.11250002139664 -3.21874997705801 -4.57187498902719 -9.40937507882226 -12.2828125198612 -13.0421874660191 -11.1328126339895 -10.9359375090177 -10.4703123584111 -10.3906250445496 -9.8468751476365 -10.3812501288976 -11.2078126224204 -12.14062492965
-9999 -9999 -9999 -9999 -9999 -9999 -9999 -9999 -9999 -9999 -9999 -9999 -9999 -9999 -9999 -9999 -9999 -9999 -9999 -9999 -9999 -9999 -9999 -9999 -9999 -9999 -9999 -9999 -9999 -9999 -9999 -9999 -9999 -9999 -9999 -9999 -9999 -9999 -9999 -9999 -9999 -9999 -9999 -9999 -9999 1.07500000298023 0.0687500103130813 -1.61874998942357 -0.992187511570287 0.990625002727909 0.459375001067565 -1.50468748580158 -6.03593748638892 -8.2812500082406 -12.0531248460593 -13.2625000351964 -11.6953125455702 -10.4296875447145 -10.6406249705268 -9.85312496145447 -9.21562498757435 -9.94218757925257 -10.042187477049 -9.99062486762106
-9999 -9999 -9999 -9999 -9999 -9999 -9999 -9999 -9999 -9999 -9999 -9999 -9999 -9999 -9999 -9999 -9999 -9999 -9999 -9999 -9999 -9999 -9999 -9999 -9999 -9999 -9999 -9999 -9999 -9999 -9999 -9999 -9999 -9999 -9999 -9999 -9999 -9999 -9999 -9999 -9999 -9999 -9999 -9999 -9999 -9999 1.11406253455239 0.0265624929342052 -1.02499999885563 0.226562492046397 1.01250000152562 0.295312509089888 -3.07343747118314 -7.80781237812808 -11.3546873635116 -11.6218750789096 -9.76875007516103 -9.09375011486859 -9.22500002682034 -8.85937501702551 -8.64843749437812 -8.20781262447812 -7.93281247721943 -8.97812489632613
