current_scn/TMIN.asc
NCOLS 720 
NROWS 360 
XLLCORNER -180 
YLLCORNER -90 
CELLSIZE 0.5 
NODATA_value -9999 
[rows 224 to 251 of 360, columns 192 to 255 of 720]
-9999 -9999 -9999 -9999 -9999 -9999 -9999 -9999 -9999 -9999 -9999 -9999 -9999 -9999 -9999 -9999 -9999 -9999 -9999 -9999 -9999 -9999 -9999 -9999 -9999 -9999 -9999 8.31875014352308 5.90937496050626 3.42968749880909 -2.42656251079409 -6.49531242107765 -12.2546875321612 -11.9968749424475 -11.4468749830895 -9.20625001889957 -8.30781245167918 -8.96875012637672 0.26406250944277 6.30625000388398 7.97656250659326 9.40156251181868 9.64843766401503 9.83593757479683 10.5156250447507 11.5093749016995 12.545312628677 13.0937499856966 13.2531249826377 13.3937499378871 13.7625000481242 14.2781249585756 14.4453126642824 13.8312500125502 13.4203124196832 12.7640624197776 11.3687498866253 11.6359374675399 12.6796875744508 13.6171875302192 13.673437402258 12.8999999914054 12.2171874351035 11.5562499169625
-9999 -9999 -9999 -9999 -9999 -9999 -9999 -9999 -9999 -9999 -9999 -9999 -9999 -9999 -9999 -9999 -9999 -9999 -9999 -9999 -9999 -9999 -9999 -9999 -9999 -9999 -9999 7.97500022500753 5.57187499088675 3.42968752738193 -1.06718749756694 -2.94218751432335 -11.2656250171758 -12.1468751139234 -11.8921875504365 -10.1015625585771 -8.25156248433821 -8.12499990483667 2.91718752792732 8.04531245594737 9.09687514501172 9.59375016369315 9.59218785165956 9.6531250476994 10.4453125894776 11.2703126076413 11.8468749231572 12.2828125216225 12.5640625811016 12.7750000363275 13.1390624946435 13.7249999052601 13.8828124409679 13.3812499494615 13.1484374556024 12.3796875629849 11.692187457861 11.5515624580964 12.6000000836348 12.9187499590297 12.7453123042537 11.7890623674034 11.040625051966 10.8296872385475
-9999 -9999 -9999 -9999 -9999 -9999 -9999 -9999 -9999 -9999 -9999 -9999 -9999 -9999 -9999 -9999 -9999 -9999 -9999 -9999 -9999 -9999 -9999 -9999 -9999 -9999 10.5786457511279 8.34895823163906 6.08749999772768 2.52031248303916 -1.19843748861001 0.685937501740962 -8.24218763515082 -10.4781249917007 -9.74375006684785 -8.65156240175001 -7.91406244890187 -8.49531260408059 2.08750005557756 8.8234376238752 9.56093746483949 9.60312521468622 9.64218766984977 9.82968740153501 10.2718752027966 10.6937499796077 10.9984373904588 11.3453125960479 11.7953124051566 12.0484375212449 12.3984375749204 13.1109375211823 13.3265625092457 13.012500018163 12.5203125031601 12.1171874408099 11.6640625151749 11.3125000151515 11.7796875541839 11.9156249472475 11.4515625250855 10.7390624888534 10.5562501402899 9.75000001483858
-9999 -9999 -9999 -9999 -9999 -9999 -9999 -9999 -9999 -9999 -9999 -9999 -9999 -9999 -9999 -9999 -9999 -9999 -9999 -9999 -9999 -9999 -9999 -9999 -9999 -9999 9.38333311718577 8.00677076771089 7.01093739940559 2.61406251438226 -0.101562499298597 -0.0312500008056114 -7.87187503981202 -9.30625005942487 -8.95625001195212 -7.41406257498157 -7.53906257035149 -2.03125003595312 5.43906255181271 7.91406259817571 8.8531249916365 9.42968736606894 9.61875016993564 9.82031232131866 10.0843751581239 10.1687499884847 10.2624999885783 10.6234376137714 11.1906249229976 11.6125000122641 12.0374999942267 12.7359375211658 13.0593750627253 12.9281250982073 12.4640625118351 12.004687502754 11.5796874164209 10.9468749169123 11.1187500810279 11.1843751076159 10.1953122922339 10.1437499972382 10.3125000150884 10.1250001037465
-9999 -9999 -9999 -9999 -9999 -9999 -9999 -9999 -9999 -9999 -9999 -9999 -9999 -9999 -9999 -9999 -9999 -9999 -9999 -9999 -9999 -9999 -9999 -9999 -9999 -9999 6.39218741645238 5.45937492579463 6.03593750820664 1.8218749940033 -2.16718746490998 -5.3968749383854 -7.12343756455594 -7.21249995551756 -9.29687494873265 -8.95937495552658 -6.93593755354856 1.54374995276513 5.22187497782176 5.57343754340703 8.42499993800626 9.05781248263973 9.35468748256195 9.46718759879101 9.60000014354894 9.65156252724988 9.83593751525117 10.1828125420266 10.6828124228795 11.1750000122632 11.6843750182081 12.2750000361361 12.8187499793562 13.0296876132566 12.610937491036 11.8375000808396 11.4046874645561 10.593750045139 10.07812500098 10.2796873760203 9.74531251278429 9.97031247692816 9.87968762297509 9.6874999712866
-9999 -9999 -9999 -9999 -9999 -9999 -9999 -9999 -9999 -9999 -9999 -9999 -9999 -9999 -9999 -9999 -9999 -9999 -9999 -9999 -9999 -9999 -9999 -9999 -9999 -9999 6.30781236305668 4.20781246526969 4.11874999273459 0.129687478974321 -3.94843746424623 -6.86874996976237 -4.12343751790372 -6.19531246272385 -8.27499991736018 -7.54375000285372 -3.71562500701402 2.00781246329825 3.26250003659975 5.99062508107198 7.73593749160999 8.41093742902511 8.78750000943709 8.95625007192889 8.99531243791927 9.2015625092587 9.49374996147415 9.85468754196369 10.279687494342 10.7578125301513 11.2859375182149 11.7781250630347 12.584375068716 12.9921875149555 12.6343748569333 11.5656250268996 11.0625000449517 10.2656250448121 9.45000010735041 9.20156250953791 8.59218745038311 8.35312502276962 8.85312514098613 8.40781246228853
-9999 -9999 -9999 -9999 -9999 -9999 -9999 -9999 -9999 -9999 -9999 -9999 -9999 -9999 -9999 -9999 -9999 -9999 -9999 -9999 -9999 -9999 -9999 -9999 -9999 -9999 7.90729169522292 6.22760420903354 4.21718747433798 -1.85312502875763 -4.45781246888811 -6.68437497962303 -6.67187495314637 -6.39062499877801 -7.69999999844413 -3.40625005513289 -2.01093751204589 1.45312499355648 4.19218752428789 6.25937506570434 7.3546875045709 7.93125005833109 8.33124992273052 8.57500004790028 8.71718743453544 9.03593753279029 9.41562499098196 9.66875001794327 9.89218749137641 10.2249999647631 10.700000003568 11.3093750478539 12.3625000719896 12.5499999383432 12.4156249767614 11.6562498066561 10.960937589755 10.6234376433064 9.82499995821487 8.73281240505794 7.65781249837839 6.94062498936809 7.00468758522279 7.25781247798083
-9999 -9999 -9999 -9999 -9999 -9999 -9999 -9999 -9999 -9999 -9999 -9999 -9999 -9999 -9999 -9999 -9999 -9999 -9999 -9999 -9999 -9999 -9999 -9999 -9999 -9999 9.58385418356747 7.31510420098614 5.28125001608508 -0.775000005080999 -4.7671874650363 -5.78437495852493 -5.27031251115555 -7.98437490918942 -8.10781237497297 -2.26718753163861 0.618749993604226 2.59218750163732 5.03125007416648 6.36718757418961 7.27500003579364 7.73906249562991 8.12031260145901 8.36406232429741 8.58125004184665 8.98437492557132 9.47187516091712 9.55625008058967 9.51249988407944 9.59218746475394 9.96874989630887 11.1968750208771 11.9921873660361 11.7578123662674 11.5671875484781 11.0749998247524 10.3796876078976 9.60624997459696 8.89218756716154 7.85624995929476 7.19374997258241 6.56093751721649 6.37187501863719 6.44218751889171
-9999 -9999 -9999 -9999 -9999 -9999 -9999 -9999 -9999 -9999 -9999 -9999 -9999 -9999 -9999 -9999 -9999 -9999 -9999 -9999 -9999 -9999 -9999 -9999 -9999 -9999 10.2281248645686 7.61249999033822 5.2765624749902 0.110937486441673 -6.1953124583374 -6.76718752776616 -4.56562499583538 -6.08437504685503 -7.7203125362442 -5.46093750537718 1.29999999123041 5.31249999022536 5.1749999958816 6.6093749925648 7.1453124733548 7.62812502692976 7.99843753878148 8.20000004783753 8.38125005389028 8.72812499135155 9.09531244693261 9.18906235743335 9.2078125329902 9.24999992540191 9.50000005905095 11.351562514832 11.9578125030956 11.4000000657497 10.9562500864883 10.5156251045081 9.96718738983137 8.87031240711291 7.89375004889696 7.1296875179506 6.49062498601986 6.13437505726857 5.73750003338056 5.10468755672438
-9999 -9999 -9999 -9999 -9999 -9999 -9999 -9999 -9999 -9999 -9999 -9999 -9999 -9999 -9999 -9999 -9999 -9999 -9999 -9999 -9999 -9999 -9999 -9999 -9999 -9999 8.93906236633953 5.74687493821023 3.3171874513846 -2.19999998922221 -7.07187500520899 -8.05156248652234 -5.4328125079579 -5.58750008434494 -3.88593751679307 -1.30312498197018 -0.98281249626857 5.3359374799327 5.88750003275189 6.44999998832447 6.87812500473109 7.37499997795501 7.80625004348944 7.95156260605131 8.08593752258947 8.37656244663956 8.46718750939315 8.64531247358435 9.02500000605249 9.50312495199421 10.3484374872432 11.4968750773173 11.7890624852599 11.217187628265 10.9421874433372 10.4875000415699 9.84999993452692 9.76562492452795 8.45625016028836 7.48124999488549 7.80312498500923 8.09375010939678 8.02968751353086 5.8078124436157
-9999 -9999 -9999 -9999 -9999 -9999 -9999 -9999 -9999 -9999 -9999 -9999 -9999 -9999 -9999 -9999 -9999 -9999 -9999 -9999 -9999 -9999 -9999 -9999 -9999 -9999 8.0484374394328 4.62656245065459 1.47343752013365 -4.329687539899 -9.07968759696562 -7.43437499020479 -1.7328124997038 -3.12968750646476 0.0265625030547853 -2.11562498183751 2.86406251606922 5.4515625314989 5.46250002122867 5.87500003044464 6.39062500792468 6.89687499442187 7.31406250635045 7.54843743924934 7.78750004637713 8.12968764470184 8.27031250297259 8.49531251191329 8.97031244640936 9.71093754489466 10.9249998630317 11.3796874884538 11.5484375063963 11.6609374432609 11.4265624579021 10.5312499399977 9.98281244957309 9.46249997664752 8.74843766440118 8.83281236046338 9.15468740460963 9.45468743115644 9.83281248831611 8.61874993838526
-9999 -9999 -9999 -9999 -9999 -9999 -9999 -9999 -9999 -9999 -9999 -9999 -9999 -9999 -9999 -9999 -9999 -9999 -9999 -9999 -9999 -9999 -9999 -9999 -9999 8.5 7.12500002705297 2.77500001119436 -1.14218748846786 -6.804687435717 -10.6031249571852 -5.21718750297693 -1.03437498679047 -0.575000005752692 1.26874998314103 1.40468749554189 3.07031251264753 4.92656245147429 4.79687503051907 5.18125006605311 5.86093747654702 6.43750003016832 6.86406244371871 7.19687498383747 7.5156250598639 7.90000011793267 8.18125006571761 8.46250002092263 8.87656240175147 9.46249994656932 10.3203125604663 10.7468750781418 10.8593751496979 11.2812500603366 11.3796875928371 10.5968749675072 9.73437498526658 9.53749990402258 9.44218751775177 9.34374995541851 9.18749998506834 9.62812501193618 9.53281250621208 8.90937499706551
-9999 -9999 -9999 -9999 -9999 -9999 -9999 -9999 -9999 -9999 -9999 -9999 -9999 -9999 -9999 -9999 -9999 -9999 -9999 -9999 -9999 -9999 -9999 -9999 -9999 7.76562505955903 5.56093753188923 -0.528124999933395 -4.31718753673009 -7.37343743489867 -7.74375003728717 -3.17812498193247 -2.06093748261322 -0.303125002481766 1.56875001011533 0.565624972011863 1.97812500658721 3.97968754023316 4.49531247435632 5.16093755495943 5.64843746281553 6.12187500320832 6.50937501366955 6.91249994228083 7.26250004801825 7.59062495856566 7.90625005239736 8.28124994063865 8.72812509550429 9.23437492563105 9.62500008983274 9.90156234854796 10.1140626078282 10.3624998934111 10.345312417367 9.89062483674107 9.67031249433605 9.8624997438825 9.57499998823112 9.28906247019007 9.31093756879624 9.53125001490116 9.46250002058791 8.84374998482513
-9999 -9999 -9999 -9999 -9999 -9999 -9999 -9999 -9999 -9999 -9999 -9999 -9999 -9999 -9999 -9999 -9999 -9999 -9999 -9999 -9999 -9999 -9999 -9999 -9999 6.25937507206501 2.84687498964074 -3.08749998017798 -8.15625023802438 -6.51562510523298 -4.05937500277017 -0.646875003731801 -3.24218749810737 -2.04687494868995 1.15156249046699 1.93437500109682 3.14062502019228 4.04531250473782 4.87500003694967 5.32968761762062 5.521874994176 5.8125000077235 6.16718750476601 6.50000000027292 6.84062495862548 7.21093746307308 7.57343751221659 7.96250008818977 8.56406259549632 9.1546874791308 9.23124992868669 9.22656245584993 9.35937509008926 9.55156269730939 9.48281256912908 9.196874961727 9.12187491416459 9.28593719080637 9.17656244386835 8.90468747976759 8.98749986318224 9.53125010430813 9.35937507494549 8.75468759280415
-9999 -9999 -9999 -9999 -9999 -9999 -9999 -9999 -9999 -9999 -9999 -9999 -9999 -9999 -9999 -9999 -9999 -9999 -9999 -9999 -9999 -9999 -9999 -9999 -9999 5.90468750492056 0.0156249947006636 -7.00624984705998 -9.50000001341952 -6.19531240240918 -3.39375004713573 -0.360937505413127 -2.47343751382481 0.0531249923144989 2.03437501905109 4.00781245095894 4.33906250379757 4.75624998580281 5.25781252958311 5.20625007936923 4.60156247142984 5.39843744821634 5.78125003013493 6.08593746305703 6.46249999139191 6.86093751363027 7.21406246742155 7.56562498979597 8.22968759421749 8.94218742908673 8.90000008085934 8.59531244659015 8.77499993160585 9.0421873780297 8.94374993473726 8.61562502428029 8.37187510775703 8.33437498687621 8.39843739539707 8.59999994879179 8.75781247015989 9.46093747056808 9.10624983873485 9.42968745430626
-9999 -9999 -9999 -9999 -9999 -9999 -9999 -9999 -9999 -9999 -9999 -9999 -9999 -9999 -9999 -9999 -9999 -9999 -9999 -9999 -9999 -9999 -9999 -9999 -9999 6.00624997069287 -0.134375007751173 -7.42343742129636 -10.5828124654635 -6.05468754938596 -3.4359375259306 -0.0937500000477431 -0.51874999712782 1.19218750880691 3.85312500870592 4.84218750448429 5.06562498162116 5.53906241011818 5.49687498046267 4.20781250419372 3.5656250198087 5.03749995699768 5.40625003007367 5.68281248990837 6.07343754946779 6.57031247789699 6.99375002101238 7.37343751647419 7.82656250924973 8.2296875050055 8.38437485738602 8.36093735709206 8.634375020937 8.78906244058379 8.47968754216795 8.06718757793073 7.76718740215733 8.0531249420513 8.71718758322793 9.15781247580389 9.39531257649866 9.88750007643082 10.1140624271856 10.4234376245592
-9999 -9999 -9999 -9999 -9999 -9999 -9999 -9999 -9999 -9999 -9999 -9999 -9999 -9999 -9999 -9999 -9999 -9999 -9999 -9999 -9999 -9999 -9999 -9999 7.75781235872206 5.86874998377904 -0.0390625323734644 -8.14375000188507 -11.3015625255047 -4.09687498841177 -2.23750000851095 0.256250004099894 -0.160937496160776 2.08437495943768 4.29687498568505 5.27656245660524 5.87812504897843 5.80781261646203 5.12968745951677 2.89843753041106 3.8156250378627 4.81875003147281 5.07499997347853 5.34218753157051 5.73749996000737 6.31875000909101 6.84687496732267 7.31562505663945 7.68749993288465 7.82343754936172 7.93750011211945 8.10625006285543 8.393750042084 8.4124999795893 8.09218757645436 7.64218751359893 7.4859374392735 7.85625003290281 8.62656264015359 9.1234374795367 9.28437499784648 9.898437470596 10.1328123967065 10.0906250489012
-9999 -9999 -9999 -9999 -9999 -9999 -9999 -9999 -9999 -9999 -9999 -9999 -9999 -9999 -9999 -9999 -9999 -9999 -9999 -9999 -9999 -9999 -9999 -9999 7.49687505526916 5.10156246007837 -0.648437517286913 -8.86562488742993 -8.27343748976723 -5.16093753596081 -2.14375001245345 0.378124998288843 0.476562515909001 2.24375000701171 3.41093749263612 4.53125003043181 5.90156252697945 5.0296875546558 3.28750006385098 1.97031251719818 3.81562502695699 4.52343750029225 4.71406246004413 4.95312504504819 5.4609374778506 6.16874997326784 6.72968744494814 7.24062506119967 7.63593752696447 7.53281253604005 7.41718750494244 7.64218753623488 7.9343751225642 7.79843743943728 7.41250003192189 7.08906241576028 6.9515625019772 7.68750008210626 8.40625001517093 8.43906259606433 8.77343747019019 9.33124999752933 9.45781241364071 9.55625006520542
-9999 -9999 -9999 -9999 -9999 -9999 -9999 -9999 -9999 -9999 -9999 -9999 -9999 -9999 -9999 -9999 -9999 -9999 -9999 -9999 -9999 -9999 -9999 -9999 5.45312507404255 3.13281251760279 -3.68125001131424 -9.84531249844267 -8.2578124873125 -4.30624996582878 -2.1921874991175 -0.406249985751778 -0.724999984471267 2.48124996815015 3.62343750441592 4.59375006309086 5.53437495990134 3.27031246274172 0.467187503045485 2.67499995793894 3.7390624806808 4.06249998539771 4.23906249585094 4.44531247796955 5.17031252410338 6.04218751949854 6.63906248667115 6.9859374690139 6.99531254231352 6.82656254678387 6.77968756915055 7.0093750064536 7.35468749759509 7.23750006476239 6.91875001847913 6.42656245117734 6.69218756280157 7.23593744684149 7.97812499161222 8.22187489263692 8.27812507019984 8.50312494592669 8.42187518726573 8.80624999919729
-9999 -9999 -9999 -9999 -9999 -9999 -9999 -9999 -9999 -9999 -9999 -9999 -9999 -9999 -9999 -9999 -9999 -9999 -9999 -9999 -9999 -9999 -9999 -9999 6.32968752085914 4.36718750650939 -1.88593749987124 -10.0750000976772 -6.7531250605282 -5.79687499678153 -1.84999997621402 0.273437504580415 1.1031250034945 2.70624997141953 4.03124994054436 4.52343741839376 5.11249996030325 3.5375000077785 -0.114062514318041 3.06406248202173 3.60781250537186 3.73437499649821 3.90156249351053 4.24843750893325 4.97812496130169 5.92031245685369 6.55000000452995 6.58750001373884 6.39062505997713 6.15156249750401 6.15156249741462 6.54999997490642 6.70781242147828 6.54843752872195 6.1874999558627 5.96250003615018 6.41562503598629 6.74843741982427 7.2234374961778 7.76250001868598 7.87968748109782 7.73906250313668 7.83593755208701 8.26250002551078
-9999 -9999 -9999 -9999 -9999 -9999 -9999 -9999 -9999 -9999 -9999 -9999 -9999 -9999 -9999 -9999 -9999 -9999 -9999 -9999 -9999 -9999 -9999 -9999 6.62499995517767 4.53906248747966 -0.479687532567486 -9.95312502042217 -9.14843761219341 -5.52031247722257 -0.13749999819933 1.23593747878127 1.68593750906698 2.15468748121643 3.07968751259574 3.4312499628614 3.17343757655878 3.16875000617989 0.414062506511892 2.81875004625303 3.34218747515311 3.56249994406122 3.70468747249971 4.28125007069139 4.93437498070278 5.70312505258488 6.33750003623817 6.37500004446579 6.35937503714891 6.12031245210088 6.18281242241741 6.54374995815791 6.44375004631245 6.40156254195351 6.0937499777671 5.93906255807739 6.2015623897537 6.42656248836876 6.54218750501258 6.65937504978292 7.22343746588332 7.74843747875956 8.17656252496801 8.78281255056739
-9999 -9999 -9999 -9999 -9999 -9999 -9999 -9999 -9999 -9999 -9999 -9999 -9999 -9999 -9999 -9999 -9999 -9999 -9999 -9999 -9999 -9999 -9999 -9999 6.39062495553845 4.6859374429939 2.19687499768887 -7.55781258958069 -11.1265626290505 -5.58593743624786 0.724999991618207 1.19843750097465 1.37656250818602 1.88749999014909 1.85625000573163 0.46406249871112 0.12656250270156 1.47187500395562 1.11250001827544 3.25000000298468 3.76406250853336 3.73124998414641 3.76093749686424 4.36562500144568 4.71874998536546 4.96718745006926 5.33906243851865 6.22031244683722 6.39218759541927 6.27968759086005 6.20156238234748 6.46406251216533 6.41562507294163 6.33125004160475 6.14531242827446 6.07499992829668 6.12656239429803 5.9859375063678 5.76406250962947 6.21874993303365 7.35000000113464 8.10000013542282 8.53437502661966 8.66406248505193
-9999 -9999 -9999 -9999 -9999 -9999 -9999 -9999 -9999 -9999 -9999 -9999 -9999 -9999 -9999 -9999 -9999 -9999 -9999 -9999 -9999 -9999 -9999 -9999 6.98437505181436 4.19999996729642 1.66093752418734 -8.49687495535831 -12.6453124476842 -4.42812494479658 -0.503124994419611 0.326562499489721 0.724999999109668 1.31093751035199 1.4499999955592 0.381249996126335 0.321875007340946 0.443750006402174 2.09687500430793 3.71875001158939 3.89531250693443 3.82500001799954 3.79999997109042 4.02031250705258 4.21093745574695 4.28593754059496 4.47500007620269 5.35624999609085 5.99062497962573 6.10312498400747 5.86093749881263 6.08125001206862 6.48750001198 6.42656257011668 6.24062499411337 6.08593741796239 5.98125001776325 5.72812494628198 6.15625001478302 6.73281254592039 7.6640625296768 8.30937508495139 8.72500003874302 -9999
-9999 -9999 -9999 -9999 -9999 -9999 -9999 -9999 -9999 -9999 -9999 -9999 -9999 -9999 -9999 -9999 -9999 -9999 -9999 -9999 -9999 -9999 -9999 -9999 7.79062493135156 5.38124997198226 2.02656248175409 -4.81249998916653 -11.4781250556408 -4.49843749288359 -2.56562501965862 -0.723437497348565 0.373437503725482 0.931250006078265 1.26250000697056 0.531250006989051 0.24218750375014 0.81406250628625 2.1203125325352 3.13749999603029 3.49218748922905 3.53437499363314 3.4812499735313 3.57499999588304 3.73281249806668 3.94843751581555 4.21249996891371 4.74218752275667 5.29218749763084 5.460937448457 5.45312498543751 6.10937505196265 6.63750002503748 6.37968750297287 6.12812490026529 6.0859374181246 6.07031243292268 6.02812499513209 6.4140624922623 6.86406251049708 7.65468754633349 8.28125011923874 -9999 -9999
-9999 -9999 -9999 -9999 -9999 -9999 -9999 -9999 -9999 -9999 -9999 -9999 -9999 -9999 -9999 -9999 -9999 -9999 -9999 -9999 -9999 -9999 -9999 -9999 5.7453124833151 4.56875000941046 1.25468747931397 -6.96718747552557 -10.3125001366355 -5.2874999537366 -3.08281249939438 -0.706250002029733 0.457812503552915 0.893749991431834 0.814062506653661 0.228125005801038 0.331250008048836 0.917187512305852 1.77968749614442 2.45000002204711 2.85781250204065 2.9750000131945 2.99843748328207 3.12499998545118 3.40312502185626 3.79218750829107 4.13437492407749 4.4812499510317 4.80312500176905 4.77031246589616 4.94427084677131 6.66927083327218 7.44999993533777 6.8218749758792 6.27656251173742 6.34218758330704 6.55468749962564 6.43281250396386 6.42343751300732 6.54531248631736 7.39218749857596 -9999 -9999 -9999
-9999 -9999 -9999 -9999 -9999 -9999 -9999 -9999 -9999 -9999 -9999 -9999 -9999 -9999 -9999 -9999 -9999 -9999 -9999 -9999 -9999 -9999 -9999 4.84687496805175 4.20312495651136 3.30781248361889 -1.31874998171666 -8.52812497202163 -7.63593758436268 -3.96093749022194 -2.84375001234135 -0.382812503761864 0.809375003138522 0.949999990785217 0.720312497265219 0.303125007353431 0.500000003608201 1.02968750698292 1.55468749824714 1.98593748389415 2.29062500629712 2.39375003092794 2.48281249442742 2.65156252348468 3.02343751524514 3.56718748833522 3.97499996441286 4.27968753140222 4.55937494347805 4.61093739428226 4.86458331107919 6.01770837370797 6.81249994197617 6.99999994039535 6.4078125878949 6.44531255213211 6.92968741038081 7.52499996750733 7.52031244951615 6.86875005788033 -9999 -9999 -9999 -9999
-9999 -9999 -9999 -9999 -9999 -9999 -9999 -9999 -9999 -9999 -9999 -9999 -9999 -9999 -9999 -9999 -9999 -9999 -9999 -9999 -9999 -9999 4.40000006059806 3.75781253292065 3.2390624991017 1.67812501402315 -3.85468748762105 -7.37968745886779 -5.11718744837853 -2.6374999546682 -3.12187500517323 -1.23750000140869 0.748437510259744 0.776562501553662 0.582812506436871 0.414062507327199 0.431250005437099 0.918749998208204 1.46249999120524 1.8234374764796 2.0187499710303 2.09843743971597 2.21718750143904 2.3437500036961 2.64531249930603 3.31093749040911 3.78593751436771 4.08593747413457 4.29375003298687 4.43906255080259 4.57031250016783 5.03906250051807 5.42500001259223 5.6828126241977 -9999 -9999 -9999 -9999 -9999 -9999 -9999 -9999 -9999 -9999
-9999 -9999 -9999 -9999 -9999 -9999 -9999 -9999 -9999 -9999 -9999 -9999 -9999 -9999 -9999 -9999 -9999 -9999 -9999 -9999 -9999 -9999 5.22031248982479 3.96406246874797 3.37031253049644 -0.0890624902752191 -4.62812493443192 -6.11406250435516 -4.90624993646635 -3.15781251621242 -4.45312499946168 -2.75156250329021 -0.320312507923653 0.256250007194393 0.301562506829177 0.23125000501747 0.159375004252033 0.534375000410328 1.26562500016006 1.85156248883141 2.00468748428831 2.04218745978869 2.28750000143192 2.59687499665603 2.99218751431191 3.23593750598229 3.51406252777812 3.77187499431598 3.99374999504649 4.19531249278949 4.30781250471042 4.41093745128448 4.60000006170585 5.23750007915076 -9999 -9999 -9999 -9999 -9999 -9999 -9999 -9999 -9999 -9999
