current_scn/TSD.asc
NCOLS 720 
NROWS 360 
XLLCORNER -180 
YLLCORNER -90 
CELLSIZE 0.5 
NODATA_value -9999 
[rows 224 to 251 of 360, columns 567 to 629 of 720]
-9999 -9999 -9999 -9999 -9999 -9999 -9999 -9999 -9999 -9999 -9999 -9999 -9999 -9999 -9999 -9999 -9999 -9999 -9999 -9999 4.46846397048976 4.5676967809852 4.65856479849241 4.73090290626618 4.88893424620432 5.08106869989039 5.22148143738675 5.30641159093225 5.37202228910384 5.43164294408484 5.51547823147861 5.62145297872068 5.71967467561967 5.74930150256211 5.71975514531194 5.68292194449593 5.67673386806154 5.65596170272699 5.61690182533904 5.61221908062224 5.60799199797801 5.61418021227399 5.61049009733847 5.6140326899122 5.6220902714695 5.62091854149905 5.61518191850789 5.61363202496512 5.60623930229906 5.60941634717836 5.61721617754199 5.62505994651339 5.63642612439651 5.64100671487441 5.63385798804864 5.59648814702139 5.56766895744431 5.59092609472683 5.62863340062713 5.64696961816061 5.66634735565761 5.69052751845907 5.70622402414727
-9999 -9999 -9999 -9999 -9999 -9999 -9999 -9999 -9999 -9999 -9999 -9999 -9999 -9999 -9999 -9999 -9999 -9999 -9999 -9999 4.49062525939907 4.69163393744758 4.92421054962944 5.09342536393379 5.21653434852087 5.34015877908327 5.45544190422899 5.53278195589612 5.60201531100657 5.66718434782647 5.73560892233314 5.79556457889732 5.84438434906932 5.88223288174572 5.89985075174475 5.88292425729977 5.86017519031644 5.84029516493967 5.81475749587825 5.7852707901867 5.78352372185792 5.77711919833846 5.77219537212667 5.77068612535535 5.76396269333973 5.75725821442186 5.74830096744739 5.74547262590845 5.73509170582248 5.72603419598898 5.72105932527595 5.72748779353899 5.73309808274519 5.73609400141959 5.73047586623577 5.70927892301434 5.69879233444537 5.71580109559846 5.75492874272139 5.78896011271614 5.81436383946764 5.84261510416729 5.85820882049475
-9999 -9999 -9999 -9999 -9999 -9999 -9999 -9999 -9999 -9999 -9999 -9999 -9999 -9999 -9999 -9999 -9999 -9999 -9999 -9999 4.51746470836573 4.76348481672769 5.09135462768872 5.3358912045007 5.47303785177641 5.58565866463832 5.66646807166983 5.7388275985487 5.80097621356944 5.86352743464034 5.92207024762525 5.95291781931983 5.97212137446106 6.01176846933862 6.03857356284879 6.03950635271693 6.00925470169696 5.98041686652228 5.95953358334447 5.94234907152206 5.92703694722997 5.91859477313107 5.91496788203998 5.90104458770311 5.89629200983876 5.8811052890606 5.86309136433431 5.84755945641324 5.84375245045302 5.83151440478792 5.82355800358398 5.82589852362309 5.83383250594272 5.84218319748527 5.85302548814528 5.85303389746425 5.86326638930312 5.86672222192366 5.89607143023347 5.92742166995827 5.96653678016583 5.99055521651652 6.00010277751197
-9999 -9999 -9999 -9999 -9999 -9999 -9999 -9999 -9999 -9999 -9999 -9999 -9999 -9999 -9999 -9999 -9999 -9999 -9999 -9999 4.40718420131971 4.77414151306967 5.15800525182127 5.46568840581996 5.66330159032565 5.79516699520878 5.88292636564033 5.94037283789546 5.99601723853215 6.05421272868226 6.10203334899025 6.12396364901324 6.13090823158644 6.15977448394623 6.16748253868545 6.16346549859526 6.13710757061395 6.10722046461073 6.08605137867405 6.07162886360533 6.05539391462674 6.04664686454594 6.03531574210178 6.02381882727305 6.01522282495862 5.99395261153674 5.97971938579309 5.95261113826641 5.92833067492873 5.91362634340602 5.90070462337982 5.90333298318082 5.92377696353808 5.94309300567798 5.96376088182072 5.98951381693003 6.00854372488211 6.02085055700229 6.03324315139094 6.05511071670158 6.06854006840935 6.07026184116904 6.06884341939986
-9999 -9999 -9999 -9999 -9999 -9999 -9999 -9999 -9999 -9999 -9999 -9999 -9999 -9999 -9999 -9999 -9999 -9999 -9999 4.1247249628714 4.30271752701776 4.75343428941395 5.23961474353816 5.61066533774841 5.83132379803245 5.9649935682432 6.04698591580748 6.11913224251957 6.17470567835862 6.23042896165345 6.28023956404137 6.30823287319729 6.29917342715054 6.29136198587743 6.27989445337663 6.26546196351795 6.24856823803355 6.21482602950226 6.18503256423372 6.15897472275217 6.14634050077944 6.14556676799693 6.13456143915478 6.13225042293842 6.12991958477856 6.10197126140176 6.08253006732207 6.04335695245335 5.99703278622104 5.973817339705 5.95308623762041 5.96292927639079 5.97627445711375 6.00360373279925 6.04903885340269 6.08260985151219 6.11181423046237 6.12126664818214 6.11989805109139 6.12175544633008 6.1305400966112 6.13074394354292 6.1235549883248
-9999 -9999 -9999 -9999 -9999 -9999 -9999 -9999 -9999 -9999 -9999 -9999 -9999 -9999 -9999 -9999 -9999 -9999 -9999 4.05948848586433 4.20541718566413 4.76391417300356 5.34620291679603 5.79236363940523 5.99083246531194 6.10275773235539 6.1803329667247 6.24815397944078 6.30632827578767 6.37141875936798 6.44711513484842 6.48280856895067 6.43474967818155 6.38965248973755 6.36115742990456 6.33432131771846 6.31151855065131 6.28246524422826 6.25921412807863 6.23941788233854 6.23512150386976 6.22119377041331 6.21611570562693 6.22120519970279 6.21958228860004 6.19500838398909 6.1749349715345 6.10971936301909 6.05678048628387 6.0100372266236 6.0030817970883 6.02020490997699 6.0350600207428 6.0553730750033 6.09282626965418 6.14363848021499 6.18484723897313 6.1898021242976 6.1743851729926 6.15821192763609 6.16481770395239 6.1661241738592 6.17360146566386
-9999 -9999 -9999 -9999 -9999 -9999 -9999 -9999 -9999 -9999 -9999 -9999 -9999 -9999 -9999 -9999 -9999 -9999 -9999 -9999 4.37904780818641 4.87492233627468 5.44421354885304 5.88752846963286 6.08220813813964 6.18998031644168 6.26875662520626 6.3225599723904 6.36997422952127 6.43112379047798 6.52254295517656 6.5708369106864 6.49909204908735 6.44439534153678 6.41796022963107 6.39254076237806 6.36009538015748 6.32546480949524 6.29710683410869 6.27874735280479 6.27842225025941 6.26936391359169 6.26445991246543 6.28000743199699 6.279518995374 6.28655524326664 6.25045675118549 6.1887013768458 6.11362984677733 6.0503058270941 6.04431274404057 6.06057741362968 6.07745456186231 6.09993236399134 6.13415482160902 6.1901771551329 6.2453036325952 6.23025467365708 6.19733999268936 6.18551406967984 6.1853479205697 6.19342376792767 6.20293431583078
-9999 -9999 -9999 -9999 -9999 -9999 -9999 -9999 -9999 -9999 -9999 -9999 -9999 -9999 -9999 -9999 -9999 -9999 3.93117417616084 4.09187309044134 4.49785201823558 5.08525715011969 5.48990624025554 5.84630878296861 6.07598975943491 6.22147991972122 6.30264672206957 6.35002196655935 6.38056900976192 6.40750167100051 6.46698556302473 6.50456826262601 6.48283429015889 6.45320870607214 6.43665568304295 6.41453810665696 6.37540779618427 6.33951414775 6.31805115179182 6.29624812825613 6.28446355251759 6.28272903625758 6.2833066416785 6.29984101295657 6.31687668509661 6.34469908537806 6.31904274502207 6.23904621498869 6.14589566006934 6.07545223829759 6.05322711810575 6.05193297519788 6.07200985441801 6.09558914449893 6.13256844833492 6.18045747059077 6.21966383589434 6.21058857648839 6.19350994816381 6.18478254052645 6.19219199932853 6.1986033664055 6.21242153175939
-9999 -9999 -9999 -9999 -9999 -9999 -9999 -9999 -9999 -9999 -9999 -9999 -9999 -9999 -9999 -9999 -9999 -9999 -9999 4.22803089111658 4.65467324966546 5.18881203010432 5.47843356195538 5.78387340612501 6.03743126713275 6.21331369957923 6.30718735352703 6.3467723650903 6.34630135349618 6.33605556059911 6.36986844177432 6.43163871373867 6.44604760238426 6.43696462063717 6.43138268964991 6.40657092417128 6.36755222425575 6.32143182895207 6.29318362423153 6.27728762793787 6.26784908859999 6.25949033377416 6.26172894103818 6.27283563041192 6.30224724337442 6.33135030082016 6.3144434445443 6.21493649014465 6.12003954996048 6.05700620880033 6.02347842494361 6.0155419745792 6.03202038185138 6.05130194275559 6.0783336698176 6.1161601078363 6.15217697644857 6.15955482551868 6.1432096649524 6.14124548394274 6.1606161703237 6.183687801533 6.21466347372886
-9999 -9999 -9999 -9999 -9999 -9999 -9999 -9999 -9999 -9999 -9999 -9999 -9999 -9999 -9999 -9999 -9999 -9999 -9999 -9999 4.54191149825702 4.95635750581687 5.32302418179731 5.6623773264122 5.96774671041304 6.19296141002761 6.3073797826325 6.33513308311639 6.3178961544063 6.275554676847 6.30518893874879 6.40787852861853 6.45893087542404 6.44815026515311 6.42596075126721 6.38470252506576 6.35011139160988 6.30140664123078 6.26662074140235 6.23580028354667 6.22303213139299 6.20222450121383 6.20064110682239 6.20707610804705 6.21650320900846 6.21838488256794 6.20337898871147 6.12723086687681 6.04182378313019 5.98346698904181 5.93728605737847 5.92329889930699 5.9336343219167 5.94302273766438 5.95948916862194 5.98450130953729 6.01484128543091 6.03497245601292 6.05310253429781 6.06928866479872 6.09349394025789 6.13376184158855 6.18697975921448
-9999 -9999 -9999 -9999 -9999 -9999 -9999 -9999 -9999 -9999 -9999 -9999 -9999 -9999 -9999 -9999 -9999 -9999 -9999 -9999 4.47574497100996 4.60213555770305 5.04990869655684 5.49210175915044 5.87596673177355 6.16532933373752 6.28754955560918 6.30004011859989 6.28299198747347 6.27355044940793 6.30951144107333 6.39930599952753 6.4863287095459 6.49382720479561 6.39848952696335 6.33559114219049 6.29431774390809 6.24941267082607 6.19943495913488 6.16370589673846 6.14641275450679 6.11458828911928 6.1056111363508 6.09885586912707 6.08715127196387 6.0737809109197 6.04797022121169 5.9939326588039 5.91875803905085 5.8824433794226 5.82669839397082 5.80520577446582 5.807399930215 5.80304604413388 5.81494509294743 5.83417750262695 5.86477892028127 5.89138920366872 5.93040425953177 5.96165476108968 6.01777429571932 6.07772032021784 6.13863105925506
-9999 -9999 -9999 -9999 -9999 -9999 -9999 -9999 -9999 -9999 -9999 -9999 -9999 -9999 -9999 -9999 -9999 -9999 -9999 -9999 -9999 4.25555112645039 4.77734619816889 5.31396290803796 5.77346395477842 6.07721233561491 6.21172521601388 6.23646050112388 6.22234216350913 6.24202802351587 6.28831957568337 6.3468210966866 6.39749347698869 6.39176278171296 6.32276695227182 6.2520006136825 6.19717380586838 6.15537083788016 6.10630892293711 6.06572872630398 6.02495023889085 5.99695263731625 5.97524652629281 5.94881486469396 5.92530787422308 5.90474113942892 5.87565508669038 5.82681546623135 5.76987813584248 5.73174025795531 5.6806004637309 5.65752447973673 5.65141597080663 5.63896051756068 5.64761268408334 5.6618163431821 5.69606204363298 5.73170072586353 5.77160688909984 5.82999348763464 5.89788186467235 5.98440256456684 6.06300202284492
-9999 -9999 -9999 -9999 -9999 -9999 -9999 -9999 -9999 -9999 -9999 -9999 -9999 -9999 -9999 -9999 -9999 -9999 -9999 -9999 -9999 4.09980246973999 4.53518292821883 5.17628551130123 5.69068355756348 5.96566594809113 6.09104045248587 6.15805768561596 6.17532539408113 6.20843099435835 6.23135127471755 6.23631393113649 6.24122635362891 6.23689945926864 6.20484458004614 6.1428727633176 6.07544320797235 6.01591484124723 5.97777484030042 5.93842939063913 5.89862424485339 5.85237416422471 5.80878606037143 5.77292071907983 5.73731914806139 5.71859812523641 5.67975630596657 5.63225828165397 5.59228933716159 5.54999376258145 5.51230947724861 5.4817639588845 5.46816138289979 5.45725314226258 5.46553554391109 5.47303695343076 5.49696555341083 5.54192467157761 5.59852242313149 5.67415644140415 5.7557123940122 5.86138085451678 5.95006119786821
-9999 -9999 -9999 -9999 -9999 -9999 -9999 -9999 -9999 -9999 -9999 -9999 -9999 -9999 -9999 -9999 -9999 -9999 -9999 -9999 -9999 4.06644974549376 4.26936107364098 5.00777485529868 5.59491559582536 5.87267059142612 6.00622994739726 6.09754790045048 6.16626922942617 6.19107013622903 6.18716039548673 6.12595996241249 6.08770030754922 6.10268197483486 6.06402362439119 6.0016400683337 5.94581789088544 5.87651466328698 5.83666294788163 5.79070348055697 5.7430808995485 5.68919355695007 5.63329819859505 5.57454969806884 5.52929760403237 5.49416142921168 5.46190059279794 5.41706133275968 5.3778217036808 5.33742949894471 5.31057110565251 5.27771289493253 5.2640546701494 5.25052101042192 5.24627730008529 5.25405755536167 5.27400498589663 5.33536119570323 5.40397195745431 5.49264815053878 5.60085557914163 5.71690306893952 5.81236458760064
-9999 -9999 -9999 -9999 -9999 -9999 -9999 -9999 -9999 -9999 -9999 -9999 -9999 -9999 -9999 -9999 -9999 -9999 -9999 -9999 -9999 -9999 4.34980435681891 4.82399971496007 5.44018647377749 5.74297662313893 5.86962338504986 5.99536222148618 6.10781221155096 6.14034679555403 6.16226866589231 6.12510608194266 6.03632630164856 5.99770529890365 5.94905620575104 5.87789361940978 5.80102505337715 5.7342805283311 5.68684424632132 5.62844221168682 5.57483018310341 5.51094608546881 5.43340945639134 5.35593205568039 5.28954790496339 5.24595769698308 5.20663918825594 5.17080112527986 5.1420644695122 5.11460679646384 5.07504616415858 5.04809015262171 5.03772784571344 5.01221577727176 5.00403156625824 5.0056407013074 5.02916322950441 5.09610144657886 5.19084444403641 5.3001740666139 5.43025574643299 5.56071722785124 5.69244975528726
-9999 -9999 -9999 -9999 -9999 -9999 -9999 -9999 -9999 -9999 -9999 -9999 -9999 -9999 -9999 -9999 -9999 -9999 -9999 -9999 -9999 -9999 4.17824027537987 4.6109181708642 5.21672034058785 5.51141994254711 5.63183059624772 5.78700512163054 5.92693002187674 6.02129188066841 6.10033250118192 6.13851532366066 6.00398316983899 5.88828715861228 5.80267558201341 5.72083126758844 5.64449187990787 5.57035610716453 5.51323909507376 5.45650347751314 5.384486558616 5.30131970903868 5.2099956010835 5.11726148792167 5.05273569375057 5.00099750699192 4.9653798240362 4.93659538633231 4.90868220840488 4.87596843184979 4.83194508768588 4.80005965383215 4.78215441970438 4.77986187302358 4.76486681764893 4.74153040899086 4.75591403433973 4.83803512565607 4.95383488025851 5.09926226021891 5.25989781050472 5.42253015614196 5.57286823427939
-9999 -9999 -9999 -9999 -9999 -9999 -9999 -9999 -9999 -9999 -9999 -9999 -9999 -9999 -9999 -9999 -9999 -9999 -9999 -9999 -9999 -9999 -9999 4.06465941452098 4.87376296883894 5.31749951136521 5.37709551376431 5.54717536018683 5.70445253682037 5.83727127173486 5.93253773489603 5.95394971551891 5.85117380704252 5.71937166543399 5.60773520330358 5.52034218774 5.46235012454888 5.39901941722569 5.32762654265618 5.25849986427938 5.17051659922278 5.07102441176326 4.97190749040567 4.87713750232454 4.79611880116619 4.73245268825223 4.68939162207338 4.66500291304972 4.65106420610842 4.61768637306059 4.54710232235007 4.51069893481912 4.51530397932684 4.53635722325378 4.51748111764279 4.47019928948576 4.48235035410901 4.57839247401879 4.7063738414857 4.86908967036714 5.05929017618423 5.27138326211086 5.45879204433234
-9999 -9999 -9999 -9999 -9999 -9999 -9999 -9999 -9999 -9999 -9999 -9999 -9999 -9999 -9999 -9999 -9999 -9999 -9999 -9999 -9999 -9999 -9999 3.65305038121476 4.50748085690499 5.23043580248763 5.28492567384573 5.39748304763521 5.49886477553477 5.61977231889388 5.71658631754777 5.73429294846566 5.63769949561217 5.50313522154224 5.36340291546663 5.25768076398033 5.2407447488855 5.19617223837849 5.13330446553222 5.05927044700883 4.959965747471 4.84556199012977 4.72633209422071 4.6162344937486 4.50511551566177 4.43141155407817 4.3783021595801 4.35680868477467 4.35698741048603 4.32130348821599 4.21289360373639 4.16630651656953 4.19773629506223 4.25816179196269 4.24825102264228 4.21392521711508 4.22160178232504 4.31183605161292 4.43823500726392 4.59494358457164 4.80084342896105 5.05630256455954 5.28039990563412
-9999 -9999 -9999 -9999 -9999 -9999 -9999 -9999 -9999 -9999 -9999 -9999 -9999 -9999 -9999 -9999 -9999 -9999 -9999 -9999 -9999 -9999 -9999 3.68810868234454 4.13290627664795 4.94696343746941 5.251148692168 5.31888249468469 5.37204256442242 5.43083096101437 5.51759668668981 5.53903919069096 5.41633500482443 5.2628141070847 5.13048550538807 5.03548880948247 5.01303351317093 4.97168216682476 4.9098036861608 4.83736958919191 4.74043848775539 4.61411407551294 4.4882057990626 4.34146925134686 4.20763511429919 4.10447314927627 4.0424799502383 4.01522491358575 3.98106097745263 3.90564235962006 3.77985687940289 3.76200635643469 3.82620103889906 3.90427740257177 3.92630247338616 3.94598229361258 3.96462509794761 4.02516451714915 4.13502282189642 4.27299473041279 4.47710536848035 4.73481537338901 4.99159096560825
-9999 -9999 -9999 -9999 -9999 -9999 -9999 -9999 -9999 -9999 -9999 -9999 -9999 -9999 -9999 -9999 -9999 -9999 -9999 -9999 -9999 -9999 -9999 -9999 3.92587530296249 4.76244222059281 5.22366481651934 5.23110592426905 5.222986600601 5.24011323304927 5.31683349506102 5.30683242977896 5.17214493533166 5.01871266477619 4.89582404545606 4.82514870392431 4.79547508649427 4.7419057027896 4.67941668308188 4.61028846872865 4.51520867594929 4.39460150244019 4.23551025620942 4.06176634297626 3.89122671234319 3.76135666345643 3.69437823358395 3.65240831883221 3.59312801203759 3.50187140498629 3.39893654339509 3.54954762574114 3.64976107262544 3.73464195813864 3.77394231828088 3.82920842260768 3.76074253188026 3.74173033759957 3.81869882881036 3.9229656873091 4.09035284583821 4.35970736873069 4.65623222567162
-9999 -9999 -9999 -9999 -9999 -9999 -9999 -9999 -9999 -9999 -9999 -9999 -9999 -9999 -9999 -9999 -9999 -9999 -9999 -9999 -9999 -9999 -9999 -9999 3.90642093947977 4.62877909593292 5.03696080067328 5.04412465085395 4.97886235160208 5.01837521696952 5.12570805907469 5.06381555418936 4.88614884081789 4.7166990168721 4.58939277401314 4.54038783593279 4.52124671658691 4.45356852689667 4.3920151183845 4.33703942312914 4.29244231283328 4.15804251371231 3.98057530254185 3.79166483319022 3.62237473130099 3.48375564961903 3.41101549111178 3.39476790301954 3.37481961341198 3.3404612486791 -9999 -9999 -9999 -9999 -9999 -9999 -9999 -9999 3.66198558143992 3.69001136075763 3.7578793514576 3.9984821900395 4.31449089542058
-9999 -9999 -9999 -9999 -9999 -9999 -9999 -9999 -9999 -9999 -9999 -9999 -9999 -9999 -9999 -9999 -9999 -9999 -9999 -9999 -9999 -9999 -9999 -9999 3.87441931785888 4.50999578456184 4.75795315730728 4.71376101817709 4.73861771244826 4.78538510148425 4.83278174198323 4.7245756621741 4.51787099445204 4.33884969327458 4.2121614247744 4.12241743305003 4.06939399280046 4.03987593309402 4.01310100448335 4.00055558358342 3.97879674109901 3.87183295401207 3.72679670974186 3.62077520636208 3.55026577400358 -9999 -9999 -9999 -9999 -9999 -9999 -9999 -9999 -9999 -9999 -9999 -9999 -9999 -9999 -9999 -9999 3.70031866090959 3.96458812588842
-9999 -9999 -9999 -9999 -9999 -9999 -9999 -9999 -9999 -9999 -9999 -9999 -9999 -9999 -9999 -9999 -9999 -9999 -9999 -9999 -9999 -9999 -9999 3.14071439086337 3.96204941993633 4.39095827692053 4.48334637184005 4.46830131436585 4.50044773792281 4.49962015853359 4.43632681251703 4.28571864635731 4.08188812150914 3.92609337865932 3.79112410629919 3.66472460672859 3.5708654420767 3.56840250471529 3.60813451418644 3.62446587202105 3.6123560696221 3.62505405852119 -9999 -9999 -9999 -9999 -9999 -9999 -9999 -9999 -9999 -9999 -9999 -9999 -9999 -9999 -9999 -9999 -9999 -9999 -9999 3.48916783461607 3.592292938353
-9999 -9999 -9999 -9999 -9999 -9999 -9999 -9999 -9999 -9999 -9999 -9999 -9999 -9999 -9999 -9999 -9999 -9999 -9999 -9999 -9999 -9999 -9999 3.1226686883518 3.79815528408203 4.13392034500482 4.16642950595242 4.17357517011574 4.19385912950189 4.14574921833629 4.01836663694481 3.82639912842078 3.62775303989591 3.4919674375589 3.40093694103906 3.2767249506297 3.1310251859712 3.14476579630887 3.23330013046186 3.2741323174963 3.30154995654513 -9999 -9999 -9999 -9999 -9999 -9999 -9999 -9999 -9999 -9999 -9999 -9999 -9999 -9999 -9999 -9999 -9999 -9999 -9999 -9999 -9999 -9999
-9999 -9999 -9999 -9999 -9999 -9999 -9999 -9999 -9999 -9999 -9999 -9999 -9999 -9999 -9999 -9999 -9999 -9999 -9999 -9999 -9999 -9999 -9999 2.81163512918767 3.27493990120757 3.60298984529431 3.71585608580635 3.76109204162853 3.73522657252312 3.59320229515107 3.4507824958156 3.35558714259957 3.28085452239726 -9999 -9999 -9999 -9999 -9999 -9999 -9999 -9999 -9999 -9999 -9999 -9999 -9999 -9999 -9999 -9999 -9999 -9999 -9999 -9999 -9999 -9999 -9999 -9999 -9999 -9999 -9999 -9999 -9999 -9999
-9999 -9999 -9999 -9999 -9999 -9999 -9999 -9999 -9999 -9999 -9999 -9999 -9999 -9999 -9999 -9999 -9999 -9999 -9999 -9999 -9999 -9999 -9999 -9999 2.96147905189696 3.07857492588925 3.21229871562137 3.25504286394354 3.15752323129133 3.01533080452813 3.1111371422185 3.17930143459723 -9999 -9999 -9999 -9999 -9999 -9999 -9999 -9999 -9999 -9999 -9999 -9999 -9999 -9999 -9999 -9999 -9999 -9999 -9999 -9999 -9999 -9999 -9999 -9999 -9999 -9999 -9999 -9999 -9999 -9999 -9999
-9999 -9999 -9999 -9999 -9999 -9999 -9999 -9999 -9999 -9999 -9999 -9999 -9999 -9999 -9999 -9999 -9999 -9999 -9999 -9999 -9999 -9999 -9999 -9999 -9999 -9999 -9999 -9999 2.80824856848472 -9999 -9999 -9999 -9999 -9999 -9999 -9999 -9999 -9999 -9999 -9999 -9999 -9999 -9999 -9999 -9999 -9999 -9999 -9999 -9999 -9999 -9999 -9999 -9999 -9999 -9999 -9999 -9999 -9999 -9999 -9999 -9999 -9999 -9999
-9999 -9999 -9999 -9999 -9999 -9999 -9999 -9999 -9999 -9999 -9999 -9999 -9999 -9999 -9999 -9999 -9999 -9999 -9999 -9999 -9999 -9999 -9999 -9999 -9999 -9999 -9999 -9999 -9999 -9999 -9999 -9999 -9999 -9999 -9999 -9999 -9999 -9999 -9999 -9999 -9999 -9999 -9999 -9999 -9999 -9999 -9999 -9999 -9999 -9999 -9999 -9999 -9999 -9999 -9999 -9999 -9999 -9999 -9999 -9999 -9999 -9999 -9999
