current_scn/TSD.asc
NCOLS 720 
NROWS 360 
XLLCORNER -180 
YLLCORNER -90 
CELLSIZE 0.5 
NODATA_value -9999 
[rows 56 to 83 of 360, columns 189 to 251 of 720]
-9999 -9999 -9999 -9999 -9999 -9999 -9999 -9999 -9999 -9999 12.1124020172608 11.9804674537697 -9999 -9999 11.4576999587338 11.4611795408629 11.4447304653586 11.4624964076467 11.490189529098 11.5163899145281 11.5206773202709 11.5239352899989 11.5171092303198 11.5136819309335 11.497550709926 11.4099971306276 11.308936087626 11.1681439625747 -9999 -9999 -9999 -9999 -9999 -9999 -9999 -9999 -9999 -9999 9.85679334278616 9.38581243016785 8.99044035169108 8.77186221419838 -9999 -9999 -9999 -9999 -9999 -9999 -9999 -9999 -9999 -9999 -9999 -9999 -9999 -9999 -9999 -9999 -9999 -9999 -9999 -9999 -9999
-9999 -9999 -9999 -9999 -9999 -9999 -9999 -9999 -9999 -9999 -9999 -9999 -9999 -9999 -9999 11.5768735132408 11.5694756867943 11.5547655730273 11.5607873836485 11.5652041913298 11.5716996450196 11.5720119399227 11.5568446438999 11.5441509621648 11.4999223849084 11.432716882409 11.3247372863251 11.1916556889172 11.0486611900809 10.8185202455134 10.6004490352931 -9999 -9999 -9999 -9999 -9999 -9999 -9999 -9999 -9999 8.99678768291657 -9999 -9999 -9999 -9999 -9999 -9999 -9999 -9999 -9999 -9999 -9999 -9999 -9999 -9999 -9999 -9999 -9999 -9999 -9999 -9999 -9999 -9999
-9999 -9999 -9999 -9999 -9999 -9999 -9999 -9999 -9999 -9999 -9999 -9999 -9999 -9999 11.7646887313133 11.7045797193645 11.6624138472167 11.647250862635 11.6318763336853 11.6190317096312 11.6186527285655 11.6102909143215 11.589781024796 11.5561993219163 11.5095024389522 11.4453051473848 11.3565799871671 11.2415067302598 11.102523112321 10.9018807128749 10.6434062556789 10.3629749005868 -9999 -9999 -9999 -9999 -9999 -9999 -9999 -9999 -9999 9.14147029938541 -9999 -9999 -9999 -9999 -9999 -9999 -9999 -9999 -9999 -9999 -9999 -9999 -9999 -9999 -9999 -9999 -9999 -9999 -9999 -9999 -9999
-9999 -9999 -9999 -9999 -9999 -9999 -9999 -9999 -9999 -9999 -9999 -9999 -9999 -9999 -9999 11.7667849029335 11.7715577953778 11.7390763683341 11.7171967306845 11.6957969380222 11.6732751463855 11.6591448739787 11.6364333582329 11.5943751781436 11.5597357092317 11.4982200450702 11.4191174115502 11.3066961991396 11.1737928554196 11.0200909207225 10.8357974105122 10.6723845145552 -9999 -9999 10.6622589092904 -9999 -9999 -9999 -9999 -9999 9.54160481168359 9.31559320331105 9.25874830976345 -9999 -9999 -9999 -9999 -9999 -9999 -9999 -9999 -9999 -9999 -9999 -9999 -9999 -9999 -9999 -9999 -9999 -9999 -9999 -9999
-9999 -9999 -9999 -9999 -9999 -9999 -9999 -9999 -9999 -9999 12.3354185481662 -9999 -9999 -9999 -9999 11.9675806595526 11.8824517717912 11.8475753541575 11.8081943572316 11.7842459900709 11.7558802163471 11.7257855636323 11.7030383048577 11.6738961300596 11.6331190373341 11.5834081709211 11.5136752807551 11.4346961766176 11.3417544204727 11.2286735094008 11.118114958769 11.0296664789345 11.0324158463393 -9999 -9999 -9999 -9999 -9999 -9999 9.97974686824366 9.85623552557234 9.6808140286487 9.51266575764712 -9999 -9999 -9999 -9999 -9999 -9999 -9999 -9999 -9999 -9999 -9999 -9999 -9999 -9999 -9999 -9999 -9999 -9999 -9999 -9999
-9999 -9999 -9999 -9999 -9999 -9999 -9999 -9999 -9999 -9999 -9999 -9999 -9999 -9999 12.1254433137215 12.0442393983927 11.9915010535795 11.9392940347779 11.899225584827 11.8701414992445 11.839450746819 11.8163222514379 11.7971294845652 11.7654012876289 11.733636394744 11.6966900082046 11.6550720136618 11.6080077870606 11.5521542686127 11.4928841313522 11.4279942851276 11.3693125514378 11.3869646804646 -9999 -9999 -9999 -9999 -9999 -9999 10.3867758504562 10.19726386895 10.0668714834078 9.88530327359105 9.69523028206514 9.59394128199038 -9999 -9999 -9999 -9999 -9999 -9999 -9999 -9999 -9999 -9999 -9999 -9999 -9999 -9999 -9999 -9999 -9999 -9999
-9999 -9999 -9999 -9999 -9999 -9999 -9999 -9999 -9999 -9999 -9999 -9999 -9999 12.2257113167313 12.2056840555913 12.150238704294 12.0879478139463 12.029916904336 11.9992577711373 11.9656101151583 11.9347806625929 11.9117585187897 11.9023552979102 11.8837872000513 11.8628768047095 11.843336247047 11.8164961083627 11.7875282306537 11.7664317194084 11.7525128846555 11.736219991332 11.720177335726 11.7591055169664 11.7638646369895 11.8664667881242 11.7872936898795 11.5465588586926 11.2883133866435 10.951507250884 10.717619588721 10.5574317620545 10.4048160150671 10.2374524616643 10.0510118314623 9.8009502364657 9.67869109517222 -9999 -9999 -9999 -9999 -9999 -9999 -9999 -9999 -9999 -9999 -9999 -9999 -9999 -9999 -9999 -9999 -9999
-9999 -9999 -9999 -9999 -9999 -9999 -9999 -9999 -9999 -9999 -9999 -9999 -9999 -9999 12.2359848164489 12.1949001359728 12.1481997038293 12.1043457200765 12.0709903201078 12.0498037519372 12.0244558320231 12.0137194702804 12.005062630721 11.9966658749508 11.9861480899806 11.9744964827736 11.9760302003411 11.9758047876978 11.9917413589224 12.0107701785418 12.0330390955271 12.0823737966131 12.1283462495515 12.1442459019106 12.080126686081 11.8935313629309 11.6615216296383 11.4485714294468 11.2444564027491 11.05436175924 10.9006650526559 10.7401851568774 10.5486856279014 10.3308881789013 10.0632109851191 9.82692809842112 9.7107549750317 -9999 -9999 -9999 -9999 -9999 -9999 -9999 -9999 -9999 -9999 -9999 -9999 -9999 -9999 -9999 -9999
-9999 -9999 -9999 -9999 -9999 -9999 -9999 -9999 -9999 -9999 -9999 -9999 -9999 -9999 -9999 -9999 12.1564018682802 12.1521707258112 12.1305529440351 12.1204332961835 12.1099322706456 12.1054498145149 12.1074451227654 12.106805051597 12.1097053260852 12.118894634379 12.1431697369132 12.1581093312315 12.1947907417188 12.2414780782462 12.2941413035652 12.3603728844037 12.4205416621099 12.4354773109738 12.3423015611815 12.1477192109188 11.9273716923909 11.732942518368 11.5449325611818 11.3764663797576 11.2201421071258 11.0676375201981 10.8747559685943 10.6366870523184 10.3747155697963 10.0908022691668 9.83647326523617 9.67310416154295 -9999 -9999 -9999 -9999 -9999 -9999 -9999 -9999 -9999 -9999 -9999 -9999 -9999 -9999 -9999
-9999 -9999 -9999 -9999 -9999 -9999 -9999 -9999 -9999 -9999 -9999 -9999 -9999 -9999 -9999 -9999 -9999 12.1737243015058 12.1906661639505 12.184907684593 12.1823485916432 12.1835743101261 12.2020744359183 12.2201590145038 12.2388347332411 12.2575317139721 12.2778503248221 12.3052885415467 12.3551640076165 12.415178318148 12.4977890796084 12.5842745235909 12.6602560087407 12.6391839436643 12.5098944028855 12.3349331318021 12.1325067347481 11.9628488224045 11.8053346713581 11.6591731491887 11.5155703559537 11.372256548313 11.1693660334392 10.9269924883962 10.650590696311 10.3563372585124 10.0381617627076 9.79159031741954 -9999 -9999 -9999 -9999 -9999 -9999 -9999 -9999 -9999 -9999 -9999 -9999 -9999 -9999 -9999
-9999 -9999 -9999 -9999 -9999 -9999 -9999 -9999 -9999 -9999 -9999 12.3880895534004 12.3200686389559 -9999 -9999 -9999 -9999 12.2185208847386 12.233657060691 12.2459200801976 12.2630739646888 12.2765378108411 12.2880468227265 12.3084620550493 12.330458840661 12.3595246346593 12.3948584504842 12.4398029715127 12.4888078759207 12.5571858095052 12.6428517593202 12.726757805736 12.7913278206683 12.7471571027994 12.6003533577739 12.446182838983 12.287599625827 12.1304183524074 12.0026246426156 11.8995505852768 11.7961016504795 11.6576197931638 11.4523806769476 11.1897006559858 10.9058882394394 10.5976472864761 10.2699393456984 9.96247284800681 9.71841971638021 -9999 -9999 -9999 -9999 -9999 -9999 -9999 -9999 -9999 -9999 -9999 -9999 -9999 -9999
-9999 -9999 -9999 -9999 -9999 -9999 -9999 -9999 -9999 -9999 12.4030146622048 12.3687248126047 12.3105930651315 12.2617773023637 -9999 -9999 -9999 12.2446639995609 12.2591251196867 12.3044876211881 12.3247821809507 12.3501548662802 12.3629372596881 12.3986047511532 12.4234405853319 12.4547024247051 12.4953035483667 12.5379699907415 12.5865686091826 12.6407241621933 12.7203464457918 12.7753183729914 12.7918194280739 12.7322293437095 12.6356959525333 12.514715318442 12.3768092457555 12.2571908021076 12.1481237545127 12.0763811081098 12.0197634970318 11.9168070017426 11.6874920959389 11.4013336563629 11.1070475957408 10.7987762157505 10.4728404548391 10.1367207115882 9.84184366985046 -9999 -9999 -9999 -9999 -9999 -9999 -9999 -9999 -9999 -9999 -9999 -9999 -9999 -9999
-9999 -9999 -9999 -9999 -9999 -9999 -9999 -9999 -9999 -9999 -9999 12.3557869295848 -9999 -9999 -9999 -9999 12.2341253592315 12.2977477836521 12.3423805701331 12.3742360515267 12.3995904361319 12.4237265430797 12.4473335676355 12.4774431337203 12.5010988350469 12.534568889351 12.5695682392578 12.6085937925073 12.6510142958699 12.698747674476 12.7491372008666 12.7756367292637 12.7681649918929 12.7093661821593 12.6203355620429 12.5195020312014 12.406389682089 12.3046466921627 12.2370968760213 12.1811203149625 12.1365023130578 12.0201075081088 11.8239186077098 11.5806713852662 11.303668932959 11.014361405375 10.7212326604412 10.3812726763756 10.0427350401202 9.70701918134424 9.46545276176193 -9999 -9999 -9999 -9999 -9999 -9999 -9999 -9999 -9999 -9999 -9999 -9999
13.3486296248137 13.2735504065227 13.2087388231475 13.1193775178081 13.036717327565 12.9342931705473 12.8490833964603 -9999 -9999 -9999 -9999 -9999 -9999 -9999 12.2040224435669 12.2111987361542 12.2813561957441 12.3564627665288 12.4078431186824 12.4426242550327 12.4661398435436 12.4963438680466 12.5221011716768 12.5427361956669 12.5725432691028 12.5922302294079 12.6188858362685 12.6446345483235 12.6802778407806 12.7084315715354 12.7384887661514 12.7512841347999 12.7299702027439 12.6796882801503 12.6019118769279 12.5068509789951 12.3993274808348 12.3082791802494 12.2774164473823 12.2394207661581 12.1878275434292 12.0871426405804 11.9225132297201 11.7175296582944 11.4738661665362 11.223203560615 10.9477304619977 10.6169876076356 10.2710578056176 9.92469520258827 9.61059509742479 9.44142039643366 9.26990524182248 -9999 -9999 -9999 -9999 -9999 -9999 -9999 -9999 -9999 -9999
13.3542115441475 13.2887443320889 13.2003222980732 13.1193784932597 13.0303660751171 12.9388926522932 12.8558036776863 -9999 -9999 -9999 -9999 12.2372146371153 12.2162476571603 12.2129288323805 12.246604630439 12.321210252269 12.3899368468317 12.4425826454253 12.4838500767148 12.5166790548062 12.5347126791383 12.5548012301294 12.5819892728216 12.601524100225 12.6165999528069 12.6371720221499 12.6591098559704 12.675381344896 12.6952293252233 12.718471684475 12.7232439158989 12.7098913664193 12.6791378940397 12.6384343417317 12.562378182271 12.4713790585574 12.3787368676287 12.2866429545209 12.2692384294524 12.2589738728309 12.2205307093842 12.13440098347 11.9996446051823 11.8190212889974 11.603363845429 11.350089172889 11.112392024712 10.8466644361617 10.5426401318809 10.241684100773 9.96312183412426 9.69371769501067 9.45797426227634 9.19329174035524 8.91153624965835 8.66002306096584 -9999 -9999 -9999 -9999 -9999 -9999 -9999
13.3329636461052 13.2740650657358 13.2084313315179 13.1276415034864 13.0366872004388 12.9416100207334 12.8598674007804 -9999 -9999 -9999 -9999 12.2118679884196 12.1808548522732 12.2073995648199 12.3372174247077 12.4637489415892 12.5261773346142 12.5408742847839 12.5480834846226 12.5640386607423 12.5812586714622 12.6011118845133 12.6228598638919 12.6387014647961 12.647309450809 12.6628999144433 12.6764107486617 12.6834963437748 12.6976954103092 12.6966601078578 12.6877016544097 12.6595949510181 12.6231587637078 12.5687521126891 12.5005140265429 12.4261751053882 12.3507832302382 12.296639335674 12.2754460411048 12.2724851641219 12.2392024977677 12.1712097547406 12.0534650857492 11.8869346528826 11.6797099473486 11.4571013600376 11.2326035234837 11.0073459880073 10.788202724065 10.5696264688675 10.3198758717649 10.0019931336395 9.68510349158813 9.36053953721697 9.04992173166312 8.73225560531772 8.57072560487887 -9999 -9999 -9999 -9999 -9999 -9999
13.2916439762274 13.2348307556964 13.175001539821 13.106919339567 13.0342269924865 12.9526682741646 12.8727852644716 -9999 -9999 -9999 -9999 -9999 12.1421287157631 12.2106573063399 12.4100243071176 12.6070149177338 12.6445640878685 12.6238301537729 12.6104225705678 12.6145645745511 12.6201140742705 12.6284763341616 12.6421283998678 12.6526776007759 12.6708035207332 12.6720594370921 12.6849534578161 12.6855586187811 12.6743379042795 12.6656814653836 12.6449902696891 12.6088712278059 12.5603867015252 12.4974071956095 12.4398849766761 12.3708340675578 12.3190496338755 12.2862529962069 12.2871726488244 12.2869609807504 12.2529772982772 12.1780623410172 12.0805293859583 11.9201778314293 11.727779887624 11.5313079230029 11.346281869682 11.1521733529694 10.9587909135323 10.7918856532718 10.5635736183397 10.1743120134659 9.81629616319199 9.52138607123629 9.18438340365873 8.85083439499995 8.53704652643897 8.15709839135251 7.70877326048953 -9999 -9999 -9999 -9999
13.2518385488936 13.1999560999487 13.141734579887 13.085193474177 13.0206655089103 12.9500437576847 12.8856343527058 12.7831169276044 12.6704473882554 12.5993523222865 12.3751992030171 12.3478322219614 -9999 12.2801348581461 12.4416327834365 12.6183263269199 12.6691572363018 12.6570411121607 12.6498859416274 12.6541164983275 12.6611033366464 12.6651801634102 12.6711295034328 12.6740445555188 12.6783257286156 12.6809441019655 12.6736233361686 12.6751444372843 12.6706919603266 12.65411624587 12.606343338296 12.5535597035257 12.4893274522546 12.4269737097979 12.3588161253289 12.2980401767621 12.2539557533598 12.232420263334 12.2748807971119 12.3018873588843 12.2589543497127 12.1600034669954 12.038040701861 11.8734816589678 11.6759756817245 11.4897597386776 11.3091985463761 11.1511079804771 11.0052338453461 10.9008018305516 10.6861354699956 10.3173402846859 9.96491909662991 9.61008880664293 9.23408714161472 8.86716866488075 8.53278780295403 8.15761874179176 7.72029497013757 7.39834287372666 -9999 -9999 -9999
13.1940074975369 13.150106318793 13.1015122465774 13.0480160081951 12.9931690578829 12.9442275069238 12.8868375017185 12.8150868063788 12.6889971811932 12.5827717907805 -9999 -9999 -9999 12.3186841908998 12.4112614086551 12.5383848668621 12.6172089375874 12.6430370107908 12.6512900088323 12.6607156260209 12.6696674155863 12.6769033334384 12.681427543604 12.6776867710162 12.6725730841816 12.6586414886354 12.6450641118932 12.6331489997064 12.6240543446357 12.5922848256709 12.528204132429 12.4665292213762 12.4072237411422 12.3376934051434 12.2639274291644 12.2082406924401 12.1726895903072 12.1643355445302 12.2390918547816 12.2746316179766 12.1991636810875 12.0632644341261 11.9286907868201 11.7955219787406 11.6154497105797 11.403073056987 11.2044731380006 11.0346617552041 10.904326476226 10.7753508685105 10.5629377470364 10.2604472329782 9.92365168757451 9.57204146179923 9.20170123379771 8.83491878300656 8.47536626242928 8.09970876056631 7.70465719623105 7.41033007229851 -9999 -9999 -9999
13.1237621428343 13.0811974716002 13.0378768817762 12.9986806526885 12.9592567400245 12.9243292648254 12.8854230832902 12.8265307886814 12.7057130891653 -9999 -9999 -9999 -9999 12.3165999473336 12.3756234251531 12.4821831855867 12.5681377227051 12.6096246489403 12.6323914463929 12.647522293274 12.6584823001582 12.6662776110661 12.666416624385 12.6592398294109 12.640773069497 12.616629787298 12.5989872822509 12.5739412618007 12.5406335700514 12.5035170585241 12.4323909792435 12.3557287782304 12.2794753303743 12.2069688846363 12.1348014089701 12.070931783933 12.0541910552842 12.0860824199425 12.2024823439389 12.2680659003483 12.1149654184415 11.8950278551756 11.6950828393977 11.5576494056614 11.4343402646777 11.2279223907817 11.0053745714399 10.8293545656145 10.6716336708608 10.5034838960653 10.3087424446325 10.0671356910542 9.80005202167228 9.49464870407302 9.12821619088676 8.74163643123867 8.38596262262513 8.07992630919436 7.7604327235299 7.41021949503207 -9999 -9999 -9999
13.0104936838029 12.9812262886078 12.9459538905773 12.9190366637906 12.899728322841 12.8751913237636 12.8363587623172 12.7724284000111 12.658100016051 12.5399828956269 12.4838692027125 12.3522967865477 12.3466408849357 12.3365728851522 12.3819307292994 12.4556300270053 12.525906651582 12.5682516322668 12.5980738338011 12.6165987227825 12.6317572581877 12.6458516042012 12.6416284660769 12.623966756982 12.60147679114 12.5836646031139 12.5385964885067 12.46165580643 12.4006609267728 12.3436686783875 12.2707692151004 12.211716557753 12.1308997556236 12.0531303973201 11.9572802393658 11.9299108166435 11.9040733959393 11.9015668028982 11.9872179174074 12.0501370127623 11.8100233136854 11.5624556324537 11.3675456504898 11.2139434668189 11.1350635829897 10.9368871657105 10.7079818598071 10.5109747760971 10.3564448259702 10.1788648606902 9.98280861701951 9.79757414499372 9.60397525576248 9.36749794292909 9.01717277059745 8.60818327280155 8.26652929620094 8.1041353610009 7.91654705295418 7.67719005465901 -9999 -9999 -9999
12.8696274122148 12.8429982099372 12.8258024566704 12.8169531886727 12.8202650156032 12.8086900766877 12.7757215689057 12.700777221873 12.5973590737788 12.4822622173384 12.4172090210832 12.3812499901046 12.3589609252697 12.3600159213538 12.3944114736215 12.4503944264551 12.494619978343 12.5255616184628 12.5494815194207 12.5737644186396 12.585500561335 12.6061680598668 12.6070131446633 12.5947522606541 12.5564942964414 12.4971692465519 12.4225557582023 12.3406244316871 12.2451771726092 12.1708494935401 12.1223609905626 12.0784130146363 12.0054319227576 11.9020687689227 11.7987281564513 11.7113172999659 11.654232503539 11.5797627673139 11.5141175617734 11.461637531504 11.2440441929256 10.9947379031802 10.8638416928847 10.7417222004009 10.6313713145624 10.4928929573062 10.2831847557509 10.0872124859593 9.9351353546233 9.76858021135778 9.60266057565485 9.43784615018867 9.32902019081603 9.19649961107466 8.92807342315127 8.52500595761224 8.17513430311662 8.24891035037073 8.22022038752892 8.00175854572813 -9999 -9999 -9999
12.6954293817223 12.6636686364102 12.6653788938976 12.6987438407225 12.7352046731525 12.7342689876291 12.6866990745013 12.6205997839456 12.5376861814914 12.4633162740517 12.4266905503417 12.3911050453446 12.3764885588666 12.3854012304585 12.4021266789212 12.4344157110434 12.4562883719261 12.468473517275 12.4851076622518 12.503303714026 12.5215689942998 12.5440385617534 12.5595459978548 12.5448485513887 12.5054006549908 12.4308258233428 12.3280383160222 12.2103148857761 12.0908796386324 11.9839807003267 11.9501222339398 11.9697697738406 11.8860757722683 11.7644894716237 11.6086309860366 11.4286875351358 11.3025537037679 11.1427041577124 10.9186655773836 10.769913013269 10.5385577202567 10.3406883124349 10.1004201692347 10.0423798276735 9.97796312697612 9.91900381147448 9.79167850562648 9.62577956367481 9.45331456497721 9.29358508265382 9.13288968197349 8.97312485796596 8.98695464730125 8.97338270771248 -9999 -9999 8.2426108536593 8.40210348267988 8.46411717225361 8.3040586008677 -9999 -9999 -9999
12.4729772567124 12.4397071998193 12.4650578847973 12.5458657034141 12.607929862637 12.6122844063329 12.5935187336031 12.5448638725743 12.4949463107276 12.4567922260433 12.4432804248963 12.4146580744376 12.3931141975639 12.3871751405694 12.3844077664049 12.3885003675942 12.3930070217924 12.3951700266461 12.4032889252631 12.4064637464821 12.4186375336277 12.4500984753464 12.4770404839665 12.4684258151871 12.4264927179181 12.3499042318406 12.2298262576857 12.0644120247638 11.9065736764621 11.8430838660027 11.8503763130177 11.8408033300279 11.7176410973666 11.5112220731333 11.290683797295 11.1082986530438 10.8979222380943 10.6608055229484 10.299024218699 10.0979345497242 9.8677418010268 9.63415800776961 9.47359445006811 9.38594181302728 9.41197973243115 9.47597564077932 9.3549353536542 9.17419299122517 9.0582064689614 8.90428071721744 8.75349983254892 8.65505760255723 -9999 -9999 -9999 8.14935611022472 8.25926621050202 8.40902556625901 8.46380428227118 -9999 -9999 -9999 -9999
12.2033508178748 12.1676219384653 12.2428338048212 12.3636049960197 12.4641895725296 12.4737550464349 12.4532608145395 12.4287332266933 12.3984260565219 12.3870154446136 12.3963526772751 12.3904691051442 12.3646607572778 12.3368631524646 12.3249848200545 12.305987640538 12.2996471608686 12.292519731937 12.2790420800456 12.2700779953438 12.2737107433966 12.2966598370357 12.3225045335298 12.3215481315526 12.3097835500882 12.2704686824685 12.1483659927429 11.9431525337412 11.7618613206003 11.7388656175102 11.762729735478 11.7505423324313 11.5469733051681 11.1703392116355 10.8622207876833 10.708911878027 10.4719302373447 -9999 -9999 -9999 -9999 -9999 8.95848095046048 8.69321848734901 8.68491179338198 8.72793947158495 8.62729259473909 -9999 -9999 -9999 -9999 -9999 -9999 -9999 -9999 8.2414783196695 8.30785226884513 8.36446022842668 8.44965707814665 8.44315602058939 8.32474134618979 8.00901025040532 7.703815568122
11.8576468498767 11.8217781400322 11.9612538556713 12.1202996173073 12.215885200864 12.2285932619279 12.2205680783817 12.2404375898926 12.2416608663211 12.2663911139305 12.3167459735953 12.3415140274072 12.3111646820411 12.2484393429711 12.1961046487707 12.1445752820466 12.1555494884235 12.1694039820114 12.1290817449872 12.1129594701446 12.102098764288 12.089236748032 12.0745509957974 12.0903487630054 12.1422648299936 12.1753304038322 12.0542355448478 11.8696374261657 11.7177445636054 11.652383190881 11.6207366398817 11.556324667402 11.2423159294513 10.7033869036546 10.3256379841975 10.3624094799546 10.2787325042626 9.59290813677501 9.77179603203987 9.70342602103939 9.51074609549073 9.44112564826696 -9999 8.50696588736647 8.48114927233771 8.57593503654481 8.5539000802414 8.47265695104509 -9999 -9999 -9999 -9999 -9999 -9999 8.18837792906502 8.2353656717179 8.25495590522499 8.34541093131671 8.42903795362601 8.48807598897002 8.3512566068754 8.02140386563964 7.70613610610129
11.449216256507 11.542383043159 11.6981678815308 11.8352222728221 11.9178959572745 11.9429576310437 11.955983642547 12.0282659024729 12.0884098678135 12.1231803364652 12.1889774510395 12.2554256927017 12.2146905849612 12.1132256512353 12.0306235380634 11.9269547271517 11.9328803248526 11.9703081562342 11.9397801866544 11.9123610666315 11.8994569363326 11.8521981336028 11.7759219896087 11.7943286130167 11.9110580081523 11.9724092939073 11.8366061817461 11.6923824852041 11.6031669143497 11.4969715823389 11.356087271031 11.0918043104397 10.6958975809071 10.2760737224418 9.92143458288662 10.0357874021308 10.1379164083588 10.028681818157 9.95409125467901 9.85089859139316 9.67937783063455 9.52482453191008 9.30549621245519 -9999 -9999 -9999 -9999 -9999 -9999 -9999 -9999 -9999 -9999 7.85129920746015 8.03123903574907 8.04732976982423 8.07188821843915 8.15740517723449 8.27567743711713 8.33861925860652 8.18547686236499 7.87899242630842 7.5585386699726
10.8805974833035 11.0546192241374 11.3095805956751 11.5296372937596 11.6509835397298 11.6567805670023 11.6638918264663 11.7453948504245 11.8329119181716 11.9213909527106 12.0193162415004 12.075465113922 12.0300487402227 11.9276667856921 11.8409644419237 11.7857888229661 11.7557255130083 11.7367921930618 11.7065754179914 11.6835374598127 11.707168490466 11.6474050592985 11.476595964726 11.4539454413743 11.6122043176868 11.7035468511969 11.5969037588271 11.4402936208054 11.3466956753133 11.2441032756899 11.0310606854012 10.5812598973439 10.3343679459578 10.2900796203843 10.2017118557852 10.3153929500537 10.3768911658099 10.2687162196099 10.1225578361475 9.85631526185619 9.70366072295802 9.50630260807032 9.32464104329671 -9999 -9999 -9999 -9999 -9999 -9999 -9999 -9999 -9999 7.56132493827534 7.61932544475498 7.6902536523966 7.66814683885159 7.68278994691284 7.77894295421278 7.90069217667021 7.9421096315157 7.778410210537 7.51244305006068 7.25838338185762
