current_scn/TSD.asc
NCOLS 720 
NROWS 360 
XLLCORNER -180 
YLLCORNER -90 
CELLSIZE 0.5 
NODATA_value -9999 
[rows 112 to 139 of 360, columns 567 to 629 of 720]
6.81274059180166 6.90264410251348 7.16768233963563 7.51515708331468 7.86511862415779 8.01569187423338 7.91340981729666 7.94672546583012 7.88566619826168 8.13437827104218 8.29817616161641 8.42761706326312 8.61598774794473 8.66041053889568 8.65924202213688 8.68612648836785 8.82093572766328 8.97733478889036 9.27703388008283 9.34963033086558 9.35875999416169 9.35518970646912 9.36036957439274 9.38067567676621 9.40601798398477 9.46278974876722 9.52557843160442 9.55886483238233 9.50206578558641 9.41455557376105 9.30159647174453 9.20940918957016 9.12878310292781 9.01130341869341 8.92493674353145 -9999 -9999 -9999 -9999 -9999 -9999 -9999 -9999 -9999 -9999 7.31414478511965 7.30132437978374 -9999 -9999 -9999 -9999 -9999 7.08073193442623 7.52179647106888 7.56463849247581 7.64860428640721 7.73642042211993 7.71800967738306 7.67269376334207 7.69803844390279 7.58358191529595 7.41442282676693 -9999
6.50960281371502 6.63342300433045 6.90804557467548 7.15439147651885 7.50161231844144 7.762865021755 7.91079042338918 8.18253017540302 8.27675400952693 8.235504885261 8.21032661186129 8.32435590105497 8.39753405060437 8.47161562577361 8.55359051723018 8.79478380145637 8.94848106598198 9.01794385716727 9.12315273702719 9.1485048485238 9.19243178415304 9.26791599107741 9.25281889938419 9.23620498058134 9.23810550453743 9.3190844031027 9.42460012907277 9.46067281437108 9.39196230583093 9.3129129749246 9.22764737422746 9.17065323910948 9.10374189278224 8.9403859600829 8.77315108143104 -9999 -9999 -9999 -9999 -9999 -9999 -9999 -9999 -9999 -9999 7.26393289448304 7.18177866151418 -9999 -9999 -9999 -9999 7.02094595364185 7.26508828135718 7.64925565452027 7.85310647322859 7.75684510032044 7.47722373715826 7.33608073036491 7.26820468300169 7.23393548002374 7.24648944511949 -9999 -9999
6.26443143158356 6.37830622552222 6.7579961404409 7.10676885018018 7.4120772874385 7.44734145996581 7.58951698858551 7.76006120388612 7.81787074358983 8.00181620368982 8.14461537763918 8.19155834898203 8.24707711451259 8.34836429120658 8.48572121310908 8.71002462419623 8.94629860653089 8.98592196622481 8.98368860455498 8.98687196342446 9.03956401803081 9.17734383914403 9.16251445418015 9.11466868420044 9.10068170754734 9.17228589071032 9.30333591808569 9.38782855905193 9.29162955577825 9.20861369480224 9.16938788050867 9.19960360822322 9.11904316314398 8.91258573603865 8.69624674528564 -9999 -9999 -9999 -9999 -9999 -9999 -9999 -9999 -9999 -9999 -9999 -9999 -9999 -9999 -9999 6.94823606423715 7.04025501126917 7.3555429097746 7.54220638874321 7.76876389749193 7.64337964017294 7.28844611344666 -9999 6.85625400179492 -9999 -9999 -9999 -9999
6.10750904222987 6.41239432419398 6.74953513714629 7.07950628265948 7.28644936180705 7.3165023752 7.45915819829838 7.51507108930012 7.54677168560088 7.55894646376099 7.59556358438452 7.69704299750719 7.95601730705942 8.14656247444029 8.23855067670704 8.49269800138715 8.7919716773423 8.84324916442289 8.83664338090057 8.82067019454064 8.90672403892906 9.05546343663982 9.04293530885168 9.00634196104351 8.9912185960238 9.02266374550325 9.09457679090244 9.16506725296057 9.15885059700704 9.10586945644468 9.06100280415054 9.1872544520028 9.10210719546153 8.83513038563626 8.62442674233373 8.47235140159419 -9999 -9999 -9999 -9999 -9999 -9999 -9999 -9999 -9999 -9999 -9999 -9999 -9999 -9999 -9999 -9999 -9999 7.18504049749452 7.51648076052579 7.34710534716191 7.11121439220891 -9999 -9999 -9999 -9999 -9999 -9999
6.09013809139234 6.62717780252644 7.05229243009617 7.15436120974438 7.17832452768755 7.27218654665086 7.39567783259126 7.48833776800997 7.43446544052155 7.40592222586737 7.31592870515405 7.32459728170069 7.54923794144287 7.66093364521767 7.86341694043433 8.13174284593395 8.45335739753564 8.68627907015394 8.70727889673922 8.78883152957993 8.81581825685772 8.85925670547268 8.86889586596269 8.79192859495461 8.75047515236997 8.80031231023673 8.80994205296913 8.92071083149029 9.03143711861803 9.08746176407933 9.00994192693168 8.99350253688362 8.86372096063698 8.6368226783135 8.51375623078945 8.43948139457487 8.26540870901912 -9999 -9999 -9999 -9999 -9999 -9999 -9999 -9999 -9999 -9999 -9999 -9999 -9999 -9999 -9999 -9999 7.00043794754246 7.18998025595928 7.02928339949713 6.86063633465484 -9999 -9999 -9999 -9999 -9999 -9999
6.44439286347761 6.95352693860737 7.10334069029565 7.1297337748482 7.17818506486771 7.26979246832543 7.36190964173987 7.4570641719034 7.46412954111144 7.49484511961835 7.48677733577132 7.47639504081705 7.60841211587076 7.6287912858155 7.79211462864182 7.95843749419645 8.30960810117019 8.53783249828489 8.612784539428 8.69416235086565 8.82334088559749 8.84308341149278 8.78881122477051 8.61061377248182 8.43828974624755 8.39851833858202 8.42855226816035 8.63403416371081 8.90171370541831 9.06944711591088 9.00327785342716 8.82019706910343 8.60941073318761 8.41966507185382 8.39769613794944 8.39121888845929 8.22252236939726 -9999 -9999 -9999 -9999 -9999 -9999 -9999 -9999 -9999 -9999 -9999 -9999 -9999 -9999 -9999 -9999 6.5994082708326 6.61591176691299 6.65871810533543 -9999 -9999 -9999 -9999 -9999 -9999 -9999
6.86303539148704 6.9215675556842 6.96862847770308 7.07450733756336 7.1943072453969 7.30625999088601 7.36643814430818 7.40196121496025 7.46204711413031 7.48452165935124 7.48120448975958 7.41983912289695 7.47141129238591 7.53960098501457 7.7602568017278 8.06632852721034 8.30981845208162 8.45528024156769 8.57457727629002 8.67977697853502 8.78817134139926 8.88148227078301 8.82485876782008 8.63870568341247 8.49767210283959 8.35112763248612 8.51269421716018 8.64692953239205 8.75204364055523 8.82898460822496 8.78838261285297 8.65100700940516 8.5188241680752 8.41954256054445 8.37872741116882 8.31980610882512 8.12499864248118 -9999 -9999 -9999 -9999 -9999 -9999 -9999 -9999 -9999 -9999 -9999 -9999 -9999 -9999 -9999 -9999 -9999 5.69167935018052 5.83789559619747 -9999 -9999 -9999 -9999 -9999 -9999 -9999
6.79485616016402 6.81009383051569 6.89302714957083 7.01400103377731 7.15748612813482 7.27388060828249 7.30791069022452 7.36479595599667 7.42533577469492 7.31326785069517 7.23747406103799 7.34313215490734 7.42446122989805 7.45367396029312 7.6060641135997 7.99745026682913 8.28645735065523 8.38194684104691 8.51019299803768 8.64177318670786 8.73102471810301 8.77929280273205 8.72666886193573 8.64671222276411 8.57267064018858 8.65992580766357 8.67170811611881 8.56530190773648 8.44810225377907 8.42964425267752 8.38951666074587 8.42817066786294 8.49056666817092 8.48143868262076 8.4028484885805 8.26920610279865 7.92844076104343 7.65324348302718 -9999 -9999 -9999 -9999 -9999 -9999 -9999 -9999 -9999 -9999 -9999 -9999 -9999 -9999 -9999 5.60532393386401 5.68251882912867 -9999 -9999 -9999 -9999 -9999 -9999 -9999 -9999
6.62956009871485 6.72124789438529 6.85203204803945 6.9701797632269 7.08121938598798 7.20670809647997 7.297065105778 7.3199187312036 7.25832956533177 7.20368789738228 7.32436755325717 7.44524561006759 7.48075737633805 7.62354219104395 7.82858677269651 8.09382447704039 8.32422102667433 8.42819082150464 8.53696520453964 8.63295580562558 8.62958471079658 8.57105438462819 8.48087537530554 8.53511485764541 8.62257212821185 8.69098915944575 8.52416304579042 8.35872038936793 8.31777869183621 8.35824353799427 8.33366838951975 8.37779989800284 8.36391685447012 8.36840796169964 8.28647253128252 8.07963426709875 7.8993198813611 7.60678582154968 -9999 -9999 -9999 -9999 -9999 -9999 -9999 -9999 -9999 -9999 -9999 -9999 -9999 -9999 -9999 -9999 -9999 -9999 -9999 -9999 -9999 -9999 -9999 -9999 -9999
6.48058933128864 6.6596937761473 6.78718614841796 6.87878005693073 6.99212968624367 7.15586021120153 7.23562407844328 7.18859511458074 7.17928288233373 7.29079035234946 7.3877185102544 7.60075313609753 7.70783750268376 7.82428272759035 7.93791360923537 8.2171914739598 8.41564251871115 8.53798397005626 8.6203286709905 8.62440805056193 8.45617147691146 8.3231520675169 8.30325552015527 8.29500435224928 8.46610940701144 8.5174113900953 8.40151492624097 8.2485700441767 8.20385103564208 8.13346030917819 8.17148673954593 8.31742838897025 8.24674389927249 8.17154475416225 8.02668636379451 7.85361839846447 7.7046484693371 -9999 -9999 -9999 -9999 -9999 -9999 -9999 -9999 -9999 -9999 -9999 -9999 -9999 -9999 -9999 -9999 -9999 -9999 -9999 -9999 -9999 -9999 -9999 -9999 -9999 -9999
6.33657842872113 6.55316786322436 6.70050792196461 6.77755961203429 6.91958698563225 7.04643004220548 7.18192595942653 7.17261255787629 7.27621614314157 7.39158087290347 7.53266490728325 7.73840895294766 7.85810121223642 7.89846393490623 8.03450004796927 8.26173582016743 8.4699695006762 8.62772102653887 8.72244905634122 8.59989191074485 8.37458526306804 8.19465578048385 8.07288312005369 8.22815937462316 8.35536893441761 8.37234754337336 8.27172550989837 8.11645301165623 7.93492685292842 8.002417647041 8.01870322153031 7.86928991106574 7.9233901266606 7.83359341134813 7.69249726076223 7.61184374569857 7.50024393136303 -9999 -9999 -9999 -9999 -9999 -9999 -9999 -9999 -9999 -9999 -9999 -9999 -9999 -9999 -9999 -9999 -9999 -9999 -9999 -9999 -9999 -9999 -9999 -9999 -9999 -9999
6.07006185632332 6.44548745407506 6.601558799037 6.71124657314609 6.84419504405973 7.0084283986607 7.12716027164661 7.24770785920438 7.36985715647834 7.49648297312231 7.58507906202077 7.74986059515825 7.90852149475442 8.01922467876476 8.03094573466922 8.14154150824372 8.30831768454728 8.61546195872193 8.79773540289403 8.55280894912465 8.3255562743951 8.1607820845844 8.21007253871369 8.28544886606581 8.31276184074987 8.26941022666323 8.13232987965823 7.91319252051125 7.71264154121171 7.55745053756901 7.39710961695986 7.48918857422779 7.52495549676762 7.47593808375458 7.3930722140776 7.32398817825376 7.30852866536405 -9999 -9999 -9999 -9999 -9999 -9999 -9999 -9999 -9999 -9999 -9999 -9999 -9999 -9999 4.85750493170603 4.88725577949183 -9999 -9999 -9999 -9999 -9999 -9999 -9999 -9999 -9999 -9999
5.80051816952108 6.10541388840463 6.34275775549974 6.53220035646175 6.74610827325013 6.94408955052559 7.11206486663437 7.28281481843983 7.41555827809638 7.51874558884905 7.58305003759872 7.75918859280544 7.89209248639179 7.96106042045313 7.87856744628047 8.10512017221907 8.2954728886082 8.55080516069908 8.64853003678028 8.48349929287788 8.25739492884298 8.11103237640073 8.16430208166851 8.19644051341608 8.13946053884371 8.11712509371828 7.89850702695133 7.3728449136374 7.06114078230127 7.18495675143613 7.20212845467511 6.93581207683058 7.04421909563396 7.13173213966158 7.22436213540116 7.13816996616584 -9999 -9999 -9999 -9999 -9999 -9999 -9999 -9999 -9999 -9999 -9999 -9999 -9999 -9999 4.66696242616048 -9999 -9999 -9999 -9999 -9999 -9999 -9999 -9999 -9999 -9999 -9999 -9999
5.48856122522502 5.64920138963328 5.96464772342879 6.29190506103862 6.52313517817514 6.77428012564554 6.96206066863649 7.12283942502183 7.28719819943219 7.4288732069248 7.59442892440646 7.65295176017901 7.77937660119731 7.77952394341014 7.89122580392842 8.07828852484946 8.22775652318433 8.4189669092013 8.46219310203796 8.34452181240155 8.09387849761795 7.99741572624788 8.08858211512575 8.06889381706989 7.92350111675779 7.76265820034871 7.62279761927316 7.09893001121682 6.93934471997073 6.96647020419115 6.79769873927263 6.60153941963016 6.73811624498555 6.84389035175778 6.93056622709297 -9999 -9999 -9999 -9999 -9999 -9999 -9999 -9999 -9999 -9999 -9999 -9999 -9999 -9999 -9999 -9999 -9999 -9999 -9999 -9999 -9999 -9999 -9999 -9999 -9999 -9999 -9999 -9999
5.1152534243331 5.24241386734516 5.58958227963833 6.0238245281092 6.3443131402391 6.57274385786229 6.72703197945376 6.8538401178995 7.05190010580521 7.22655406592465 7.34677367194307 7.48764019942321 7.61005559130667 7.6331434599912 7.83035996223225 7.97517880698256 8.1994271456451 8.33239464724936 8.35129414029814 8.20995237008475 7.96595784114143 7.8195342634011 7.93124331505663 7.81690688967593 7.58495125363047 7.51694630000201 7.12332036985523 6.82585594483126 6.6660647422894 6.53566207412896 6.3571168002445 6.39937295087453 6.62171125381351 6.65088400408779 -9999 -9999 -9999 -9999 -9999 -9999 -9999 -9999 -9999 -9999 -9999 -9999 -9999 -9999 -9999 4.52395665481188 -9999 -9999 -9999 -9999 -9999 -9999 -9999 -9999 -9999 -9999 -9999 -9999 -9999
4.85378935024628 5.10204057455026 5.4973979871715 5.88561909485354 6.11797816763316 6.31302091887335 6.45321291605943 6.59520763425301 6.7776293579039 6.88679236639684 7.04497355706276 7.21337795995914 7.3523397388696 7.2882848816253 7.4746843510448 7.86711125138245 7.95461175585239 7.9823987684973 8.10511057522098 8.01569972953743 7.46473948382802 7.46589451965669 7.65068594268261 7.52629100061747 7.32436637631696 7.06356730438185 6.74336073450399 6.50506461669347 6.28320379365026 6.21370960491262 6.21096980374417 6.31227457321634 6.49379497226815 -9999 -9999 -9999 -9999 -9999 -9999 -9999 -9999 -9999 -9999 -9999 -9999 -9999 -9999 -9999 4.42343841276392 -9999 -9999 -9999 -9999 -9999 -9999 -9999 -9999 -9999 -9999 -9999 -9999 -9999 -9999
4.67594294961858 4.92444825608281 5.34098162419261 5.70451919767952 5.93531735195207 6.05540584340231 6.17863114218082 6.32552440571066 6.50360251902672 6.63479017225968 6.79683959647646 7.01370395791301 7.15423436258571 7.21168594304908 7.40750375975986 7.52640174216696 7.61794347116647 7.74088242883068 7.78606172750226 7.58652513531203 7.23722818347743 7.31945856499579 7.44004933226075 7.21075945587918 6.95873466063255 6.55687697385051 6.21500381280239 6.04762435794875 5.9063100301624 5.81362997349023 5.93208431404811 6.16931021794431 6.21969587817405 -9999 -9999 -9999 -9999 -9999 -9999 -9999 -9999 -9999 -9999 -9999 -9999 -9999 -9999 -9999 -9999 -9999 -9999 -9999 -9999 -9999 -9999 -9999 -9999 -9999 -9999 -9999 -9999 -9999 -9999
4.60853615056032 4.84608419253313 5.22813693221089 5.4743282270616 5.71331142499314 5.83166423917963 5.94424489513358 6.06479237202287 6.23819011877064 6.42974259990646 6.57104170927438 6.84098694026751 6.96223794540578 7.17610694917143 7.08860731378536 7.18533441784355 7.14428553346385 7.15229596946168 7.26419394427625 7.14724568765913 7.08276529807616 6.96186329438816 6.97265805868537 6.74753952034771 6.49818776194501 6.1793145979618 5.7830723906514 5.65190013266089 5.5860708884629 5.75019117680505 5.86483577123771 6.05193192385692 6.19814072906575 -9999 -9999 4.89335514774419 4.59258890316482 -9999 -9999 -9999 -9999 -9999 -9999 -9999 -9999 -9999 -9999 -9999 -9999 -9999 -9999 -9999 -9999 -9999 -9999 -9999 -9999 -9999 -9999 -9999 -9999 -9999 -9999
4.58151117200103 4.83572207666971 5.1181552971177 5.3388481811296 5.49688447449368 5.60350966933423 5.70582055358076 5.86126777019011 6.04889239104032 6.27255794981048 6.46115279886876 6.68728990327204 6.78928643477347 6.81196455775782 6.84307760121148 6.75510860332197 6.74989732281297 6.75963834814729 6.64034740762729 6.68521062808219 6.67614799711611 6.46567302240088 6.36386621334222 6.32230561798682 6.14088103490528 5.92262871299227 5.62869641408907 5.46867372251043 5.55138223855186 5.67165159078102 5.75599465347394 -9999 -9999 -9999 4.68037009028528 4.31392114655073 4.18309143374134 -9999 -9999 -9999 -9999 -9999 -9999 3.88954040071679 -9999 -9999 -9999 -9999 -9999 -9999 -9999 -9999 -9999 -9999 -9999 -9999 -9999 -9999 -9999 -9999 -9999 -9999 -9999
4.4867898411723 4.73033635517204 4.95160454877047 5.14063384981216 5.28798954451022 5.40807660496954 5.51623482051285 5.69114452765722 5.84252454671209 6.06108319093272 6.23659679503847 6.42579862737081 6.51672457250563 6.3676416081195 6.43589347360022 6.40929574152081 6.36243287594806 6.32267529344765 6.33801647206482 6.31671680069216 6.19404703706391 5.95943320646103 5.93505494545519 5.92837886249196 5.82703413749417 5.64096436391111 5.47973113279786 5.41118351524708 5.53871528637834 5.57079128818883 -9999 -9999 -9999 4.53781888458006 4.15327943974681 3.38767102500307 3.61335574686489 -9999 -9999 -9999 3.75207043117853 -9999 -9999 -9999 -9999 -9999 -9999 -9999 -9999 -9999 -9999 -9999 -9999 -9999 -9999 -9999 -9999 -9999 -9999 -9999 -9999 -9999 -9999
4.32133231104254 4.55456893955123 4.74697804570505 4.90993117840925 5.05370503504274 5.2154098266226 5.39465128114714 5.5628890464789 5.71882381579099 5.87633220529841 6.02187580693112 6.1302717253573 6.08575153838459 6.03889397635631 6.06945322319655 6.02281854435292 6.03161923123744 5.99603026183746 5.93032688717288 5.87265062241251 5.70843651650984 5.6375457576635 5.60382416506049 5.48607209480261 5.42866191003858 5.39225192397537 5.37156501264196 5.38132993267712 5.43011479852641 -9999 -9999 -9999 -9999 4.16669794516425 3.55937424337747 3.09581108025103 3.31096750420706 -9999 -9999 -9999 -9999 -9999 -9999 -9999 -9999 -9999 -9999 -9999 -9999 -9999 -9999 -9999 -9999 -9999 -9999 -9999 -9999 -9999 -9999 -9999 -9999 -9999 -9999
4.21841207438034 4.4366840944607 4.60256663885831 4.7397569984398 4.87666708267885 5.00596603013251 5.21531643448317 5.41289848960821 5.59449361863716 5.7152883500755 5.8008238987626 5.8407596498006 5.8173628457065 5.74489488973911 5.70401097137481 5.67663481526978 5.64172322676967 5.62000507638739 5.62358801476171 5.56628861562765 5.44807459402374 5.35750982244771 5.2452786381113 5.15684814915453 5.14672500740217 5.1832573491118 5.21503091214044 5.29601000471433 -9999 -9999 -9999 -9999 -9999 3.80712965608433 3.01402466216516 2.92576527198797 3.12618358398226 -9999 -9999 -9999 -9999 -9999 -9999 -9999 -9999 -9999 -9999 -9999 -9999 -9999 -9999 -9999 -9999 -9999 -9999 -9999 -9999 -9999 -9999 -9999 -9999 -9999 -9999
4.05337253758562 4.30188671343937 4.47602592892475 4.66246407954723 4.78659968829828 4.98830525404707 5.17332384586026 5.30863127951369 5.43126960862369 5.54477642244624 5.62091771304169 5.64036714573374 5.59525991078445 5.45887641360934 5.2728676308426 5.20107730632279 5.25556096571986 5.28904890977386 5.32950487589328 5.31181601644019 5.17499559218497 5.03733854382491 4.95851100927247 4.96940542558233 5.05414286947436 5.0461870827794 -9999 -9999 -9999 -9999 -9999 -9999 -9999 3.42636283217688 2.83413527442951 2.92623600129126 -9999 -9999 -9999 -9999 -9999 -9999 -9999 -9999 -9999 -9999 -9999 -9999 -9999 -9999 -9999 -9999 -9999 -9999 -9999 -9999 -9999 -9999 -9999 -9999 -9999 -9999 -9999
3.8201627236705 4.12958137094586 4.40872268976664 4.62405867073707 4.75479791375852 4.94198854993694 5.10517763460582 5.17717297876145 5.21487573830993 5.32162882414525 5.43078021766362 5.43850080781043 5.35970027421181 5.21293852338191 4.95122717831633 4.81996002492475 4.93145927263081 4.9976874330464 5.08061247146801 5.07825267022515 4.90649645633255 4.83591520015208 4.87579090653083 -9999 -9999 -9999 -9999 -9999 -9999 -9999 -9999 -9999 -9999 3.27166055499075 2.79273093864238 -9999 -9999 -9999 -9999 -9999 -9999 -9999 -9999 -9999 -9999 -9999 -9999 -9999 -9999 -9999 -9999 -9999 -9999 -9999 -9999 -9999 -9999 -9999 -9999 -9999 -9999 -9999 -9999
3.63042682262366 3.9120699776075 4.30306977105519 4.59615174603874 4.72709378975382 4.80622596730245 4.88337220486609 4.88826614670707 4.9352057684444 5.09361252237098 5.24841568016132 5.24777969977406 5.14514276730097 4.98897678617631 4.81097281510243 4.68828445095726 4.72194369123758 4.83050707206131 4.88246024907283 -9999 -9999 -9999 -9999 -9999 -9999 -9999 -9999 -9999 -9999 -9999 -9999 -9999 -9999 -9999 2.63962876045704 -9999 -9999 -9999 -9999 -9999 -9999 -9999 -9999 -9999 -9999 -9999 -9999 -9999 -9999 -9999 -9999 -9999 -9999 -9999 -9999 -9999 -9999 -9999 -9999 -9999 -9999 -9999 -9999
3.52858562015815 3.80775413361781 4.1310921074227 4.49193648038374 4.61696700171669 4.6412567750376 4.62124233453457 4.68740031514526 4.84475721952067 5.01180268958587 5.17305055440762 5.1561128707618 4.95632790517014 4.80072248666606 4.72141441403 4.65697470542406 4.65370517823751 -9999 -9999 -9999 -9999 -9999 -9999 -9999 -9999 -9999 -9999 -9999 -9999 -9999 -9999 -9999 -9999 -9999 -9999 -9999 -9999 -9999 -9999 -9999 -9999 -9999 -9999 -9999 -9999 -9999 -9999 -9999 -9999 -9999 -9999 -9999 -9999 -9999 -9999 -9999 -9999 -9999 -9999 -9999 -9999 -9999 -9999
3.34918055794505 3.62670376527485 3.90872003221784 4.24411137403067 4.45890860063139 4.47944137777129 4.43556808037362 4.55215375434856 -9999 -9999 -9999 -9999 4.61563528829247 4.55056879270788 4.47739532710197 -9999 -9999 -9999 -9999 -9999 -9999 -9999 -9999 -9999 -9999 -9999 -9999 -9999 -9999 -9999 -9999 -9999 -9999 -9999 -9999 -9999 -9999 -9999 -9999 -9999 -9999 -9999 -9999 -9999 -9999 -9999 -9999 -9999 -9999 -9999 -9999 -9999 -9999 -9999 -9999 -9999 -9999 -9999 -9999 -9999 -9999 -9999 -9999
3.10439555380432 3.36313788720642 3.73191048268946 4.1196021259137 4.38654403741874 4.45068831337214 4.43050788180696 -9999 -9999 -9999 -9999 -9999 -9999 4.2061102622082 4.00021617908723 -9999 -9999 -9999 -9999 -9999 -9999 -9999 -9999 -9999 -9999 -9999 -9999 -9999 -9999 -9999 -9999 -9999 -9999 -9999 -9999 -9999 -9999 -9999 -9999 -9999 -9999 -9999 -9999 -9999 -9999 -9999 -9999 -9999 -9999 -9999 -9999 -9999 -9999 -9999 -9999 -9999 -9999 -9999 -9999 -9999 -9999 -9999 -9999
