current_scn/TSD.asc
NCOLS 720 
NROWS 360 
XLLCORNER -180 
YLLCORNER -90 
CELLSIZE 0.5 
NODATA_value -9999 
[rows 112 to 139 of 360, columns 126 to 188 of 720]
6.03151824318071 6.91347853089311 7.33535928878753 7.68072198917483 7.88632851060046 7.87536774454773 7.69106114922184 7.5269125415962 7.45927062029817 7.44213730452043 7.31257857934847 7.32706127928533 7.21325470843768 7.09405634932605 6.72890547645774 6.45526049010842 6.75361437067297 6.92089077236454 6.98758892161162 7.28711818054058 7.71964205288068 7.58670428952461 7.25323388825079 7.25308058259135 7.69718490988337 7.88942324870212 7.66980837423879 7.70711286419633 7.80704639007764 7.88355110477426 7.97359808167718 8.06148755421379 8.23784061051311 8.47960311188247 8.50837243678249 8.549458534568 8.4285033401447 8.3420974449983 8.17667715396866 8.11122685244388 8.10908540120068 8.05037313378516 8.02978737520823 7.88424016890205 7.81470048238169 7.77284854054283 7.70256359225892 7.68690586286495 7.70448872170656 7.70662640083928 7.70798149808562 7.8099740108113 7.89635339465972 7.7422272336215 7.53908761586801 7.40675351267897 7.4540696616353 7.5483890848273 7.51954308744181 7.48126999229037 7.43829608754143 7.41718299312788 7.38014482543163
5.56357683489961 6.66567780534333 7.28270945660701 7.58196454278029 7.68655874390072 7.48505844615117 7.39577173622991 7.59501055714789 7.74231288777452 7.7115534126115 7.69397348061334 7.41747375562358 7.37210308182274 7.43857304133841 7.10460269425415 6.92937013116023 6.75389810751624 6.75667031870526 6.75996028489205 7.48792621690623 7.51793905278021 7.69592430548344 6.65301308110786 6.75396715592868 7.61029726472103 7.92280463265462 7.644770667113 7.654192668855 7.73102046940412 7.80861921518121 7.85130746138599 7.95496998479531 8.15093654921898 8.24905276954158 8.158754829283 8.2394607002928 8.19641034366158 8.09861000707836 8.02321541665467 8.04278293292136 8.0199277034547 7.99094350350338 7.95648091737461 7.84816125820512 7.68874306220666 7.60096812984118 7.50330644237659 7.46756921133906 7.5629715785632 7.60280198814183 7.60250529289295 7.66641891992834 7.67122347121291 7.46280573500315 7.31954383434438 7.25513472107257 7.29559690914644 7.42278796126224 7.40890976519726 7.29074005978136 7.21603343160533 7.14095144140565 7.15271143102017
4.62459300789989 6.14475916613938 6.91044629595872 7.35170650041763 7.3068212458451 7.24783497723003 7.23400175958336 7.40421516796388 7.57961392400381 7.55578524775092 7.64750384415041 7.35766604652254 7.1487987849169 7.07249452443962 7.29662232483862 7.38436984946804 7.12192552370031 6.92462498221185 6.96782119721749 7.45127054123621 7.61310233632813 7.78105693459346 6.64564304129231 6.59811745659317 7.30868444149071 7.72712400976143 7.55492603397483 7.46233963355819 7.57716082526548 7.74545786711896 7.76566116145886 7.76188987581387 7.8690320879757 7.86790301702455 7.86698859356691 7.91941631475904 8.06707919916479 7.91449544858423 7.85155922503639 7.89367869181795 7.88033404008657 7.90294488470894 7.73656022362256 7.61616152929802 7.44750387566428 7.32060475088082 7.31690150700425 7.42893458871708 7.41509522669832 7.37436042880497 7.44376142628128 7.47788274287092 7.3367596693959 7.22305598021133 7.16735483324914 7.13641962727487 7.13387121921265 7.19226981661274 7.18169219188283 7.06511295296166 7.05191551036928 6.97820962909756 6.97847453167812
3.92660562060603 5.50344727886152 6.10775308178613 6.4425312557051 6.6471435169194 6.65449957675483 6.65238294305978 6.86877584273757 7.07362601204886 7.1861829287781 7.20898379740174 7.1292775358409 6.89798291248759 6.82004463848879 6.93523415792742 7.13449700621077 7.35438380643796 7.42992022889218 7.55010937151614 7.52782152727193 7.52748143693643 7.58632783644939 7.14518973334846 7.15294300647033 6.8083086833542 7.47321324603242 7.50659689818714 7.49718888365385 7.50050293106265 7.60132895084679 7.71961833575261 7.78187518167303 7.77449218112373 7.65868708215662 7.65418595229058 7.65272059625605 7.79333833882556 7.62110748553171 7.65747678207281 7.70303263628857 7.68072201454879 7.54865219606827 7.2990979367673 7.28198377842528 7.30322898936837 7.20586249612784 7.20985575049983 7.32127157547978 7.2000647955002 7.09145410360038 7.14301958931425 7.1057946556698 6.97987206839845 7.03195507883404 6.97842214769674 6.98933928803005 6.98297055843409 6.95925914367214 6.96520642226011 6.94726566091775 6.92526165256922 6.87550920303514 6.83459698851275
3.32697819608187 4.52044761553182 5.37681266339521 5.63831676736612 5.90370727352553 5.99547889253785 5.97832642671313 6.22225959048656 6.64930049179784 6.86798603856094 6.77409741050833 6.57305332164349 6.48340505540909 6.56666855462624 6.54346183955407 6.59102178968059 6.94524637966654 7.25307170720993 7.52834384331125 7.57213155533031 7.56333953440696 7.61136080163757 7.29966164616068 7.37383321795987 7.01812793689236 7.24654713787836 7.54967168848128 7.71870732254631 7.66123738809049 7.5491130499727 7.62893676093551 7.61918547325998 7.57751819042901 7.60686574384635 7.50734078089083 7.50178794304985 7.4955251020053 7.46742340529831 7.51368096326398 7.62817420311359 7.44812235268783 7.21485768771508 7.08694884771846 7.06308110352349 7.12410764431454 7.12790832363618 7.10625164587842 7.10645545072534 6.94877620274301 6.93055674306496 6.88795236074748 6.80497685788543 6.75576961883402 6.78749416034996 6.79039695261872 6.77314306978451 6.74044404319841 6.71935130050855 6.72139523596327 6.74941567599245 6.72387757594781 6.6686547998755 6.6112876658395
3.44151571832115 3.76391172240501 4.67059570824907 5.07778341357887 5.23702466457699 -9999 5.64101499534124 5.69828761994879 6.20349393256213 6.52003454097644 6.5150176936732 6.32065045770644 6.24373727135169 6.31568350674915 6.47189543661245 6.7678919737414 6.47495780988789 6.95090264805684 7.16185670036249 7.41134643531139 7.57522527186583 7.53810189348608 7.48830194544782 7.22531036446186 7.11533036024564 7.02948850370477 7.29519536943068 7.57846703579223 7.67878561470576 7.48847278186876 7.47516602784882 7.40657507481693 7.24213916706576 7.23061171113541 7.26017921382652 7.33985849752215 7.29634614581457 7.2672168981263 7.31372836763968 7.39013110962778 7.10145690251894 7.01979194637056 7.06623825679815 6.96033313874466 6.88029354368964 6.8950761438051 6.86615803370736 6.80309221563369 6.74298106753584 6.76138094689089 6.66981209241166 6.57715829773409 6.60613529845454 6.53595188580123 6.56478366151196 6.58103531686656 6.53697102227332 6.50591510492871 6.45784383676578 6.41763059558277 6.45519141188355 6.48636192278453 6.44831558129509
-9999 3.64239966390518 4.17872723870966 4.66099880935084 4.87053452789424 -9999 -9999 5.66801801902242 5.95618873409223 6.37159339051251 6.57150983045951 6.30120371433095 6.01004360363957 6.13485445258742 6.28438594912395 6.62110983184301 6.46296419444263 6.56873216956269 6.66192390746003 7.03963400325362 7.33918454839416 7.31202643434454 7.19471463928983 7.07380274884274 7.044836645704 6.47120575740115 6.55300907912995 6.88995973256707 7.05629797736307 7.19769055287403 7.39256598027249 7.25824837607527 7.0923138673916 7.02921881654051 7.10969064623679 7.10235913422526 7.11770203761214 7.1328175409379 7.12219637305884 7.11854480649667 6.856303222287 6.82605056940153 6.858494898455 6.83674431134519 6.65009348762378 6.57363519288253 6.6193584645446 6.58119488930073 6.54694139975676 6.50168407534471 6.45468603975737 6.36942726248804 6.30782791741182 6.33358449976225 6.36658449259283 6.31519839241817 6.33136735259081 6.33237295998504 6.23342172984586 6.22565472104243 6.276215935964 6.28370159278797 6.22152216624462
-9999 -9999 4.04767441096859 4.45913284355504 4.64659851701744 -9999 -9999 -9999 5.72813642083341 5.98639305812901 6.05091228955685 5.93427531213377 5.70875066735871 5.84331591189608 6.08492013123814 6.28775704427893 6.24840577679104 6.26521719502212 6.4402662648909 6.54219497506809 6.6075190931254 6.65335482821725 6.86933443558903 6.8764239502343 6.7464208097921 6.43380518438228 6.23166984657413 6.3810147769868 6.64019026996729 7.11619475998213 7.31337041160911 7.21035079083967 6.97236839338932 6.83100258464496 6.95048718455158 6.78437236915911 6.7160996251977 6.88268707355111 6.91870667887165 6.87049036879939 6.77221842484328 6.78528889146421 6.66676944949623 6.55294064461102 6.40549099954572 6.38376864915811 6.41343347958167 6.35472065726151 6.32110107955429 6.3160882725782 6.24245765837797 6.20182430134295 6.1037524503865 6.05544566676762 6.14077468970464 6.09621618615326 6.22936776676781 6.24524332925686 6.13928121275645 6.17635722739739 6.23106533998356 6.19848957017415 6.03798988938367
-9999 -9999 3.93471715282645 4.23992321689658 4.44126258297729 4.5554595410349 4.6469072471372 -9999 5.59519824825292 5.64663174196428 5.63366032108929 5.54220790837672 5.54712524733354 5.7727349863459 6.02977839500405 6.30848297260342 5.94216544293524 5.83484583889743 6.03524340280635 6.0917420854618 6.06758219966417 6.18451802100362 6.54866044693406 6.78881925934984 6.99570995765701 6.86461330755678 6.585565045557 6.6893420608578 6.79215586541536 6.82643603650624 6.98434715257391 6.9997160593189 6.84319285859858 6.72336976646049 6.75186551508504 6.60793721606794 6.56293481958318 6.68064740835548 6.72958742599519 6.65324698573044 6.54565693652258 6.52764651154714 6.38533823094085 6.21454630286298 6.25676222510609 6.23426016985289 6.24345939914451 6.24373296859772 6.17795429708827 6.17039027322307 6.03119363550611 5.9134684809593 5.79241606499358 5.83477819106853 5.9115947682242 5.97452900484626 -9999 -9999 -9999 -9999 -9999 -9999 -9999
-9999 -9999 -9999 4.13495912429063 4.2280652398456 4.36912642466345 4.58179069900647 4.80051276989912 5.38339444216231 5.43113304522827 5.6227029755818 5.68098615405096 5.79945612226959 5.55614336575883 5.69875693570524 6.00792487745271 5.69057067669047 5.31545552412455 5.62575130211686 5.77496551093265 5.7847975361266 6.0055752742526 6.42664590712695 6.71088265146001 6.82183673012767 6.59519048262779 6.78140111258197 6.71884013438515 6.20754184111064 5.61827210560582 5.98557501995 6.64894772039211 6.83436742302906 6.76593582554341 6.67495839750316 6.51629979906161 6.46121061518653 6.54286837881954 6.42143144322768 6.36937917793425 6.30479927603859 6.22103945566989 6.1454199344202 6.06356249052044 6.10276456391703 6.18754352230335 -9999 -9999 6.11401923698425 6.09496600528927 5.93194304571468 5.75572194705654 5.62357752961972 5.66044503709352 5.83131857768153 5.73186517041886 -9999 -9999 -9999 -9999 -9999 -9999 -9999
-9999 -9999 -9999 -9999 -9999 4.21083026346936 4.35204729064437 4.59181321342225 4.87155009896995 5.30970990695723 5.48473740047798 5.5459323122127 5.46724153152405 5.19975795396016 5.17469742860792 5.18623454113217 5.00867665822039 4.99757088300117 5.45272641484303 5.53441988963579 5.55906702816772 5.77483043130836 6.25426014753847 6.53214074746065 6.53543727435299 6.11463163922882 6.16654152689216 6.41951257542007 5.85776947690318 5.25158174906936 5.60932763878922 6.38173457415525 6.73270769674732 6.70271938657306 6.57718868258904 6.48948620791535 6.43460093777301 6.40813451151807 6.15919748862584 5.98694441084758 6.00510735452798 5.96896488054365 5.98395176288518 -9999 -9999 -9999 -9999 -9999 -9999 -9999 -9999 -9999 -9999 -9999 -9999 -9999 -9999 -9999 -9999 -9999 -9999 -9999 -9999
-9999 -9999 -9999 3.58188565942653 -9999 4.0423980888148 4.13680204981927 4.39017499528362 4.67021213983441 -9999 5.4035158388071 5.22628523826312 5.11879711203147 5.12940993464833 5.20606898327974 4.86271640429917 4.60470003532508 4.64769914267024 4.94913623137823 5.20953919599368 5.3363903294905 5.58334848907883 5.94380179305169 6.33177186635757 6.31899017538243 6.11650980604827 5.89391110390001 5.73887570151918 5.4986979611164 5.21985254029614 5.86247854621527 6.57592846237116 6.69743433544765 6.65825291926174 6.52832337544059 6.5038398534305 6.43873161695288 6.21677109275122 5.99510105213787 5.78363359743564 5.77977909018354 5.88399559827194 -9999 -9999 -9999 -9999 -9999 -9999 -9999 -9999 -9999 -9999 -9999 -9999 -9999 -9999 -9999 -9999 -9999 -9999 -9999 -9999 -9999
-9999 -9999 -9999 -9999 3.58720341297061 3.70021549259808 3.8900756645662 4.18401354238027 4.60649247994745 -9999 -9999 5.06379457386391 5.02094940187535 5.18723951634384 5.3250599221265 5.04701017929097 4.72635003888874 4.51256115603083 4.57770097392347 4.72756019515267 4.97800892970194 5.33891404155277 5.5563438344149 5.93890111799215 6.04510652256949 5.85588110092058 5.59185397621216 5.5508653523057 5.28199266859799 5.19983331185613 5.60787551573885 6.82517407434002 6.84882749301296 6.58584693588667 6.45513929135385 6.37757762729351 6.21389561145079 5.94254181986505 5.75469372688427 5.60523753191899 -9999 -9999 -9999 -9999 -9999 -9999 -9999 -9999 -9999 -9999 -9999 -9999 -9999 -9999 -9999 -9999 -9999 -9999 -9999 -9999 -9999 -9999 -9999
-9999 -9999 -9999 -9999 3.54092358844142 3.48018237781813 3.53698619948637 3.91440808459359 4.4270219733124 4.9773992392706 -9999 -9999 5.21026142014374 5.30145289745768 5.35600704801743 4.96841921478444 4.51118120227273 4.3079305007597 4.30169776671625 4.19702667997756 4.47942798169028 4.84360405370666 5.0261937080715 5.50678936341076 5.73163076609005 5.45103539628751 5.1863650512364 5.24113637813101 5.15363802106273 5.26017926708136 5.67838436407444 6.33447985146182 6.45309729165298 6.47748632632552 6.37152803308625 6.20611113719384 5.97887751670922 5.77245651874273 5.52687186248514 5.44596496482823 -9999 -9999 -9999 -9999 -9999 -9999 -9999 -9999 -9999 -9999 -9999 -9999 -9999 -9999 -9999 -9999 -9999 -9999 -9999 -9999 -9999 -9999 -9999
-9999 -9999 -9999 -9999 -9999 -9999 3.26193317828303 3.6022528915347 4.07807252294613 4.497649916402 4.84095726550685 4.72816528636769 -9999 -9999 5.21216508327449 4.90240980457694 4.58061527250226 4.39071423000184 4.133765486447 3.90596342588698 4.05403117080982 4.37220547074567 4.60580386186313 5.02221883891883 5.32595102594261 5.31731300863365 5.02244489786785 5.0613251695226 5.17184508213955 5.42466151689584 5.56266496728017 5.62554666448999 5.79212558551973 5.98946090587843 6.22023453746202 6.14198450998061 5.83158466183224 5.59210722534361 5.38336665334467 5.15183580657831 -9999 -9999 -9999 -9999 -9999 -9999 -9999 -9999 -9999 -9999 -9999 -9999 -9999 -9999 -9999 -9999 -9999 -9999 -9999 -9999 -9999 -9999 -9999
-9999 -9999 -9999 -9999 -9999 -9999 -9999 -9999 3.9526687021013 4.1092445113906 4.31292725567563 4.5192494254229 -9999 -9999 -9999 4.98161672704467 4.75085874915044 4.30549488494146 3.96672681714901 3.73437879933127 3.74085098398599 4.00574563314738 4.27429855614298 4.43033177979908 4.73916399257871 4.95043046627438 4.9879818506272 5.08885127810574 5.19251369569397 5.07628893623536 5.08542406190614 5.18752512926917 5.218119680642 5.27282714526098 5.63630693073391 6.03146226952257 5.73316321668803 5.38120050944982 5.11712658810218 4.98149589815102 -9999 -9999 -9999 -9999 -9999 -9999 -9999 -9999 -9999 -9999 -9999 -9999 -9999 -9999 -9999 -9999 -9999 -9999 -9999 -9999 -9999 -9999 -9999
-9999 -9999 -9999 -9999 -9999 -9999 -9999 -9999 -9999 4.03994036176697 4.18819807682747 4.47003305232779 -9999 -9999 -9999 4.82100339844724 4.53612544402595 4.3105028111948 3.97835576256958 3.62885351806257 3.4187335306017 3.61168654113991 3.95698085188673 4.20264163099958 4.38680554304426 4.47561212934758 4.71334105203337 5.13541287763245 5.27520114807811 5.05707194103482 4.9267816065287 4.89286479585261 4.56464778583113 4.91151019710993 5.6103913930083 5.86325234452776 5.57111917932442 5.26317709441215 4.98405430436047 4.80296628381744 -9999 -9999 -9999 -9999 -9999 -9999 -9999 -9999 -9999 -9999 -9999 -9999 -9999 -9999 -9999 -9999 -9999 -9999 -9999 -9999 -9999 -9999 -9999
-9999 -9999 -9999 -9999 -9999 -9999 -9999 -9999 -9999 3.74477220466161 3.88294227733321 4.11782721201529 4.2870564000482 -9999 -9999 -9999 4.40045465687605 4.23987848714203 4.00688345442372 3.65795997621815 3.308358363938 3.20029033809446 3.64856066783899 4.01691978784984 4.26232296148748 4.49319987688922 4.52381767378345 4.56081908736384 4.51798494422359 4.37140405589189 4.43322802263761 4.739028462871 3.7162524438676 3.29875483875032 5.31656791819 5.58863951745223 5.48251664399769 5.18988377766634 4.96965722738455 4.76674558342082 -9999 -9999 -9999 -9999 -9999 -9999 -9999 -9999 -9999 -9999 -9999 -9999 -9999 -9999 -9999 -9999 -9999 -9999 -9999 -9999 -9999 -9999 -9999
-9999 -9999 -9999 -9999 -9999 -9999 -9999 -9999 -9999 3.39914700683894 3.23055633077514 3.68857950039011 4.19204748018051 -9999 -9999 -9999 -9999 4.12789457441555 3.97941231808787 3.76598219391466 3.30918408894392 3.111165127647 3.24868286401368 3.55794697464072 3.76967555144157 3.95569018889041 3.91479484901742 3.70102960506828 3.09063252769948 3.46071419561807 3.99488014938869 4.35284852152121 3.79077090767159 2.69251717877985 3.85612697530313 5.00870892179618 4.91337128348414 4.93293420672067 4.74274888520844 -9999 -9999 -9999 -9999 -9999 -9999 -9999 -9999 -9999 -9999 -9999 -9999 -9999 -9999 -9999 -9999 -9999 -9999 -9999 -9999 -9999 -9999 -9999 -9999
-9999 -9999 -9999 -9999 -9999 -9999 -9999 -9999 -9999 -9999 3.05162933127907 3.66660916991382 4.02620569093743 4.25315355609664 4.61449168617106 -9999 -9999 -9999 3.92639471520635 3.71275735338719 3.29945204251954 2.98394696939102 3.12770224295744 3.3274421968813 3.54579876247856 3.68881201202287 3.50086780622944 3.3095521654835 3.04683899310671 3.41533439540901 3.51196339283177 3.50433215323072 3.4750381631118 3.0087291423163 3.31661473782508 4.59503979890816 4.61806096681707 4.4931831309084 4.4267759063841 -9999 -9999 -9999 -9999 -9999 -9999 -9999 -9999 -9999 -9999 -9999 -9999 -9999 -9999 -9999 -9999 -9999 -9999 -9999 -9999 -9999 -9999 -9999 -9999
-9999 -9999 -9999 -9999 -9999 -9999 -9999 -9999 -9999 -9999 -9999 -9999 3.83504930164359 3.88941076687445 4.33340370602029 -9999 -9999 -9999 -9999 -9999 3.37267032077964 2.96449716641034 2.96948324234757 3.24881180594597 3.41802612583068 3.64460213667205 3.48430964881921 3.3731297293377 3.35174336674265 3.26475460659207 3.01704975532003 3.13005828092224 3.236772827048 3.10740913155921 2.77458019588039 3.88932207775815 4.28107847818206 4.11985450551192 4.04309289596958 -9999 -9999 -9999 -9999 -9999 -9999 -9999 -9999 -9999 -9999 -9999 -9999 -9999 -9999 -9999 -9999 -9999 -9999 -9999 -9999 -9999 -9999 -9999 -9999
-9999 -9999 -9999 -9999 -9999 -9999 -9999 -9999 -9999 -9999 -9999 -9999 -9999 3.57033882641847 3.89043692221178 4.19823740532833 -9999 -9999 -9999 -9999 3.28175414113828 3.04699619992815 2.85453295570327 3.02840342947999 3.26952188142851 3.40427675198153 3.34738796942962 3.29420476154701 3.2738933105943 3.06729926216162 2.72406499989432 2.89329667189405 3.16418163489515 3.3663504001768 3.20473778433349 3.45439862964581 3.85884907242988 3.64526100045057 3.73149428848352 -9999 -9999 -9999 -9999 -9999 -9999 -9999 -9999 -9999 -9999 -9999 -9999 -9999 -9999 -9999 -9999 -9999 -9999 -9999 -9999 -9999 -9999 -9999 -9999
-9999 -9999 -9999 -9999 -9999 -9999 -9999 -9999 -9999 -9999 -9999 -9999 -9999 -9999 3.42621374221979 -9999 -9999 -9999 -9999 -9999 -9999 3.07119203001223 2.90226954947859 2.76736693552857 2.98738539237361 3.19868461990407 3.20836526722731 3.08210232437791 2.91888144763764 2.77172056488098 2.6465178235381 2.68932420013387 2.83240839142646 3.33052601851607 3.46912909090057 3.6681267263776 3.78542916000967 3.59997016214971 3.48607556450606 -9999 -9999 -9999 -9999 -9999 -9999 -9999 -9999 -9999 -9999 -9999 -9999 -9999 -9999 -9999 -9999 -9999 -9999 -9999 -9999 -9999 -9999 -9999 -9999
-9999 -9999 -9999 -9999 -9999 -9999 -9999 -9999 -9999 -9999 -9999 -9999 -9999 -9999 -9999 -9999 -9999 -9999 -9999 -9999 -9999 -9999 2.83478693576134 2.55951246952169 2.61740491177467 2.84968923640311 2.98408209862275 3.0396031984857 2.8139786831415 2.87651098582883 2.70154307309018 2.53577115211695 2.6120018972069 3.21993417146525 3.35707993247766 3.60198801267059 3.62960995358203 3.43610966420877 3.34465189450916 -9999 -9999 -9999 -9999 -9999 -9999 -9999 -9999 -9999 -9999 -9999 -9999 -9999 -9999 -9999 -9999 -9999 -9999 -9999 -9999 -9999 -9999 -9999 -9999
-9999 -9999 -9999 -9999 -9999 -9999 -9999 -9999 -9999 -9999 -9999 -9999 -9999 -9999 -9999 -9999 -9999 -9999 -9999 -9999 -9999 -9999 2.78593795194579 2.6034684848259 2.34417961402324 2.5422322597316 2.71238414442662 2.80330881275257 2.89278777369407 2.87608580940944 2.70691847058681 2.57855816409789 2.56014810920266 2.80251067017842 3.26773327638615 3.45249149908386 3.54687734761856 3.3729103528992 3.31664730347314 3.26457562913974 -9999 -9999 -9999 -9999 -9999 -9999 -9999 -9999 -9999 -9999 -9999 -9999 -9999 -9999 -9999 -9999 2.03836828629797 2.10221563205512 2.07793458506623 1.98517274828129 -9999 -9999 -9999
-9999 -9999 -9999 -9999 -9999 -9999 -9999 -9999 -9999 -9999 -9999 -9999 -9999 -9999 -9999 -9999 -9999 -9999 -9999 -9999 -9999 -9999 -9999 2.58873715048272 2.24790001051157 2.39740562236757 2.49428853018924 2.61834073353274 2.69698232958335 2.83086026622019 2.59765763638577 2.40218288490996 2.50971460235677 2.44141970491772 2.74608338145498 2.92699639647419 3.30756894307318 3.35427946797227 3.3234831297374 3.24629996857421 -9999 -9999 -9999 -9999 -9999 -9999 -9999 -9999 -9999 -9999 -9999 -9999 -9999 1.87786063789824 1.83002270770573 1.95181323497342 2.04241510759799 2.07703121035178 2.03022395922906 1.93507480724985 1.84557102781363 -9999 -9999
-9999 -9999 -9999 -9999 -9999 -9999 -9999 -9999 -9999 -9999 -9999 -9999 -9999 -9999 -9999 -9999 -9999 -9999 -9999 -9999 -9999 -9999 2.21983950722734 2.25707394932028 2.14719580747487 2.17587531690561 2.30166941678297 2.49049374054081 2.53539773660836 2.4942836060884 2.53418645638099 2.38072821925203 2.39641576897481 2.28798483558585 2.43424127682929 2.40309439390622 2.50965520927149 3.02688340583297 3.29667088502767 3.233487993541 -9999 -9999 -9999 -9999 -9999 -9999 -9999 -9999 -9999 -9999 -9999 -9999 1.99744231389367 2.01218407758284 2.05144296661732 2.06735012065123 2.01872205167127 1.93250327465012 1.86118904367964 1.76596896785975 1.67272334934732 -9999 -9999
-9999 -9999 -9999 -9999 -9999 -9999 -9999 -9999 -9999 -9999 -9999 -9999 -9999 -9999 -9999 -9999 -9999 -9999 -9999 -9999 -9999 -9999 1.9866327002056 1.94512093329567 1.93933787431308 1.9857642461035 2.20708738158689 2.30252175364319 2.38097951017363 2.47032378429826 2.44197855741564 2.42894227128034 2.28813964979098 1.98667300269313 2.14297271673729 2.11580712232769 1.89513949737424 2.13847973778991 2.90796148904524 2.9794594731715 2.68143192490469 -9999 -9999 -9999 -9999 -9999 -9999 -9999 -9999 -9999 -9999 -9999 2.05962032029676 2.14737303077623 2.21740298729809 2.05440298257216 1.85418014335309 1.73242056806492 1.70898764969275 1.67923295998503 -9999 -9999 -9999
