2050_A2_MR/PREC.asc
NCOLS 720 
NROWS 360 
XLLCORNER -180 
YLLCORNER -90 
CELLSIZE 0.5 
NODATA_value -9999 
[rows 56 to 83 of 360, columns 64 to 127 of 720]
573.968749903747 532.390624867392 494.703124826769 496.109374770678 462.812499742864 426.343749720013 508.734374713437 605.906249577368 645.671874504311 657.531249485962 673.374999468188 661.703124670732 651.09374985389 642.093749867739 613.187499830576 547.093749839577 463.906249839578 363.265624905707 305.812499916442 286.499999921982 270.999999955221 267.437499982919 272.499999979226 286.843749995153 295.671875008887 308.375000021698 335.453125045588 348.10937504905 357.687500034162 365.562500028622 358.968749990536 355.593749939294 389.531249943449 442.546874952106 494.359374953952 545.640624974034 583.73437499273 625.171875009349 662.062500020313 678.000000035547 656.890625016503 625.71875000577 591.375000010156 564.937500010156 539.23437500981 527.656250013618 517.593749989151 490.3124999663 465.765624971724 449.031249969301 434.906249975764 426.937499988921 411.796874981188 399.937499982919 385.703124986958 376.750000000462 367.765625008194 356.46875000577 342.687499996768 328.437499998153 319.484374992267 322.95312499296 328.984374987651 336.859374986266
827.703124472538 811.156249447311 858.734374278326 887.421874267267 766.187499511126 755.87499946966 853.499999438787 886.82812473149 939.718749772152 1021.32812461907 1114.04687444789 1034.03124941367 938.062499440628 820.640624693243 745.562499843799 677.078124840688 606.546874809587 495.640624768807 408.703124830552 356.765624905196 319.843749924664 299.265624938833 302.406249947242 306.906249955536 299.562499981569 298.906250001613 297.765625047114 313.937500035019 330.593750032484 349.015625012096 361.828125002419 382.78124999378 426.515624965558 478.406249959684 530.124999958071 570.296874965328 597.515624973391 609.421875029374 640.031250033866 640.781250055983 631.906250044924 610.156250032484 581.812500013362 556.359375010943 540.921874986062 525.406249991936 518.437500008754 502.546875003571 481.843749988711 465.671874989748 450.187499986638 440.390624977998 429.796874974542 416.671874975925 400.984374975464 382.890624984449 368.984374988826 357.124999992628 348.593749988711 338.562499976962 330.124999981569 332.328124983988 340.703124983528 348.718749984564
1199.49999964036 1210.375 1407.2968749155 1524.48437432913 1417.109373677 1299.73437351971 1444.89062383912 1389.43749912298 1294.70312416978 1297.98437430568 1426.96874950906 1312.82812449078 1214.17187452964 1096.89062471383 1002.34374976154 909.343749573906 814.078124587819 716.81249968405 613.312499711186 519.14062470877 434.062499713945 400.406249768444 401.249999799027 395.624999845935 359.187499913999 315.781249946421 287.234374980339 292.203125003105 318.734375006094 349.718749979536 372.156249979075 404.687499957691 459.578124949757 518.64062494286 566.093749940444 593.937499953551 602.593750009428 587.687500026673 588.875000058866 587.703125075768 583.031250032422 575.62500004139 566.7656250192 551.156250018166 539.765625009543 531.937500007818 529.56250000184 516.390624995286 497.156249982754 477.140624975511 470.124999988043 461.781249988732 448.468749989192 432.531249989192 420.10937497988 409.56249995677 397.656249968957 383.968749974476 373.593749976315 366.562499977005 357.312499961829 359.421874964243 365.078124968612 368.781249975856
1459.62499991646 1481.75 1635.25000002754 1786.75000002755 1956.5 1903.24999999999 2139.01562445939 2111.4062491079 2118.99999881069 2146.32812361618 2181.1874986436 1983.09374886737 1794.53124904869 1823.64062350647 1688.64062355788 1551.76562385257 1308.4218742012 1163.48437422184 922.546874531228 833.015624522276 723.656249576555 646.687499628196 589.078124740769 543.796874791032 466.812499822359 392.468749865736 328.859374917721 306.546874961787 322.578124984509 360.73437499346 396.156249962132 438.953124958346 500.078124951001 563.781249946526 610.29687495123 633.640624949164 616.140624957426 564.812500029375 529.390625086869 531.312500062426 545.250000060131 544.031250036033 544.078125036377 537.750000014688 537.093749997016 526.171875006311 525.015625009295 515.359375007229 503.015625002869 491.015624990475 477.765624993229 466.187500000459 453.109374999426 442.515624986344 438.76562497441 431.593749989213 417.156249983246 415.984374947098 412.82812492759 407.765624922082 418.53124988823 417.828124892705 388.046874975098 389.499999973377
1539.5 -9999 -9999 -9999 -9999 -9999 -9999 -9999 -9999 -9999 -9999 -9999 -9999 2717 2762.375 2873.93750000001 2824.70312312013 2330.26562336063 1698.76562367264 1421.31249913961 1172.26562416377 1029.15624954758 875.140624566025 831.218749296981 711.203124378643 577.046874608858 460.999999763598 394.390624781808 383.703124816629 418.90624986233 453.578124887183 490.562499922575 531.249999980301 583.421875018442 627.046875018441 669.32812499164 672.921874946053 593.374999961513 531.374999925781 514.874999968388 518.875 524.640625005841 529.250000008705 533.375000003207 539.937500015119 532.39062500859 518.999999996335 509.156250005269 501.703124997595 496.265624997595 484.4843749937 471.828124983392 457.468749979154 445.234374989119 435.687499990379 431.281249996564 435.124999984423 436.67187498408 438.421874968961 442.640624995762 437.750000016951 413.984374991868 407.859374968045 412.687499954644
-9999 -9999 -9999 -9999 -9999 -9999 -9999 -9999 -9999 -9999 -9999 -9999 -9999 -9999 -9999 -9999 3594.06249999999 3001.18749999998 2645.78124901526 2208.29687393947 1582.23437483481 1433.78124946477 1307.23437437937 1281.87499960263 1108.65624965087 951.296874477676 707.56249963464 611.421874688484 606.968749638529 604.062499685857 572.218749823265 557.31249991449 546.578124982281 567.812500019663 599.8593750479 656.765625038984 683.421875028236 614.703124986394 569.484374981137 538.781249973249 521.546874993484 523.093749997942 530.656249987882 539.421874982052 537.781249990169 531.359374993941 521.390624997828 510.281249991998 506.390624990969 496.734375001257 484.390625006516 475.953125006516 468.015624995084 457.468749981023 447.54687498068 435.124999994055 439.203125005602 440.046875007659 441.046875024578 434.296875024578 431.656249997942 430.953124966734 438.046874958274 461.718749925694
-9999 -9999 -9999 -9999 -9999 -9999 -9999 -9999 -9999 -9999 -9999 -9999 -9999 -9999 -9999 -9999 -9999 -9999 -9999 -9999 2283.07812460966 1859.1406239867 1980.01562434132 1868.79687448576 1467.56249963808 1293.74999967642 1179.74999943133 987.234374022981 1041.57812402276 934.140624779901 782.734374810254 660.343749855093 572.265624914084 540.578124963374 532.156250094245 559.953125125393 593.062500127333 589.359375062639 566.218750033544 544.421874996919 531.843749981516 525.98437499555 531.437500013692 541.093750013007 540.953124998973 536.874999984939 534.437499973986 521.312499972616 511.015624984825 502.484374981402 490.515624985738 479.03124998608 469.968749995664 458.296875000114 445.328124999886 435.015624991671 432.578124978892 432.109374963147 434.28124996965 440.234374976838 448.359374982771 449.203124997147 447.968750021222 451.531250055451
-9999 -9999 -9999 -9999 -9999 -9999 -9999 -9999 -9999 -9999 -9999 -9999 -9999 -9999 -9999 -9999 -9999 -9999 -9999 -9999 -9999 2275.43749999998 2501.49999939052 2203.48437470014 1755.03124966284 1564.48437466523 1610.34374952148 1886.06249879153 1648.046874502 1239.39062447808 981.109374707441 790.234374829064 646.140624906276 538.375000041905 459.312500082905 486.68750005284 528.656250029382 549.84375003348 546.578125014235 539.968750013893 537.187500005466 531.749999990434 530.734374988043 531.531250010249 536.078125012868 543.953124997836 548.640624991459 537.203124988726 525.687499979502 518.984374978477 504.203124980982 494.124999977224 476.062499989523 461.859374991231 450.906249986562 447.765624977338 452.96874997153 458.828124971872 459.828124968228 461.843749970619 457.078124996014 449.484375002164 439.48437499943 429.265624998747
-9999 -9999 -9999 -9999 -9999 -9999 -9999 -9999 -9999 -9999 -9999 -9999 -9999 -9999 -9999 -9999 -9999 -9999 -9999 -9999 -9999 -9999 -9999 2419.93749981314 2081.90624950148 1850.29687449228 1804.04687465504 2076.48437488147 2098.28645792798 1634.27083276396 1205.28124955377 991.437499709934 789.734374682772 632.796874655493 559.843749763814 531.343749883838 535.812499846786 550.531249917029 556.234374943738 543.953124964879 538.45312498943 534.562499998636 534.640625004433 527.375000005456 523.718750008865 531.453125015344 545.593750016595 555.015624983519 545.093749961583 534.171874948285 527.671874950103 514.499999958628 494.312499964083 475.468749974313 466.562499973631 468.484374974654 479.078124997613 476.968750008865 469.671874978746 472.85937497329 467.874999965902 448.093749992498 447.875000005911 468.78125001614
-9999 -9999 -9999 -9999 -9999 -9999 -9999 -9999 -9999 -9999 -9999 -9999 -9999 -9999 -9999 -9999 -9999 -9999 -9999 -9999 -9999 -9999 -9999 -9999 2527.54687441907 2365.12499926082 2396.64062391017 2349.15624945843 2574.02083258658 2144.17708266757 1628.37499942144 1265.46874962632 1120.48437451617 911.937499668294 782.218749697565 689.734374732617 654.359374866026 626.749999898356 600.718749948497 571.562499968236 554.062499972774 538.921874990811 532.625000000454 533.374999980034 526.624999984118 522.968750005218 539.499999998185 561.156250001588 570.828124976064 571.999999960069 561.515624967896 548.484374959048 523.187499965967 492.812499983664 481.65624998979 479.359374998979 476.875000007714 482.359374978106 483.406249987975 477.453125015541 464.968750041065 442.796875020306 448.531249992513 463.531249996597
-9999 -9999 -9999 -9999 -9999 -9999 -9999 -9999 -9999 -9999 -9999 -9999 -9999 -9999 -9999 -9999 -9999 -9999 -9999 -9999 -9999 -9999 -9999 -9999 -9999 3398.10937397453 3449.26562383323 3465.48437423745 3099.87499929076 2613.48437451777 2205.81249943705 1802.73437420709 1603.92187437285 1330.07812441701 1147.7656245017 969.218749656928 859.109374658178 748.24999977808 672.093749881115 608.624999936141 571.453124978148 551.390624993093 541.140624989017 540.671874986979 536.265624982224 532.515624972713 542.921874980186 567.156249987999 593.21874998347 606.67187496207 594.749999946106 571.031249984828 548.359375017323 511.328124990829 489.73437498562 483.687499983243 488.328125021626 488.093750040987 480.140625022984 466.499999994112 446.687499995018 432.015625000793 456.343750005661 474.203125012115
-9999 -9999 -9999 -9999 -9999 -9999 -9999 -9999 -9999 -9999 -9999 -9999 -9999 -9999 -9999 -9999 -9999 -9999 -9999 -9999 -9999 -9999 -9999 -9999 -9999 -9999 4439.04687434062 4025.91145809139 3604.95312449023 3014.49999951452 2655.90624947679 2471.21874917981 2295.84374895787 1986.14062400025 1663.48437425406 1299.45312454628 1112.28124973082 974.984374674884 781.078124855918 658.828124942704 591.468749973556 565.218749973557 554.499999978755 553.046874983162 549.765624985196 549.249999986892 560.406249977625 578.171874985423 613.843749966777 640.79687495559 645.703124930954 596.390624954007 535.187500014464 509.125000014464 501.312499986439 492.312499995932 474.125000012656 465.734375012995 463.031250018307 463.453125013221 444.953125009153 434.49999999322 462.765624978869 480.343749973105
-9999 -9999 -9999 -9999 -9999 -9999 -9999 -9999 -9999 -9999 -9999 -9999 -9999 -9999 -9999 -9999 -9999 -9999 -9999 -9999 -9999 -9999 -9999 -9999 -9999 -9999 -9999 4191 3615.56250003774 3179.85937508341 2953.89062493628 3048.74999968421 3228.76562408362 2839.09374908936 2312.17187435723 1826.54687454671 1399.17187439603 1152.65624981931 913.312499852925 716.390624908753 614.593749970901 577.843749985789 575.156249965488 573.421874968533 559.87499998827 558.140624996729 571.718749999775 595.437499993684 634.171874973947 686.953124952969 719.890624907855 681.968749855409 588.35937486071 544.203124873568 543.796874907629 521.39062492996 499.562499951277 485.54687496718 472.171874952743 469.359374954097 464.81249993684 468.703124950713 483.249999976541 496.515624990413
-9999 -9999 -9999 -9999 -9999 -9999 -9999 -9999 -9999 -9999 -9999 -9999 -9999 -9999 -9999 -9999 -9999 -9999 -9999 -9999 -9999 -9999 -9999 -9999 -9999 -9999 -9999 -9999 3195.62500007474 3028.98437527904 2887.18750022378 3072.09375025914 3577.32812507755 3243.90624993673 2693.35937472612 2198.87499955828 1777.40624969449 1349.62499970732 1028.53124987009 813.187499858611 656.687499927956 592.796874978274 587.296875005291 588.093749996173 564.796874999887 557.718750004277 566.843750011932 594.359375008893 645.890624997862 716.531249975911 782.984374940453 782.749999902292 720.640624821356 670.859374822032 627.562499891035 585.046874917038 538.42187495531 511.749999969832 497.156249987168 505.874999958125 523.640624921766 518.531249929533 520.328124934374 522.765624946531
-9999 -9999 -9999 -9999 -9999 -9999 -9999 -9999 -9999 -9999 -9999 -9999 -9999 -9999 -9999 -9999 -9999 -9999 -9999 -9999 -9999 -9999 -9999 -9999 -9999 -9999 -9999 -9999 -9999 2713 2596.6875 2682.1875 -9999 2967.5 2708.937500182 2444.46874993415 1942.59374969239 1550.43749952049 1324.07812445927 1011.70312460756 787.578124763508 635.984374843725 572.203124996292 559.781250045163 551.609375032019 549.73437502393 555.4687500182 574.828125031345 628.359375040109 705.281250046512 792.843750025392 849.18749993439 845.906249874396 801.562499846759 745.999999839568 675.968749864509 604.515624891135 572.40624992248 545.734374942591 557.078124937872 579.624999920908 567.531249944501 565.031249969667 575.953124967981
-9999 -9999 -9999 -9999 -9999 -9999 -9999 -9999 -9999 -9999 -9999 -9999 -9999 -9999 -9999 -9999 -9999 -9999 -9999 -9999 -9999 -9999 -9999 -9999 -9999 -9999 -9999 -9999 -9999 2126 1991.375 1765.99999999999 1702 -9999 2615.93750004081 2552.3281248077 2293.49999946761 1970.53124947366 1815.04687436524 1372.87499952769 1010.46874970286 789.828124787963 617.578124895158 531.187500023322 522.031250038797 529.578125024332 544.593750007849 558.046875008858 597.000000034985 660.421875060886 751.406250073783 888.04687497253 937.781249905588 915.093749881368 860.421874886413 784.765624874976 701.078124877666 625.65624994999 583.703124966474 594.624999972192 612.203125001009 602.218749972416 589.171874972528 587.296875004822
-9999 -9999 -9999 -9999 -9999 -9999 -9999 -9999 -9999 -9999 -9999 -9999 -9999 -9999 -9999 -9999 -9999 -9999 -9999 -9999 -9999 -9999 -9999 -9999 -9999 -9999 -9999 -9999 -9999 2277 2153.89062454016 1754.49999957383 1554.03125005573 -9999 2544.43749999478 2641.06249985915 2683.57812433828 2606.23437414691 2491.39062469682 1758.35937433624 1314.79687444683 1017.70312464222 762.79687473824 558.093749835939 499.796874937443 510.343749998881 528.843750041407 538.687500055507 559.593750055284 604.546875066363 684.218750051705 857.93750004566 983.234374950872 997.062499849145 922.312499919424 851.484374954005 782.468749932629 694.531249864141 645.21874986056 601.24999996195 575.937500045212 584.281250025739 590.468750038721 578.000000031335
-9999 -9999 -9999 -9999 -9999 -9999 -9999 -9999 -9999 -9999 -9999 -9999 -9999 -9999 -9999 -9999 -9999 -9999 -9999 -9999 -9999 -9999 -9999 -9999 -9999 -9999 -9999 -9999 -9999 -9999 2447.24999975994 2511.45312362169 2162.239582092 -9999 -9999 2815.51562472492 3139.15624957491 3134.51562459266 2801.93749956261 2262.68749946074 1933.7812490772 1395.79687445617 975.4687497545 717.328124784324 573.906249885851 515.968749987714 493.781250042219 489.984375060648 508.125000067462 551.671875059755 620.421875100411 779.51562514129 1011.40624998191 1068.2656249809 1012.96874986441 897.562499936112 808.953125004132 778.249999936113 723.359374952977 620.468749992181 555.593750003351 570.406250007372 577.203124992963 570.218749987267
-9999 -9999 -9999 -9999 -9999 -9999 -9999 -9999 -9999 -9999 -9999 -9999 -9999 -9999 -9999 -9999 -9999 -9999 -9999 -9999 -9999 -9999 -9999 -9999 -9999 -9999 -9999 -9999 -9999 -9999 -9999 3622.66666666667 3287.06770817098 2650.83333337731 -9999 -9999 -9999 3176.04166676209 3092.24999989432 3107.85937419706 2602.03124852877 1874.06249903643 1310.78124965822 910.796874788312 672.015624877712 545.68749998038 484.937500014268 450.156250052392 455.187500073126 497.984375092857 536.156250129085 626.203125184934 850.812500372321 1010.9375003469 1015.14062509353 961.796875071453 879.406249986399 794.562499901458 760.140624937017 668.453124856757 617.328124909819 621.874999910822 596.06249991751 576.281249966335
-9999 -9999 -9999 -9999 -9999 -9999 -9999 -9999 -9999 -9999 -9999 -9999 -9999 -9999 -9999 -9999 -9999 -9999 -9999 -9999 -9999 -9999 -9999 -9999 -9999 -9999 -9999 -9999 -9999 -9999 -9999 -9999 3294.14583347854 2385.14583391999 -9999 -9999 -9999 -9999 3163.92187493537 3537.70312478118 3415.92187453662 2327.67187488507 1553.1718747658 1058.5468748606 784.843749854255 583.140624930688 472.468750015352 416.312500028036 397.718750063414 404.796875128498 432.187500117929 464.2968751997 602.234375218393 813.968750121268 974.078125004117 885.578125109583 868.250000040051 856.390624951605 825.015624908883 785.078124866162 730.999999820214 701.796874899316 661.687499926572 614.906249941926
-9999 -9999 -9999 -9999 -9999 -9999 -9999 -9999 -9999 -9999 -9999 -9999 -9999 -9999 -9999 -9999 -9999 -9999 -9999 -9999 -9999 -9999 -9999 -9999 -9999 -9999 -9999 -9999 -9999 -9999 -9999 -9999 -9999 -9999 -9999 -9999 -9999 -9999 -9999 3336.16666704686 3123.70312553329 2323.96875014057 1654.37499990495 1224.53124984299 923.781249798578 719.546874782924 552.562499754832 464.203124827117 406.781249886965 362.343749961581 365.546874968577 396.296875009882 456.265625068288 549.968750169885 675.875000198977 702.312500217629 771.687500198976 840.875000087053 900.234374949924 929.062499806354 909.890624776929 832.453124808907 730.546874909505 674.296874978792
-9999 -9999 -9999 -9999 -9999 -9999 -9999 -9999 -9999 -9999 -9999 -9999 -9999 -9999 -9999 -9999 -9999 -9999 -9999 -9999 -9999 -9999 -9999 -9999 -9999 -9999 -9999 -9999 -9999 -9999 -9999 -9999 -9999 -9999 -9999 -9999 -9999 -9999 -9999 -9999 2670.28125053967 2189.90625017664 1748.218749873 1427.92187467586 1147.56249967198 928.562499722514 757.218749760857 636.937499764182 552.281249768836 474.937499772161 430.749999877216 433.515624902149 441.453124966865 437.421875096521 508.671875196701 534.265625180076 609.500000184843 752.796875121345 911.015625024492 1043.06249992376 1081.07812481793 974.812499854164 779.296874975065 692.953124977061
-9999 -9999 -9999 -9999 -9999 -9999 -9999 -9999 -9999 -9999 -9999 -9999 -9999 -9999 -9999 -9999 -9999 -9999 -9999 -9999 -9999 -9999 -9999 -9999 -9999 -9999 -9999 -9999 -9999 -9999 -9999 -9999 -9999 -9999 -9999 -9999 -9999 -9999 -9999 2762.96874994492 2459.68749970846 2064.48437479042 1826.68749973191 1733.35937454135 1551.53124924993 1241.64062433586 1051.98437467097 904.374999537261 783.140624697294 676.124999645204 611.593749680374 558.109374744409 477.171874811209 416.187499912407 383.046874965162 395.23437507399 480.796875137253 634.828125189676 807.859375164682 974.453125219758 1078.76562514676 991.01562505386 839.703124970247 691.859374932424
-9999 -9999 -9999 -9999 -9999 -9999 -9999 -9999 -9999 -9999 -9999 -9999 -9999 -9999 -9999 -9999 -9999 -9999 -9999 -9999 -9999 -9999 -9999 -9999 -9999 -9999 -9999 -9999 -9999 -9999 -9999 -9999 -9999 -9999 -9999 -9999 -9999 -9999 -9999 -9999 2669.4999997969 2359.79687451378 2176.32812444425 2082.2031246363 1987.65624972162 1675.14062464204 1305.81249973068 1239.06249967372 1175.6718743778 999.609374592373 909.671874617097 793.187499701537 663.265624750212 511.718749862468 399.078124997019 345.875000042385 385.968750086317 491.484375148239 652.000000202656 808.32812517186 941.515625176716 933.218750082342 853.624999996908 764.843749895582
-9999 -9999 -9999 -9999 -9999 -9999 -9999 -9999 -9999 -9999 -9999 -9999 -9999 -9999 -9999 -9999 -9999 -9999 -9999 -9999 -9999 -9999 -9999 -9999 -9999 -9999 -9999 -9999 -9999 -9999 -9999 -9999 -9999 -9999 -9999 -9999 -9999 -9999 -9999 -9999 -9999 2600 2728.07812443763 2625.23437417919 2275.79687431755 1853.21874936702 1429.17187450262 1362.28124997951 1381.87500005684 1362.40624983322 1259.85937445856 1218.42187438586 1052.10937414042 755.10937456211 480.374999839163 357.140624963757 336.4531250065 408.500000055081 531.203125084054 686.359375093968 811.859375048582 879.218750032387 840.343750038996 806.453125004296
-9999 -9999 -9999 -9999 -9999 -9999 -9999 -9999 -9999 -9999 -9999 -9999 -9999 -9999 -9999 -9999 -9999 -9999 -9999 -9999 -9999 -9999 -9999 -9999 -9999 -9999 -9999 -9999 -9999 -9999 -9999 -9999 -9999 -9999 -9999 -9999 -9999 -9999 -9999 -9999 -9999 -9999 2967.375 3150.8437495864 2977.18749903603 2491.14062413553 2004.89062414608 1629.46874939378 1306.87500011918 1340.14062521867 1484.10937501441 1648.5468746041 1574.43749963279 1082.24999966973 663.890624730091 450.515624817167 352.343749956243 375.312500022868 462.20312507795 615.250000073002 779.421875027597 851.421875032873 827.734374990654 792.718750027925
-9999 -9999 -9999 -9999 -9999 -9999 -9999 -9999 -9999 -9999 -9999 -9999 -9999 -9999 -9999 -9999 -9999 -9999 -9999 -9999 -9999 -9999 -9999 -9999 -9999 -9999 -9999 -9999 -9999 -9999 -9999 -9999 -9999 -9999 -9999 -9999 -9999 -9999 -9999 -9999 -9999 -9999 -9999 -9999 -9999 2992.25 2519.6718750159 2179.89062476069 1525.7031248252 946.98437536965 925.531250454033 1430.70312526674 1764.18749953346 1457.81249955848 929.578124715047 594.140625040266 417.187499996925 364.265624982774 430.968750017777 522.328125089863 646.218750140666 800.67187510281 851.42187499177 837.546874846938
-9999 -9999 -9999 -9999 -9999 -9999 -9999 -9999 -9999 -9999 -9999 -9999 -9999 -9999 -9999 -9999 -9999 -9999 -9999 -9999 -9999 -9999 -9999 -9999 -9999 -9999 -9999 -9999 -9999 -9999 -9999 -9999 -9999 -9999 -9999 -9999 -9999 -9999 -9999 -9999 -9999 -9999 -9999 -9999 -9999 -9999 2566.03124987583 2590.46874927969 1989.71874909046 1000.51562450603 691.015625094722 1161.68750036224 2004.14062490506 1810.96874961564 1190.99999967367 632.531249870126 361.500000133154 339.937500074024 391.875000073587 455.390625066687 554.81250007315 701.531250128995 822.968750074681 906.968749990584
