2050_A2_MR/PRECSD.asc
NCOLS 720 
NROWS 360 
XLLCORNER -180 
YLLCORNER -90 
CELLSIZE 0.5 
NODATA_value -9999 
[rows 224 to 251 of 360, columns 189 to 251 of 720]
-9999 -9999 -9999 -9999 -9999 -9999 -9999 -9999 -9999 -9999 -9999 -9999 -9999 -9999 -9999 -9999 -9999 -9999 -9999 -9999 -9999 -9999 -9999 -9999 -9999 -9999 -9999 -9999 -9999 -9999 -9999 2.79422817260134 2.00486498643808 2.12801812814987 1.94258903678089 1.76133691934649 1.62190308341027 1.49463621520173 1.32547655498978 1.19144344369144 1.12921063583544 0.986250096681617 0.865147992159621 0.832304588254737 0.825523040158333 0.827277140884314 0.816014195934412 0.757840964603037 0.704794819303154 0.664778573560756 0.615423335364545 0.581133657795319 0.560736326447449 0.535754156493351 0.507226365184781 0.483357835494738 0.461378515467278 0.435640495014151 0.425115255965669 0.423548030325982 0.421925243265646 0.44422658459637 0.490717214845461
-9999 -9999 -9999 -9999 -9999 -9999 -9999 -9999 -9999 -9999 -9999 -9999 -9999 -9999 -9999 -9999 -9999 -9999 -9999 -9999 -9999 -9999 -9999 -9999 -9999 -9999 -9999 -9999 -9999 -9999 3.13090408840011 2.22169620972457 1.87879833611997 2.00427969542303 1.83036957633189 1.69570566671369 1.5640388282531 1.4255487968389 1.29859391534802 1.20652048841675 1.12723033457812 0.942489916753001 0.863233436287172 0.858903117855165 0.84361693138853 0.839909210759911 0.833457970908041 0.760990899105746 0.700438405306989 0.649972283995631 0.599176479569125 0.563136272986124 0.54394876882015 0.523428701392691 0.495378012682517 0.480340779302414 0.47728160853399 0.452151147148161 0.419365885575649 0.411160160179201 0.412182181093582 0.440065892119016 0.468449032423392
-9999 -9999 -9999 -9999 -9999 -9999 -9999 -9999 -9999 -9999 -9999 -9999 -9999 -9999 -9999 -9999 -9999 -9999 -9999 -9999 -9999 -9999 -9999 -9999 -9999 -9999 -9999 -9999 -9999 1.7565769572386 1.93806144193114 1.4683784183916 1.71168150004463 1.92454250481101 1.5787212702577 1.64517280342087 1.5127542316849 1.37425323146806 1.28898515178534 1.22558539731259 1.14119270325861 0.967453061615173 0.904476686760615 0.892794750753793 0.86095101026115 0.841136143305698 0.80994817836223 0.755639118456092 0.697977762723948 0.645490673309173 0.587668866409159 0.542179966657604 0.524785254425912 0.510136698546737 0.46863681678575 0.454794568974083 0.443900376933595 0.430960419186077 0.407820196788082 0.392063074127233 0.38968621194317 0.402172706380025 0.410781441130628
-9999 -9999 -9999 -9999 -9999 -9999 -9999 -9999 -9999 -9999 -9999 -9999 -9999 -9999 -9999 -9999 -9999 -9999 -9999 -9999 -9999 -9999 -9999 -9999 -9999 -9999 -9999 -9999 -9999 1.82745437157588 1.9616872465874 1.22672911242497 1.63441602309207 1.70663790915143 1.55207098432739 1.54045800635454 1.45512302499365 1.34023988912837 1.28641509192259 1.20966899943937 1.06609745748961 0.940602637789139 0.914534092222859 0.895934032879852 0.860259913447253 0.827453882016755 0.792094743494184 0.748454044274689 0.687859068806621 0.635512823734923 0.572704003726973 0.515230305508753 0.481394801775816 0.463613331000698 0.442139956366815 0.42984771938469 0.425986282152957 0.407582615497905 0.380279955906661 0.366874612163734 0.360874194891308 0.362382857369737 0.355927031055283
-9999 -9999 -9999 -9999 -9999 -9999 -9999 -9999 -9999 -9999 -9999 -9999 -9999 -9999 -9999 -9999 -9999 -9999 -9999 -9999 -9999 -9999 -9999 -9999 -9999 -9999 -9999 -9999 -9999 1.73532711294844 1.81383012549193 1.19715604660846 1.34769619643247 1.58538851777817 1.50091138599161 1.40233128579979 1.36333533742865 1.27718233996889 1.23416958635753 1.17546660292183 1.03432833832928 0.983631993648737 0.951368199168017 0.90316278100888 0.859164432760079 0.81272623537845 0.769437132797662 0.722946187482645 0.671910177917606 0.623864822094528 0.566146467468375 0.506808957937764 0.455972456255958 0.428895665412819 0.426583277121036 0.429969206271847 0.437997284507569 0.397070595842397 0.35498445520846 0.342479656613811 0.335989927910059 0.31945340513604 0.29717154821477
-9999 -9999 -9999 -9999 -9999 -9999 -9999 -9999 -9999 -9999 -9999 -9999 -9999 -9999 -9999 -9999 -9999 -9999 -9999 -9999 -9999 -9999 -9999 -9999 -9999 -9999 -9999 -9999 -9999 1.6356279638783 1.82449892902185 1.69960572428342 1.09944715511672 1.1005586737603 1.22857500866951 1.36713153531964 1.29133311297842 1.21634735404701 1.19805283517345 1.16692860628306 1.05965874247029 1.00577334755938 0.955826539049924 0.907035568161569 0.863777291565363 0.813704731394853 0.760639679386986 0.706587256823119 0.664770198184172 0.625311993117581 0.572385862343827 0.512603982598011 0.460835129989885 0.424225022064744 0.430670333913951 0.434205884076021 0.424903702773415 0.38022373952079 0.367617329718758 0.353976374707338 0.337208531211019 0.296343306209275 0.282812955578652
-9999 -9999 -9999 -9999 -9999 -9999 -9999 -9999 -9999 -9999 -9999 -9999 -9999 -9999 -9999 -9999 -9999 -9999 -9999 -9999 -9999 -9999 -9999 -9999 -9999 -9999 -9999 -9999 -9999 1.35670485381278 1.62746184367055 1.86339686920266 1.04721193989318 0.905523157729165 1.02282187951818 1.12390815419198 1.18088338189971 1.15474227398918 1.22245634462729 1.18217004777354 1.07697907261795 0.976630571624252 0.930967591927921 0.903344020006859 0.866721770702998 0.819858366033956 0.766011037433701 0.711676674635434 0.668826271304525 0.628533883182378 0.57774347301195 0.524541297124848 0.478369254696773 0.443622565006493 0.434501899599465 0.3983440137583 0.395973425081732 0.363101939238826 0.342662831666515 0.315944684062678 0.323672409677862 0.290251954350757 0.288456417012567
-9999 -9999 -9999 -9999 -9999 -9999 -9999 -9999 -9999 -9999 -9999 -9999 -9999 -9999 -9999 -9999 -9999 -9999 -9999 -9999 -9999 -9999 -9999 -9999 -9999 -9999 -9999 -9999 -9999 1.10619264613712 1.3218496015488 1.58577658595633 0.94711933795548 0.721098932632064 0.882568356679072 1.01068505837031 1.05655533258127 1.0818304075095 1.21749243858436 1.2030149676264 1.0727204270158 0.968794572594654 0.9406000222566 0.912081053013452 0.869630090962132 0.827089918325182 0.778616436880198 0.730977721467535 0.681721390381626 0.637670096134631 0.583727408335431 0.527063590357997 0.481283273826685 0.447276664488762 0.415645702083484 0.378697307580013 0.35021126176502 0.286385337831108 0.28510820885738 0.318485682369862 0.284325101779382 0.250582577717511 0.262562373511877
-9999 -9999 -9999 -9999 -9999 -9999 -9999 -9999 -9999 -9999 -9999 -9999 -9999 -9999 -9999 -9999 -9999 -9999 -9999 -9999 -9999 -9999 -9999 -9999 -9999 -9999 -9999 -9999 -9999 1.23559358314223 1.32105194948929 1.30248953345153 0.786827752631606 0.640239385398114 0.775726455537064 0.985797416564235 1.0432559722425 1.03251561997857 1.08426754766534 1.10286213118692 0.991630672667229 0.961581651154465 0.950970646454884 0.916273440795639 0.869076283732555 0.821574276687931 0.782167734514087 0.74662891086708 0.68822556785902 0.634097246512789 0.574426383185579 0.517733687604039 0.474867095877917 0.442570330567118 0.406421563867186 0.364371264919429 0.292485324481694 0.263892946244067 0.287089246313014 0.289728418594287 0.246606301733431 0.238449786172194 0.207766944706565
-9999 -9999 -9999 -9999 -9999 -9999 -9999 -9999 -9999 -9999 -9999 -9999 -9999 -9999 -9999 -9999 -9999 -9999 -9999 -9999 -9999 -9999 -9999 -9999 -9999 -9999 -9999 -9999 -9999 1.38352714671938 1.31982109436526 1.10781418197377 0.615995981607939 0.570539718562149 0.72039093869226 0.913943293487834 1.00211659547854 1.08330472331057 1.10146198984504 0.980755350571342 0.867342601911682 0.919135263490156 0.933194457071785 0.904382009379009 0.85762680872287 0.807897872493431 0.767565947697953 0.729485328683359 0.676942082078971 0.617858518993594 0.554874843762641 0.505935806126773 0.46508375928527 0.428071558419084 0.388273496675603 0.362487304088491 0.323102677270974 0.299679592211623 0.306117388112423 0.255705127218279 0.202736389733113 0.186893203229577 0.155370019971483
-9999 -9999 -9999 -9999 -9999 -9999 -9999 -9999 -9999 -9999 -9999 -9999 -9999 -9999 -9999 -9999 -9999 -9999 -9999 -9999 -9999 -9999 -9999 -9999 -9999 -9999 -9999 -9999 -9999 1.39903024724452 1.34655641222371 0.935106723216212 0.510340813543075 0.521733690662756 0.691137481054812 1.0079103635171 1.03328383382339 1.10600278138291 1.00858696683634 0.742095040225085 0.688615399003559 0.860064055212804 0.908776094213491 0.887875029105557 0.842021150017877 0.791527560026928 0.74861935883415 0.708632726953201 0.665461333748231 0.613702523426007 0.551516293541588 0.501428932686127 0.460792888817169 0.41966506129636 0.359295224631117 0.326166005800569 0.327548305900633 0.290189605582627 0.251965005835015 0.196602035283047 0.155708465284418 0.13124678497656 0.121901096710201
-9999 -9999 -9999 -9999 -9999 -9999 -9999 -9999 -9999 -9999 -9999 -9999 -9999 -9999 -9999 -9999 -9999 -9999 -9999 -9999 -9999 -9999 -9999 -9999 -9999 -9999 -9999 -9999 1.29927039209407 1.32858207660215 1.2733624185139 0.73112903446909 0.468992550219273 0.484446070212632 0.739637678157358 1.06735587046425 1.07869015116934 0.952742309703957 0.872853733719178 0.803376830866139 0.730557418574697 0.835039896423561 0.884842896760014 0.865093644451056 0.817792206076999 0.768517145900168 0.725399088763952 0.689190231712812 0.652496505341518 0.611368470838921 0.554006831619955 0.499119015171375 0.452532656859593 0.402944453042648 0.350287407807125 0.314103087767186 0.276028360025502 0.236592159025939 0.194473078658451 0.164281523765518 0.136239730889222 0.110142376086071 0.0978108357584578
-9999 -9999 -9999 -9999 -9999 -9999 -9999 -9999 -9999 -9999 -9999 -9999 -9999 -9999 -9999 -9999 -9999 -9999 -9999 -9999 -9999 -9999 -9999 -9999 -9999 -9999 -9999 -9999 1.27376938256865 1.21246701719895 1.0651119091244 0.592168740490246 0.451206593756365 0.539205344699574 0.827955108569542 0.998323555997766 1.07033940862779 0.913778694703614 0.896259183343712 0.880701084710201 0.834794434605904 0.84575289314628 0.853560991617881 0.827749720461053 0.785713339445365 0.740499474859634 0.702353051279995 0.667478777314798 0.629183201998204 0.5877203617013 0.541078586502468 0.492759197026279 0.441698770038738 0.388870318936318 0.340499024497458 0.310950451971444 0.266895656372356 0.228103302741531 0.193875079782276 0.165878633861692 0.131450704585752 0.0980629348725887 0.0856832438532691
-9999 -9999 -9999 -9999 -9999 -9999 -9999 -9999 -9999 -9999 -9999 -9999 -9999 -9999 -9999 -9999 -9999 -9999 -9999 -9999 -9999 -9999 -9999 -9999 -9999 -9999 -9999 -9999 1.22139577749833 1.16415405246991 0.920589532021003 0.456921300340588 0.455079441886632 0.660281106704693 0.956687333452217 0.899760558852893 0.977197098358885 0.946789987129383 0.887094920438996 0.859971245731003 0.848900857311753 0.834136663138785 0.816845681850517 0.789196898658429 0.755512606632225 0.716801469761927 0.683286783872202 0.64681536248741 0.607740345577036 0.562503464806331 0.523427454664436 0.488488987814064 0.431929499500712 0.381482963009367 0.340551577647333 0.309008832110629 0.271649785895091 0.23645046065079 0.204644349733159 0.169962089059571 0.130293603047181 0.0963816326948335 0.07928753810003
-9999 -9999 -9999 -9999 -9999 -9999 -9999 -9999 -9999 -9999 -9999 -9999 -9999 -9999 -9999 -9999 -9999 -9999 -9999 -9999 -9999 -9999 -9999 -9999 -9999 -9999 -9999 -9999 1.22090677891021 1.16062402786061 0.698604307896237 0.424270305108278 0.427259339594011 0.682642980009397 0.937490601684247 0.88711736117991 0.959813586992173 0.899010636845591 0.835312432039951 0.836640952822821 0.838961556025988 0.816082775041848 0.782127295585358 0.754685262083739 0.721718420839164 0.695500678267974 0.668104330175478 0.631124689727905 0.589366289655495 0.542025873868251 0.503953961006245 0.490922058899806 0.435952253663604 0.393666591370526 0.365567612776512 0.329924267224837 0.285411654340623 0.251499811446476 0.210288506697857 0.170999121070208 0.132279054806117 0.0958748199703411 0.0769206458850796
-9999 -9999 -9999 -9999 -9999 -9999 -9999 -9999 -9999 -9999 -9999 -9999 -9999 -9999 -9999 -9999 -9999 -9999 -9999 -9999 -9999 -9999 -9999 -9999 -9999 -9999 -9999 -9999 1.17638471032246 1.18459174659 0.698333916776509 0.434064976199346 0.416086497464667 0.655464414824036 0.907871001849925 0.939690926134346 0.902689368385068 0.841034614738955 0.809127772978743 0.811527543002127 0.806665700194195 0.783503668446287 0.75171534267666 0.720424648340281 0.69582167806999 0.675164340621919 0.653161966780758 0.61645428528274 0.573712506211514 0.532503862675898 0.498246596565404 0.481711801664597 0.447588886370752 0.411455707504146 0.400082126216859 0.368304223399233 0.310387799019107 0.278321716242438 0.211759258110183 0.166683252833302 0.137512053140276 0.106927194446465 0.0880480648736522
-9999 -9999 -9999 -9999 -9999 -9999 -9999 -9999 -9999 -9999 -9999 -9999 -9999 -9999 -9999 -9999 -9999 -9999 -9999 -9999 -9999 -9999 -9999 -9999 -9999 -9999 -9999 1.26558077195588 1.25311461463132 1.17658353377115 0.714018145636513 0.449131713496242 0.445383888993815 0.714592811294816 0.888007875730631 0.910563313789843 0.88614862095919 0.835227243982993 0.818016100436121 0.806991671763588 0.78000846902322 0.744474616595642 0.704744735402266 0.683294053803281 0.665215330647456 0.644426588309952 0.622085361695999 0.59077735847974 0.559919869413562 0.529851633739552 0.494987301294224 0.472338853285426 0.444311903545197 0.403183461551031 0.376504506001112 0.345225432904824 0.307810382223244 0.264357181803147 0.204417963743497 0.1660487722251 0.144834226754698 0.122118244025019 0.103042381931241
-9999 -9999 -9999 -9999 -9999 -9999 -9999 -9999 -9999 -9999 -9999 -9999 -9999 -9999 -9999 -9999 -9999 -9999 -9999 -9999 -9999 -9999 -9999 -9999 -9999 -9999 -9999 1.26947740562455 1.24210781168693 1.09516064736944 0.730586454521369 0.485159985943065 0.3103998404206 0.650621684859563 0.835727063869293 0.872993788939613 0.872363599520166 0.856744390292359 0.851057496116572 0.809102205967129 0.755171961174843 0.695312798098321 0.657358807609557 0.663199437117849 0.643166042704318 0.613292489306624 0.586147345497116 0.564748471042222 0.550048194973389 0.532941831356085 0.490948233899271 0.445888080756997 0.427024118629133 0.378295017797836 0.335626164742485 0.304859664929746 0.275806310240542 0.239192278220581 0.199226278135988 0.172066159664014 0.170083973183796 0.145872976348838 0.117917946115058
-9999 -9999 -9999 -9999 -9999 -9999 -9999 -9999 -9999 -9999 -9999 -9999 -9999 -9999 -9999 -9999 -9999 -9999 -9999 -9999 -9999 -9999 -9999 -9999 -9999 -9999 -9999 1.15330867899234 1.15486702156467 0.993893096661934 0.759443341497799 0.51868304872887 0.281034273170308 0.568100956009165 0.786002698176398 0.792156108985792 0.846013645881287 0.833109011420196 0.82145925815537 0.782268561257781 0.72191397611134 0.654547390348429 0.644898905280825 0.66308721652284 0.628362322457584 0.590476701145628 0.561892096881656 0.550200934463976 0.544877362033912 0.539989651349573 0.520017731299575 0.469127370801967 0.417191648440926 0.354071616836431 0.306859453117825 0.280741765990568 0.25340367394856 0.223828159009147 0.192282131251773 0.182294634743497 0.184383509872199 0.156095420429745 0.133339481224459
-9999 -9999 -9999 -9999 -9999 -9999 -9999 -9999 -9999 -9999 -9999 -9999 -9999 -9999 -9999 -9999 -9999 -9999 -9999 -9999 -9999 -9999 -9999 -9999 -9999 -9999 -9999 1.09230710808371 1.10183232588433 0.99631247851636 0.79881359598226 0.534876740525509 0.280579980955426 0.486739714464226 0.728286983279738 0.798067153237937 0.810985294773271 0.800443300938228 0.783788508834338 0.753121192262695 0.712779267580221 0.642253940442091 0.646503335919394 0.657163483674413 0.614624618683742 0.581841600527374 0.557209552513948 0.544943004589092 0.537190387733008 0.524724603314439 0.508308244130296 0.469210084586688 0.415530148626889 0.349751455387518 0.29938694110961 0.27016750491785 0.244131022706779 0.217580620072218 0.187607636259943 0.167939818477188 0.155505536328378 0.139433178545736 0.129579997936682
-9999 -9999 -9999 -9999 -9999 -9999 -9999 -9999 -9999 -9999 -9999 -9999 -9999 -9999 -9999 -9999 -9999 -9999 -9999 -9999 -9999 -9999 -9999 -9999 -9999 -9999 -9999 1.11708505820448 1.11091353422522 1.03469935636849 0.866861580658959 0.653093429290292 0.265947101268927 0.484056480042104 0.690081920942649 0.757340614785522 0.762145980695871 0.757504461656472 0.748314948565204 0.721291793746798 0.700575629648722 0.646613576740172 0.653952616509996 0.639177033954916 0.592377463451218 0.572670880045057 0.557248982906841 0.535105419795267 0.523656544432524 0.507879601255998 0.473835386035174 0.433033996431653 0.391490492996407 0.3407412241898 0.299064843030989 0.263961183553199 0.241845626174193 0.224885546960312 0.195068774717977 0.166527542328004 0.139305747231612 0.120231564435059 0.104828997887409
-9999 -9999 -9999 -9999 -9999 -9999 -9999 -9999 -9999 -9999 -9999 -9999 -9999 -9999 -9999 -9999 -9999 -9999 -9999 -9999 -9999 -9999 -9999 -9999 -9999 -9999 -9999 1.14368254939421 1.13605078976452 1.08049410449908 0.912384496505253 0.741232622320746 0.295174292149472 0.494908083014093 0.680946604095926 0.700632389533147 0.698778479827967 0.724539517884031 0.708341493809037 0.685086153176153 0.668427348825471 0.643894692303689 0.645541408086019 0.622923487277952 0.576534566717745 0.547423958902216 0.530655035431205 0.50781112134318 0.491037612809877 0.477316801415854 0.426632889697537 0.391851026238221 0.370666345598496 0.330946493369467 0.292853749391522 0.253380124182869 0.229705691049748 0.218588972900895 0.185381376467867 0.163069513829058 0.133351134130507 0.109668137398941 0.0966514542828809
-9999 -9999 -9999 -9999 -9999 -9999 -9999 -9999 -9999 -9999 -9999 -9999 -9999 -9999 -9999 -9999 -9999 -9999 -9999 -9999 -9999 -9999 -9999 -9999 -9999 -9999 -9999 1.12823170184965 1.12797460038417 1.06697052582097 0.897938254880342 0.721415796104945 0.303580070834933 0.516086401854864 0.660305518124768 0.619470529961123 0.62166278762039 0.68007078628612 0.682809051722527 0.651227037794084 0.630160112698374 0.633216408166904 0.637820455915236 0.618605448513123 0.578554596417987 0.531024207680682 0.493770142669348 0.470601000568473 0.449683009840521 0.429028716031193 0.386314765091459 0.355026319096893 0.346508350456035 0.298714091721085 0.266906653803664 0.236017896602183 0.204187105006764 0.175695349711159 0.141507381331649 0.133031136613945 0.125157380973056 0.113645804999046 0.111280576670925
-9999 -9999 -9999 -9999 -9999 -9999 -9999 -9999 -9999 -9999 -9999 -9999 -9999 -9999 -9999 -9999 -9999 -9999 -9999 -9999 -9999 -9999 -9999 -9999 -9999 -9999 -9999 1.08257117226123 1.12476577164413 1.08019130579135 0.933911519686023 0.720209725112279 0.342525118535195 0.437163014966952 0.567606462943995 0.556503374372714 0.574225383233551 0.61818035646839 0.630530356667515 0.596068635837307 0.592473738027545 0.604787682845431 0.614763769281267 0.620396271848055 0.593955238380739 0.530199373440668 0.476736683171395 0.456061491145651 0.440624266113032 0.411555913158541 0.35632003145439 0.314230046270738 0.293773355206986 0.274517952982196 0.24875119702286 0.217098392370859 0.185688593167886 0.157369160806396 0.133008216205293 0.12407908829574 0.123870041673343 0.116674781651348 0.104144957988765
-9999 -9999 -9999 -9999 -9999 -9999 -9999 -9999 -9999 -9999 -9999 -9999 -9999 -9999 -9999 -9999 -9999 -9999 -9999 -9999 -9999 -9999 -9999 -9999 -9999 -9999 -9999 1.05744599635178 1.10028240002843 1.0405426460395 0.899988217842165 0.726575854076322 0.374287723610564 0.291528812274253 0.492270621374058 0.51582071260955 0.545845061803376 0.57756542370408 0.584860289941448 0.56395712539417 0.561301239442746 0.574964431508695 0.590131010799174 0.611822205476664 0.601395389173065 0.533136336493775 0.482730967339928 0.463133676761746 0.457597313133935 0.431572959725408 0.367738194915645 0.31132124085251 0.282694392671774 0.274781572617322 0.271377626528316 0.228269800261937 0.186297332734412 0.163962636580419 0.144264788619745 0.129464277397954 0.127987029229952 0.11610109364844 0.109269892198034
-9999 -9999 -9999 -9999 -9999 -9999 -9999 -9999 -9999 -9999 -9999 -9999 -9999 -9999 -9999 -9999 -9999 -9999 -9999 -9999 -9999 -9999 -9999 -9999 -9999 -9999 1.02446914534394 1.05536439057465 1.06550940509286 0.957058481440825 0.844750394861288 0.697731138628508 0.352493658967721 0.233350295104224 0.406411650105017 0.450199193408819 0.50309335279143 0.54511909584598 0.550558776062629 0.538999378117144 0.534506679584934 0.540704785253797 0.549427687556187 0.565675453346713 0.550782738328682 0.508556513706043 0.473864073076661 0.461690001936426 0.468780162685505 0.459260860664615 0.403973313634172 0.331279720449547 0.282092778312006 0.268819595355892 0.265210647493526 0.23908778780296 0.187606632072106 0.173824979595535 0.145687894024317 0.11917242134852 0.104558295495615 0.110754541357508 0.115844021411936
-9999 -9999 -9999 -9999 -9999 -9999 -9999 -9999 -9999 -9999 -9999 -9999 -9999 -9999 -9999 -9999 -9999 -9999 -9999 -9999 -9999 -9999 -9999 -9999 -9999 1.01075802669242 1.03148284212661 1.02809577329197 0.97913911648827 0.89583046537374 0.811432295731622 0.614453615321173 0.280767829576245 0.216388653109831 0.341700614172889 0.410743305249575 0.467790820275476 0.504820751712362 0.520676696008218 0.514780195361278 0.518218437868665 0.519679743192885 0.523318795271414 0.532793174573562 0.520897970474498 0.487149064086753 0.456266281233475 0.448240109932448 0.456613850698711 0.451696260454457 0.413147602318674 0.343408071947058 0.287228370770392 0.265877499840281 0.258558854313724 0.246669579149795 0.23577574100635 -9999 -9999 -9999 -9999 -9999 -9999
-9999 -9999 -9999 -9999 -9999 -9999 -9999 -9999 -9999 -9999 -9999 -9999 -9999 -9999 -9999 -9999 -9999 -9999 -9999 -9999 -9999 -9999 -9999 -9999 -9999 0.976757616915227 0.985801987208005 0.965524534857037 0.904379978019105 0.851778155125499 0.758100307680492 0.55251402880985 0.253862471752758 0.179996249324409 0.313269141627762 0.39369663323548 0.448472488340426 0.485378619821233 0.501922314805175 0.507704288585892 0.509403174320668 0.504963452434887 0.505442328212074 0.520130057660637 0.504793789740727 0.475369120057744 0.453975842462747 0.449327682876316 0.444116615677673 0.435115659160906 0.403512918018086 0.35032411503791 0.295219888516533 0.266644225370769 0.250297279413736 0.234275032760638 0.226250804783516 -9999 -9999 -9999 -9999 -9999 -9999
