2050_A2_MR/PRECSD.asc
NCOLS 720 
NROWS 360 
XLLCORNER -180 
YLLCORNER -90 
CELLSIZE 0.5 
NODATA_value -9999 
[rows 112 to 139 of 360, columns 567 to 629 of 720]
0.774908141674556 0.764889490260926 0.769180923998059 0.778885152765209 0.783349033485443 0.776413553859827 0.757712233201939 0.746466444002471 0.736211522029305 0.724092067488613 0.70514199256553 0.684546868070427 0.671995548575483 0.669908374421474 0.671909171227934 0.674720714744711 0.679176288075036 0.685441071261999 0.695750186222941 0.695020742159045 0.700088076783632 0.700845458375385 0.710521537078917 0.727770845957784 0.75278383009518 0.782439438103932 0.808659322193857 0.794779240130501 0.812108682163119 0.841713971664657 0.820060469952612 0.759892034349485 0.735891944931129 0.768318796943125 0.764080973612669 -9999 -9999 -9999 -9999 -9999 -9999 -9999 -9999 -9999 -9999 0.538335233970952 0.550549287989996 -9999 -9999 -9999 -9999 -9999 0.557229749322225 0.585416989348266 0.585417249520042 0.584630462500135 0.579827283200717 0.533537126282785 0.514437482236122 0.530635506473023 0.516870257820881 0.503178536083499 -9999
0.756002794287668 0.751258615899199 0.770416825154791 0.782835078937239 0.801796816933803 0.7917709068327 0.755590684229132 0.737221808131767 0.736604794133546 0.727582019990207 0.704036908849464 0.677806887578108 0.658541441810338 0.648066735638379 0.644580893296294 0.646773153944066 0.658667262252941 0.674806281770546 0.689163330402216 0.678715974765288 0.668485803052628 0.60668405640722 0.61931021183122 0.6572193185966 0.70095461737996 0.715916457469401 0.728617420882156 0.726643631576713 0.730230556632738 0.762550237593539 0.763653939010621 0.72333943662251 0.70010486474597 0.705655863792352 0.69134484515524 -9999 -9999 -9999 -9999 -9999 -9999 -9999 -9999 -9999 -9999 0.533354372288037 0.546188984228807 -9999 -9999 -9999 -9999 0.539625954324351 0.556494508110927 0.593932807173375 0.635938472073176 0.619463606577377 0.573943959804258 0.495463287494129 0.499553833560621 0.520936139955177 0.504026439519404 -9999 -9999
0.747908732790624 0.74613678515248 0.800598272867243 0.848752708500503 0.873325810263313 0.806083410577712 0.758936656300608 0.738625408492701 0.739685999718821 0.737158060305364 0.711656169678712 0.676641262552719 0.650843595301037 0.630917787243042 0.616881288590236 0.622767337047551 0.62445623428829 0.640349323124626 0.659429359735641 0.648283701090659 0.618858591639709 0.553659062540724 0.569232191073722 0.602336827942766 0.623313448008374 0.619345499380703 0.614579027999967 0.632752494121121 0.633899909236443 0.665098693910619 0.662995081296082 0.645770761232929 0.641494644804224 0.635242949358907 0.62432498667948 -9999 -9999 -9999 -9999 -9999 -9999 -9999 -9999 -9999 -9999 -9999 -9999 -9999 -9999 -9999 0.463286536100255 0.486914007737922 0.559435991429479 0.602931681801142 0.644587597495326 0.624830320366878 0.57368918932566 -9999 0.468026962591505 -9999 -9999 -9999 -9999
0.742331118300122 0.796508073166199 0.863595316284871 0.90649473628421 0.903061677567823 0.816727559446652 0.764146489361775 0.743206783705118 0.748942974399403 0.737534244196502 0.701766125918553 0.671358887779085 0.646708607062515 0.629809587646807 0.623569270355188 0.614240006342267 0.592284083323401 0.603674072525699 0.619710948013227 0.614340214873237 0.594837758489019 0.570805072551041 0.565410000795161 0.576609418327083 0.572808835261874 0.544408012803579 0.521760412383886 0.514323947827254 0.530178866986725 0.563332348927287 0.555126343560236 0.564417291991817 0.580377009885328 0.598396125894019 0.576304052461556 0.554343904503581 -9999 -9999 -9999 -9999 -9999 -9999 -9999 -9999 -9999 -9999 -9999 -9999 -9999 -9999 -9999 -9999 -9999 0.57109147446419 0.631798237642352 0.614329896535672 0.567963546535968 -9999 -9999 -9999 -9999 -9999 -9999
0.768369683732339 0.876686870103294 0.954019455212548 0.917237934948225 0.841826616241545 0.776255227432932 0.737644001922341 0.713612584789054 0.720074764927086 0.714257701023714 0.679894993142306 0.651696781989308 0.632961957605221 0.617725330939548 0.610518224716655 0.606651617428188 0.602071839899085 0.601284371284568 0.597696531006744 0.591598056432781 0.582291003259328 0.573081987964465 0.571115636739763 0.568782532716241 0.545922974268126 0.507467869039219 0.480926772637635 0.455906401855087 0.469265392348921 0.503793453618956 0.515927908998787 0.517628970549432 0.522354366003508 0.565604773585801 0.577005104993105 0.535422661603611 0.514476609394903 -9999 -9999 -9999 -9999 -9999 -9999 -9999 -9999 -9999 -9999 -9999 -9999 -9999 -9999 -9999 -9999 0.550822611336735 0.594456357855686 0.573436456071743 0.54689441796879 -9999 -9999 -9999 -9999 -9999 -9999
0.848959702741684 0.95983359107785 0.961933383626875 0.878258959313665 0.777872290638177 0.713801614124528 0.682993241516298 0.66414360433872 0.672262689834456 0.673946000832178 0.657932538979172 0.637885011293048 0.617313520314044 0.603054383819782 0.595406436334634 0.595000238704719 0.602814415364862 0.600866088121495 0.573906199247827 0.564333238352051 0.570019144151339 0.576915464760042 0.582127155843174 0.57558989639537 0.550125194025655 0.519739438729235 0.526194715838562 0.520304139052531 0.500404107328118 0.507348226285505 0.509956720457381 0.513640922734778 0.532099488915949 0.53097229910489 0.547828088563998 0.513699236782326 0.509836854107674 -9999 -9999 -9999 -9999 -9999 -9999 -9999 -9999 -9999 -9999 -9999 -9999 -9999 -9999 -9999 -9999 0.513426331737313 0.538933854941008 0.533634721735369 -9999 -9999 -9999 -9999 -9999 -9999 -9999
0.942478222846443 0.976972823540933 0.92254244080221 0.828326247999988 0.731672070142458 0.671802693153035 0.651035532030911 0.639753259499241 0.640433447849723 0.636059320818241 0.629175575543253 0.615344810306544 0.597466600916619 0.581322963847895 0.577931879220074 0.59718099966012 0.581428024722773 0.552142076047345 0.528899036234818 0.537435540812315 0.563587748214002 0.59573325145509 0.597355824085707 0.589046155090333 0.576657419124993 0.54324765885483 0.561666369451193 0.56596486002386 0.54295615423581 0.532568781853023 0.524265197782928 0.532734316742605 0.560221624165547 0.531945245915424 0.523818827340381 0.517584038269309 0.482858548913346 -9999 -9999 -9999 -9999 -9999 -9999 -9999 -9999 -9999 -9999 -9999 -9999 -9999 -9999 -9999 -9999 -9999 0.444155717090974 0.475262489747665 -9999 -9999 -9999 -9999 -9999 -9999 -9999
0.947578482093981 0.93241979116333 0.866982398099384 0.773862031876698 0.697765769089454 0.651881724620716 0.635364776851316 0.621884658334029 0.61019713652388 0.600251882916634 0.597819310323951 0.595363067945264 0.582859237159501 0.564653900962323 0.553232752046645 0.557688322820264 0.542510577776765 0.523557767966888 0.512520875230339 0.527532111538219 0.561100151496789 0.59561535849649 0.590771883913986 0.569261891805854 0.549809237051932 0.538549125774014 0.555239759338175 0.569933079713015 0.56262147691314 0.552547119125932 0.536658554603231 0.533248025172177 0.539258910673566 0.495113129435111 0.488318703282101 0.482220274459184 0.446939620417264 0.421804134425494 -9999 -9999 -9999 -9999 -9999 -9999 -9999 -9999 -9999 -9999 -9999 -9999 -9999 -9999 -9999 0.429620321103165 0.442247240192832 -9999 -9999 -9999 -9999 -9999 -9999 -9999 -9999
0.908189913589652 0.870493299142488 0.819208947086758 0.76095709087312 0.687998507811272 0.648086756606802 0.633905759139786 0.621381017196167 0.598486494948707 0.586799062322176 0.58795954432348 0.585748140751392 0.57475645889646 0.564882998110977 0.548511395996399 0.531229916530427 0.51472188302945 0.509940465615412 0.514143298361026 0.529037696496477 0.559415713540363 0.582671687337205 0.573481951269669 0.543363404655064 0.515572316966424 0.514300052177695 0.54601691152019 0.577465206309254 0.586013523984873 0.582552411199004 0.562776103554604 0.545094430951737 0.5244885531831 0.500365180257321 0.492316862575397 0.481163167782282 0.455513786976467 0.421705133969395 -9999 -9999 -9999 -9999 -9999 -9999 -9999 -9999 -9999 -9999 -9999 -9999 -9999 -9999 -9999 -9999 -9999 -9999 -9999 -9999 -9999 -9999 -9999 -9999 -9999
0.854869787274857 0.815030513462152 0.776783435118343 0.726985234361512 0.673335821362087 0.644646134546056 0.631907361289719 0.611396336827721 0.594838085526006 0.591039830519346 0.580841099825952 0.578120707388825 0.575850994130852 0.569795202556822 0.543430733716696 0.515196332440987 0.494177071609995 0.498771725504093 0.51440668384976 0.52749803440523 0.551318765049566 0.576319914723221 0.574958856144533 0.530069691424943 0.508629651561787 0.530967784513777 0.559271709490241 0.600085736222579 0.611112312243824 0.600886536030084 0.58571477295082 0.577932204644843 0.54349573801906 0.518144787116043 0.509430938267725 0.497133754594736 0.464557568764887 -9999 -9999 -9999 -9999 -9999 -9999 -9999 -9999 -9999 -9999 -9999 -9999 -9999 -9999 -9999 -9999 -9999 -9999 -9999 -9999 -9999 -9999 -9999 -9999 -9999 -9999
0.814464487829943 0.777669392282018 0.737820281884597 0.688093875716431 0.656935573415359 0.644197602354406 0.630955615860588 0.6120753306322 0.600678772965823 0.587052328135482 0.567697017768136 0.559237483305942 0.559555339130613 0.551610023137484 0.536281596104592 0.507546166326916 0.486100699494211 0.489009280617717 0.507249449517896 0.524993123298397 0.541910899703065 0.563068211735795 0.562503762391744 0.539477254172094 0.51003101528203 0.562588755498719 0.598269185209825 0.623499713495143 0.62119077681171 0.626013957415754 0.610125565174978 0.561996974188655 0.542194997156453 0.527125609338143 0.521357066477668 0.511035933336557 0.50022587422054 -9999 -9999 -9999 -9999 -9999 -9999 -9999 -9999 -9999 -9999 -9999 -9999 -9999 -9999 -9999 -9999 -9999 -9999 -9999 -9999 -9999 -9999 -9999 -9999 -9999 -9999
0.79720407926157 0.757939119133529 0.720939029705649 0.687138775830924 0.666351284984181 0.647502021761978 0.635830741985056 0.620887121581783 0.606802769740452 0.590415126478114 0.559919760608604 0.543124685388143 0.540730592312841 0.540879459143032 0.524581978404345 0.500730607825939 0.478159548039203 0.472585033161073 0.489685300506111 0.507746267307726 0.51968548491969 0.538877628583399 0.561647959823998 0.577215192999998 0.612156721854258 0.635349825059033 0.638571431081746 0.648882428595516 0.645030444600294 0.62689196123877 0.588654949370866 0.561194380443013 0.539438524927451 0.534132695740228 0.52730444353949 0.49788983950719 0.484169459254118 -9999 -9999 -9999 -9999 -9999 -9999 -9999 -9999 -9999 -9999 -9999 -9999 -9999 -9999 0.325374773487187 0.332848953267737 -9999 -9999 -9999 -9999 -9999 -9999 -9999 -9999 -9999 -9999
0.815112514515009 0.776119718676931 0.738921070662741 0.705068700512588 0.672011714555338 0.647232565855745 0.629917795847278 0.623199356717346 0.611607546740108 0.589576108044073 0.558368101037298 0.54224050209032 0.534235010282981 0.524463795842093 0.503953383590807 0.498095323393273 0.474650767714448 0.449448967875583 0.445186457055584 0.462488058702294 0.489523720342509 0.517534578494466 0.551459878798174 0.588184582877501 0.618549855159698 0.641820439337834 0.649739077344154 0.639738680061789 0.629881065264222 0.648359544252169 0.618281817570763 0.557778124133398 0.542851828462121 0.545713167083107 0.541350315358538 0.49304467869335 -9999 -9999 -9999 -9999 -9999 -9999 -9999 -9999 -9999 -9999 -9999 -9999 -9999 -9999 0.297298146650123 -9999 -9999 -9999 -9999 -9999 -9999 -9999 -9999 -9999 -9999 -9999 -9999
0.851191721081039 0.815439956106751 0.770060544831036 0.72542874046854 0.692369170738921 0.661105147550008 0.63747657804554 0.622585639315854 0.604622366576126 0.575376059794825 0.545412915751722 0.531919196539397 0.520925827617929 0.501103925831963 0.490204002952712 0.498732839478298 0.477117016881861 0.439522738191829 0.425112764766333 0.438858104739651 0.472174856067863 0.509290759164789 0.559155874888621 0.595466266203334 0.619220806005755 0.635394661923468 0.654000544204413 0.648522134471357 0.659746392552804 0.657760949592224 0.603229162649904 0.559126301854927 0.549982983243254 0.549667777349278 0.544800939966501 -9999 -9999 -9999 -9999 -9999 -9999 -9999 -9999 -9999 -9999 -9999 -9999 -9999 -9999 -9999 -9999 -9999 -9999 -9999 -9999 -9999 -9999 -9999 -9999 -9999 -9999 -9999 -9999
0.859639639835803 0.835022239321037 0.79722097238137 0.752810651618987 0.719403250463928 0.688669160281806 0.655429609738358 0.626480372969092 0.60003334779234 0.570216499399358 0.540286865183061 0.522361640262355 0.506967779398581 0.487590973974549 0.476463419798699 0.487165122347309 0.48270198678676 0.466163260084569 0.447892396600985 0.447974665528759 0.480081591368017 0.513522290408477 0.56431696182249 0.598620698317649 0.616167514484791 0.642845347966087 0.639596602588894 0.638082948440737 0.642533914643904 0.614004899369716 0.568940642262102 0.554838826366892 0.554473097588465 0.535647708168138 -9999 -9999 -9999 -9999 -9999 -9999 -9999 -9999 -9999 -9999 -9999 -9999 -9999 -9999 -9999 0.349593594377454 -9999 -9999 -9999 -9999 -9999 -9999 -9999 -9999 -9999 -9999 -9999 -9999 -9999
0.857948456601062 0.833584562241158 0.806138618063996 0.769585433657839 0.749282543641145 0.716856185575287 0.672339274478338 0.633003954675452 0.599783825215347 0.576299531859025 0.554214220642653 0.53572596617633 0.517092955864811 0.506386261695495 0.494729710288843 0.495621529204471 0.496855890434446 0.484743652610049 0.467387953236257 0.468382851695589 0.506753771361561 0.528480144470271 0.556084586408869 0.588611280587441 0.617655241845471 0.634870763392284 0.631494794530186 0.618758513026297 0.601279622938959 0.580528968871251 0.555309691185487 0.540187054085638 0.537542336164135 -9999 -9999 -9999 -9999 -9999 -9999 -9999 -9999 -9999 -9999 -9999 -9999 -9999 -9999 -9999 0.362493567825636 -9999 -9999 -9999 -9999 -9999 -9999 -9999 -9999 -9999 -9999 -9999 -9999 -9999 -9999
0.850379325987636 0.833114000571643 0.813815888695618 0.774053002181183 0.756992630701947 0.732528098700548 0.689907529333676 0.640973329953811 0.606244590941176 0.588781439971243 0.5766589359415 0.56922043733235 0.562099185373866 0.548894697171067 0.530112830976441 0.516594694271939 0.514506503863949 0.510230021450179 0.494576170212271 0.507139786756822 0.541920491799873 0.565037957029982 0.592582981213482 0.596987102867974 0.613937089709113 0.624346523208737 0.61995869464888 0.605010082831198 0.585865610366245 0.571879178509369 0.568024561687568 0.555044668487053 0.571876760081585 -9999 -9999 -9999 -9999 -9999 -9999 -9999 -9999 -9999 -9999 -9999 -9999 -9999 -9999 -9999 -9999 -9999 -9999 -9999 -9999 -9999 -9999 -9999 -9999 -9999 -9999 -9999 -9999 -9999 -9999
0.84049834637495 0.82098846241854 0.799498459571038 0.778202998513183 0.780057398570903 0.755883152107008 0.710599490358697 0.662569250626242 0.629115318969473 0.611840312797143 0.5982194464536 0.600628831339465 0.619169075310551 0.632693716812239 0.576637480201901 0.553588761908242 0.552605754937179 0.559657772260325 0.566250046688174 0.576493875660663 0.585201024925478 0.603743439866696 0.61329403551173 0.608690914364845 0.608328093172424 0.614627324582657 0.619076396139845 0.614974407763681 0.601370560155159 0.589800409443768 0.587814142655301 0.579374990985824 0.578090732029194 -9999 -9999 0.33679872455094 0.261272803061159 -9999 -9999 -9999 -9999 -9999 -9999 -9999 -9999 -9999 -9999 -9999 -9999 -9999 -9999 -9999 -9999 -9999 -9999 -9999 -9999 -9999 -9999 -9999 -9999 -9999 -9999
0.819515781465383 0.794069618390428 0.78498381250891 0.805857517351368 0.826615309661723 0.787132652386245 0.734593696148652 0.688666392092836 0.660074763428959 0.641057194831649 0.619042510858708 0.612985764319271 0.639041483472213 0.644343193304281 0.615659704420525 0.589400000728826 0.586074855764136 0.595957767832577 0.612168943019885 0.625625178331142 0.623049932904038 0.635421379124907 0.630130318036776 0.611656156333602 0.599853908308282 0.60284945614925 0.62234389954099 0.631431460803914 0.620152516876022 0.596867663395536 0.596286063308138 -9999 -9999 -9999 0.619672391190265 0.46505484542052 0.456624350905703 -9999 -9999 -9999 -9999 -9999 -9999 0.263886976185624 -9999 -9999 -9999 -9999 -9999 -9999 -9999 -9999 -9999 -9999 -9999 -9999 -9999 -9999 -9999 -9999 -9999 -9999 -9999
0.802334684852404 0.767391260518459 0.764159009872115 0.800554730202623 0.834874909675732 0.78811828548404 0.741355544121463 0.700434634028049 0.676806501988309 0.652174300987122 0.630487602784121 0.615214624446346 0.616402183803492 0.633363698017913 0.629236421451122 0.615838363136299 0.604603428282979 0.614008101727303 0.633192200222345 0.656884275624267 0.673127035106246 0.667154196652173 0.651151518371073 0.614742403108331 0.594439737157202 0.602452673930424 0.632008200394822 0.647082416189334 0.624986716286153 0.595315384573742 -9999 -9999 -9999 0.805730176879937 0.788117560211878 0.521621084937096 0.527159788993266 -9999 -9999 -9999 0.253926830855006 -9999 -9999 -9999 -9999 -9999 -9999 -9999 -9999 -9999 -9999 -9999 -9999 -9999 -9999 -9999 -9999 -9999 -9999 -9999 -9999 -9999 -9999
0.787794306463347 0.7649601417212 0.770044399009664 0.792748175134408 0.809642640145992 0.778264814826366 0.730933951751552 0.70124105402957 0.676208757758777 0.65318921526287 0.635799844455083 0.623495429759293 0.624364877242483 0.627310849166963 0.628473071381557 0.619305921114767 0.61539871211767 0.625288252125449 0.644439041189998 0.676946700534226 0.691773195897462 0.68784581297128 0.682582810597257 0.651149440462274 0.635779330972956 0.641925677019147 0.664016921747689 0.666798850013777 0.657201554091685 -9999 -9999 -9999 -9999 0.879930056726132 0.82066736233047 0.569468803720324 0.525448090962496 -9999 -9999 -9999 -9999 -9999 -9999 -9999 -9999 -9999 -9999 -9999 -9999 -9999 -9999 -9999 -9999 -9999 -9999 -9999 -9999 -9999 -9999 -9999 -9999 -9999 -9999
0.795505081691887 0.802229266732711 0.808706713771406 0.818717079540561 0.810586756554845 0.804866507315559 0.76856620770502 0.717390453315021 0.67575430477036 0.651658024551038 0.650256306852436 0.658006985080152 0.652349082592353 0.636153860710769 0.646886561854828 0.650206802614455 0.651836921671695 0.652137966377882 0.650733842663297 0.667663337532992 0.672218406723044 0.687315778536655 0.708764396972637 0.706355629826534 0.689507684125627 0.686264358838365 0.697261181873242 0.683781207814115 -9999 -9999 -9999 -9999 -9999 0.983560936499541 0.83488136438234 0.650804013088469 0.593914559541861 -9999 -9999 -9999 -9999 -9999 -9999 -9999 -9999 -9999 -9999 -9999 -9999 -9999 -9999 -9999 -9999 -9999 -9999 -9999 -9999 -9999 -9999 -9999 -9999 -9999 -9999
0.775491421911302 0.813428078057022 0.838421308486362 0.838244379856062 0.831164991299174 0.81052452775484 0.763756888419933 0.717860316466935 0.692228002398088 0.666702647433559 0.677795302895365 0.68807542850906 0.659974129381096 0.651990679661423 0.689479295680332 0.705147538381908 0.704451190779838 0.708680237022564 0.724290296780274 0.711827433760847 0.721900716976432 0.744058122719023 0.747371338919982 0.751992238906027 0.718269160146944 0.708579473506835 -9999 -9999 -9999 -9999 -9999 -9999 -9999 1.05210402446191 0.907342425948841 0.722285596162485 -9999 -9999 -9999 -9999 -9999 -9999 -9999 -9999 -9999 -9999 -9999 -9999 -9999 -9999 -9999 -9999 -9999 -9999 -9999 -9999 -9999 -9999 -9999 -9999 -9999 -9999 -9999
0.819316780029018 0.770489296681873 0.782721893595073 0.82979141740357 0.83879923941864 0.78143268673135 0.726074496553109 0.720095778814112 0.743997261887078 0.746944648146519 0.740638527334104 0.714794350240365 0.669403880174123 0.671573026605315 0.719836559294195 0.742725562503643 0.750051681329781 0.768106009243951 0.829931093205101 0.765687271595362 0.777145963399948 0.782196866775815 0.758933890459995 -9999 -9999 -9999 -9999 -9999 -9999 -9999 -9999 -9999 -9999 1.05353049788435 0.95036188658453 -9999 -9999 -9999 -9999 -9999 -9999 -9999 -9999 -9999 -9999 -9999 -9999 -9999 -9999 -9999 -9999 -9999 -9999 -9999 -9999 -9999 -9999 -9999 -9999 -9999 -9999 -9999 -9999
0.843854262529025 0.845537809272439 0.795381942215749 0.789002225486796 0.832963428007112 0.795253073142979 0.758497649071712 0.768925828312658 0.812843353129932 0.822136050512081 0.815701971490622 0.77674660222026 0.708109437332598 0.698495781967598 0.729540619316567 0.753761953804974 0.770014040303713 0.772455035768598 0.774663868963797 -9999 -9999 -9999 -9999 -9999 -9999 -9999 -9999 -9999 -9999 -9999 -9999 -9999 -9999 -9999 0.969072005908466 -9999 -9999 -9999 -9999 -9999 -9999 -9999 -9999 -9999 -9999 -9999 -9999 -9999 -9999 -9999 -9999 -9999 -9999 -9999 -9999 -9999 -9999 -9999 -9999 -9999 -9999 -9999 -9999
0.869815223895688 0.835333282493473 0.834442135222396 0.791280980329677 0.802200331403684 0.805066390473507 0.830065038880995 0.865368455895624 0.857430898524139 0.841402684449403 0.838253121423253 0.813858079674142 0.720583536437693 0.716725115695899 0.744977898948576 0.753722248769015 0.769415380802178 -9999 -9999 -9999 -9999 -9999 -9999 -9999 -9999 -9999 -9999 -9999 -9999 -9999 -9999 -9999 -9999 -9999 -9999 -9999 -9999 -9999 -9999 -9999 -9999 -9999 -9999 -9999 -9999 -9999 -9999 -9999 -9999 -9999 -9999 -9999 -9999 -9999 -9999 -9999 -9999 -9999 -9999 -9999 -9999 -9999 -9999
0.878661726377118 0.838800437775466 0.85922352508866 0.871973185959274 0.827030776365954 0.797463173922642 0.848890315564677 0.934016132791134 -9999 -9999 -9999 -9999 0.647421461794315 0.68786623516782 0.706942925329489 -9999 -9999 -9999 -9999 -9999 -9999 -9999 -9999 -9999 -9999 -9999 -9999 -9999 -9999 -9999 -9999 -9999 -9999 -9999 -9999 -9999 -9999 -9999 -9999 -9999 -9999 -9999 -9999 -9999 -9999 -9999 -9999 -9999 -9999 -9999 -9999 -9999 -9999 -9999 -9999 -9999 -9999 -9999 -9999 -9999 -9999 -9999 -9999
0.866771653209203 0.843437905553079 0.866335487818597 0.854645581042603 0.830504455880931 0.796669322366333 0.813180350386527 -9999 -9999 -9999 -9999 -9999 -9999 0.623567751340741 0.648079960835873 -9999 -9999 -9999 -9999 -9999 -9999 -9999 -9999 -9999 -9999 -9999 -9999 -9999 -9999 -9999 -9999 -9999 -9999 -9999 -9999 -9999 -9999 -9999 -9999 -9999 -9999 -9999 -9999 -9999 -9999 -9999 -9999 -9999 -9999 -9999 -9999 -9999 -9999 -9999 -9999 -9999 -9999 -9999 -9999 -9999 -9999 -9999 -9999
