2050_A2_MR/PRECSD.asc
NCOLS 720 
NROWS 360 
XLLCORNER -180 
YLLCORNER -90 
CELLSIZE 0.5 
NODATA_value -9999 
[rows 28 to 55 of 360, columns 441 to 503 of 720]
-9999 -9999 -9999 -9999 -9999 -9999 -9999 -9999 -9999 -9999 -9999 -9999 -9999 -9999 -9999 -9999 -9999 -9999 -9999 -9999 -9999 -9999 -9999 -9999 -9999 -9999 -9999 -9999 -9999 -9999 -9999 -9999 -9999 -9999 -9999 0.242392758813461 0.235458917804978 0.231251273073567 0.230264782655805 0.229484202084642 0.237515551148549 0.244119528412148 0.251260263791015 0.255975362510179 0.261006455492349 0.26911966571061 0.275280733617305 0.286409713951491 0.295101490664635 0.30074342032799 0.307031103361418 0.309569593683445 -9999 -9999 -9999 -9999 -9999 -9999 -9999 -9999 -9999 -9999 -9999
-9999 -9999 -9999 -9999 -9999 -9999 -9999 -9999 -9999 -9999 -9999 -9999 -9999 -9999 -9999 -9999 -9999 -9999 -9999 -9999 -9999 -9999 -9999 -9999 -9999 -9999 -9999 -9999 -9999 -9999 0.294352847134042 0.288183250663206 0.272327032608573 0.247710119947591 0.230786785712144 0.223833661559782 0.203350543656433 0.201102432003809 0.22024340248923 0.228558116094667 0.247324493343728 0.261282520563878 0.259626540500103 0.266619423670562 0.268655905303593 0.275181778726636 -9999 -9999 -9999 -9999 -9999 -9999 -9999 -9999 -9999 -9999 -9999 -9999 -9999 -9999 -9999 -9999 -9999
-9999 -9999 -9999 -9999 -9999 -9999 -9999 -9999 -9999 -9999 -9999 -9999 -9999 -9999 -9999 -9999 -9999 -9999 -9999 -9999 -9999 -9999 -9999 -9999 -9999 -9999 -9999 -9999 -9999 -9999 0.298689867840677 0.280820835788917 0.2548809475805 0.227247835030895 0.214958115551936 0.217083307685539 0.228245832299779 0.237410408789768 0.240397900476309 0.245206773003073 -9999 -9999 -9999 -9999 -9999 -9999 -9999 -9999 -9999 -9999 -9999 -9999 -9999 -9999 -9999 -9999 -9999 -9999 -9999 -9999 -9999 -9999 -9999
-9999 -9999 -9999 -9999 -9999 -9999 -9999 -9999 -9999 -9999 -9999 -9999 -9999 -9999 -9999 -9999 -9999 -9999 -9999 -9999 -9999 -9999 -9999 -9999 -9999 -9999 -9999 -9999 0.312042067866852 0.306352915006652 0.29224410271058 0.268814654259248 0.247608688594733 0.244551064016222 0.251396127029074 0.261501192970443 0.255798811633053 0.259438310136018 0.254719678082941 -9999 -9999 -9999 -9999 -9999 -9999 -9999 -9999 -9999 -9999 -9999 -9999 -9999 -9999 -9999 -9999 -9999 -9999 -9999 -9999 -9999 -9999 -9999 -9999
-9999 -9999 -9999 -9999 -9999 -9999 -9999 -9999 -9999 -9999 -9999 -9999 -9999 -9999 -9999 -9999 -9999 -9999 -9999 -9999 -9999 -9999 -9999 -9999 -9999 -9999 0.357862449065511 0.328817805294941 0.313771614255155 0.298149344130346 0.277921289547533 0.265641730580862 0.260968832056641 0.267374860846978 0.276268415498759 -9999 -9999 -9999 -9999 -9999 -9999 -9999 -9999 -9999 -9999 -9999 -9999 -9999 -9999 -9999 -9999 -9999 -9999 -9999 -9999 -9999 -9999 -9999 -9999 0.38769696172836 0.365367520139729 -9999 -9999
-9999 -9999 -9999 -9999 -9999 -9999 -9999 -9999 -9999 -9999 -9999 -9999 -9999 -9999 -9999 -9999 -9999 -9999 -9999 -9999 -9999 -9999 -9999 -9999 -9999 0.365228867513758 0.338043365735713 0.316180618996933 0.296648204595874 0.277984761882734 0.283490995210055 0.283598238245157 0.287516091456848 0.283732439574093 -9999 -9999 -9999 -9999 -9999 -9999 -9999 -9999 -9999 -9999 -9999 -9999 -9999 -9999 -9999 -9999 -9999 -9999 -9999 -9999 -9999 -9999 -9999 -9999 0.393704429415882 0.384963866085099 0.371479895765651 0.360220157760099 -9999
-9999 -9999 -9999 -9999 -9999 -9999 -9999 -9999 -9999 -9999 -9999 -9999 -9999 -9999 -9999 -9999 -9999 -9999 -9999 -9999 -9999 -9999 -9999 -9999 0.376917325707861 0.35160801644417 0.336530843834944 0.321871839641509 0.302745552128036 0.301684337419864 0.304920990459938 0.30845292673715 -9999 -9999 -9999 -9999 -9999 -9999 -9999 -9999 -9999 -9999 -9999 -9999 -9999 -9999 -9999 -9999 -9999 -9999 -9999 -9999 -9999 -9999 -9999 -9999 -9999 0.379118641127662 0.385580693860551 0.383937542867852 0.374460638877717 0.365915410547031 0.356805406411587
-9999 -9999 -9999 -9999 -9999 -9999 -9999 -9999 -9999 -9999 -9999 -9999 -9999 -9999 -9999 -9999 -9999 -9999 -9999 -9999 -9999 -9999 0.384431387395461 0.384788531592653 0.368658751258267 0.343538742544104 0.330622796849875 0.318147332436918 0.313999779742122 0.31595227767935 0.320875659612243 -9999 -9999 -9999 -9999 -9999 -9999 -9999 -9999 -9999 -9999 -9999 -9999 -9999 -9999 -9999 -9999 -9999 -9999 -9999 -9999 -9999 -9999 -9999 -9999 -9999 0.379881169194126 0.383602107720321 0.383536286110902 0.380205871672973 0.370217728945307 0.359481870857186 0.349646915114576
-9999 -9999 -9999 -9999 -9999 -9999 -9999 -9999 -9999 -9999 -9999 -9999 -9999 -9999 -9999 -9999 -9999 -9999 -9999 -9999 -9999 0.38255196431914 0.379387958826497 0.376469825087314 0.364328893251922 0.345868753578454 0.337343121769422 0.32862764319608 0.32497277225331 0.321856363849155 0.323040494407427 -9999 -9999 -9999 -9999 -9999 -9999 -9999 -9999 -9999 -9999 -9999 -9999 -9999 -9999 -9999 -9999 -9999 -9999 -9999 -9999 -9999 -9999 -9999 0.379655339209097 0.381167785076678 0.383488193449641 0.381904806502361 0.376047905752964 0.370037718666452 0.368272109100786 0.363184874244459 0.345215190528471
-9999 -9999 -9999 -9999 -9999 -9999 -9999 -9999 -9999 -9999 -9999 -9999 -9999 -9999 -9999 -9999 -9999 -9999 -9999 -9999 -9999 -9999 0.378263846958597 0.378499784275297 0.364971809097615 0.357974761233392 0.349594610996884 0.334898376151258 0.321452585351146 0.312575213188222 0.314715510882935 0.314415646698396 -9999 -9999 -9999 -9999 -9999 -9999 -9999 -9999 -9999 -9999 -9999 -9999 -9999 -9999 -9999 -9999 -9999 -9999 -9999 -9999 0.387595736226722 0.380860538005086 0.381082922517819 0.380807216800141 0.373562160760005 0.370454966406561 0.370617118090962 0.367751240918907 0.357627691791672 0.351463018387947 0.342191348806753
-9999 -9999 -9999 -9999 -9999 -9999 -9999 -9999 -9999 -9999 -9999 -9999 -9999 -9999 -9999 -9999 -9999 -9999 -9999 -9999 -9999 -9999 -9999 -9999 -9999 -9999 0.341203099154263 0.328627847637433 0.318698862719888 0.315240304395635 0.31445014629427 0.310467702497078 0.315376561863645 0.314197790802539 0.320751804291841 -9999 -9999 -9999 -9999 -9999 -9999 -9999 -9999 -9999 -9999 -9999 -9999 -9999 -9999 -9999 -9999 -9999 0.393730779743763 0.392676859199811 0.38486176887099 0.376819006183779 0.373523683096929 0.371460084686682 0.366616055562108 0.356373724331301 0.349352026750575 0.342569517011154 0.337398865017839
-9999 -9999 -9999 -9999 -9999 -9999 -9999 -9999 -9999 -9999 -9999 -9999 -9999 -9999 -9999 -9999 -9999 -9999 -9999 -9999 -9999 -9999 -9999 -9999 -9999 -9999 -9999 -9999 -9999 -9999 -9999 0.315150645731065 0.314663856869085 0.316031187263696 -9999 -9999 0.329605068658952 0.329090186265849 0.339782503959071 0.344185996228783 -9999 -9999 -9999 -9999 -9999 -9999 -9999 -9999 -9999 -9999 -9999 -9999 -9999 0.388853221377962 0.386257357105357 0.379704732547015 0.372900419492719 0.366155155320081 0.358581366130946 0.354221799020574 0.344784734895537 0.337075843994756 0.332215165667236
-9999 -9999 -9999 -9999 -9999 -9999 -9999 -9999 -9999 -9999 -9999 -9999 -9999 -9999 -9999 -9999 0.342384639366026 0.345476322932349 -9999 -9999 -9999 -9999 -9999 -9999 -9999 -9999 -9999 -9999 -9999 -9999 -9999 -9999 -9999 -9999 -9999 -9999 0.341070174313265 0.333539773849835 0.335336400443343 0.347806972063395 0.350437499015004 0.346051723829296 0.341550650344774 0.33456188528165 0.331173382852373 0.331524922280288 0.337536803778095 0.341247819118287 -9999 -9999 -9999 -9999 0.408588875912885 0.400443464139807 0.383654803166655 0.371696068728245 0.364637118169304 0.358290021281661 0.354100200824269 0.34432894727945 0.336554842752243 0.330890053150986 0.326310760886309
-9999 -9999 -9999 -9999 -9999 -9999 -9999 -9999 -9999 -9999 -9999 -9999 -9999 -9999 -9999 0.346071623462155 0.344077444787031 0.338237843409874 0.333193924582842 0.330881917337253 -9999 -9999 -9999 -9999 -9999 -9999 -9999 -9999 -9999 -9999 -9999 -9999 -9999 -9999 -9999 -9999 -9999 0.329415635803769 -9999 0.346662924778584 0.336201792548686 0.329396858288296 0.326605339815894 0.32556388561705 0.322912925154135 0.324733081904617 0.331729018208369 0.338883301323229 0.342766971205875 0.347588889111909 0.365952518958285 0.372474051297677 -9999 0.3955319418296 0.380626534311009 0.366538858065995 0.355097401864059 0.343911521063957 0.335902525255701 0.328888538403615 0.325011023950286 0.320123558585832 0.31596487213779
-9999 -9999 -9999 -9999 -9999 -9999 0.276121520578982 0.277471840228814 0.286091578891016 0.292720034501111 0.300952754491665 -9999 -9999 -9999 -9999 0.351633864722942 0.342334233515286 0.335182208669824 0.327796760620249 -9999 -9999 0.289985564574212 0.282176931026993 0.282391972799561 0.285050774212204 0.283893789247632 0.28540115540566 0.296096726094188 -9999 0.285962656898693 0.289729534007472 0.294657107992039 0.30083924264878 0.310833969011271 0.320530193583096 0.319250734568928 0.324114805231042 0.32172708052787 0.316112315791129 0.311116405824777 0.312282721480062 0.312775923373827 0.308566336184283 0.309319345812913 0.310802223086863 0.314339842949131 0.325916046357278 0.330427941852186 0.339743564145188 0.345202677110306 0.351809354689105 0.3616108389263 0.365839740131289 0.36051967421893 0.347302214501155 0.344630290049437 0.341720496821948 0.32869646456187 0.320964492784307 0.315618859399265 0.311809916010934 0.308468717442874 0.30412260039043
-9999 -9999 -9999 -9999 -9999 -9999 0.276121520578982 0.27828030195248 0.277333206751994 0.282727320915157 0.29279697861793 0.305316745832173 -9999 -9999 -9999 -9999 -9999 -9999 -9999 0.307224036901284 0.2892387290638 0.283026335891139 0.276411591036346 0.275282478369888 0.271709597097805 0.267877025986483 0.269729085756136 0.27309996980729 0.278486178555639 0.281095195159085 0.282844435121786 0.291701814291729 0.299381980311933 0.30484287397259 0.300687086457646 0.303165317716611 0.30521113127947 0.308454685203256 0.307676651419425 0.299952704191114 0.295764404706702 0.294030471121059 0.294992225180286 0.296885571609678 0.299156012583086 0.303927286342899 0.309291123299436 0.319798270289346 0.32829641326344 0.338278581127368 0.346474026912143 0.34886574791636 0.358132266974172 0.355203173180682 0.350349875954041 0.342488291838278 0.33269612330586 0.323084356504888 0.315795851058298 0.306061510113657 0.299633101039356 0.292428166563781 0.292816402075213
0.261034559536177 -9999 -9999 -9999 -9999 -9999 -9999 0.275711969050705 0.281908121686242 0.283761079560725 0.29371768919673 0.30189485961154 -9999 -9999 -9999 0.332115075916406 0.332612856951943 0.317675787060829 0.303401572681633 0.292244319738228 0.280876340112625 0.27470919291763 0.266503080886593 0.26207265839537 0.260027555835169 0.259871637536997 0.261764741722828 0.261940692923657 0.264273884220087 0.268518818037017 0.274743610626103 0.277587698764695 0.280791221145184 0.288108583852966 0.293216948077775 0.292533394640983 0.296875258106567 0.298205999051076 0.295429894919013 0.281848184514403 0.275741334245153 0.274203817225308 0.276784707440771 0.282067937711675 0.2890310309559 0.298014690419879 0.307088681472908 0.317772766700077 0.325214102410857 0.333583058363843 0.342909774728538 0.349111030716433 0.348483523498612 0.349848736444376 0.346568488660993 0.338600633940573 0.328300748683198 0.317064984541303 0.308264280690133 0.2969886131212 0.28978459859048 0.284535398699724 0.277967751539346
0.24873024757085 0.257833372966328 -9999 -9999 -9999 -9999 0.274020450999433 0.278421921114602 0.281258708269896 0.288289354154096 -9999 -9999 -9999 -9999 0.339005560109844 0.330235009774364 0.30648863698979 0.297529868168933 0.2907996420305 0.282095394174643 0.273659581181231 0.263675030977069 0.258015429310018 0.253003512713526 0.249522198535639 0.250498337957454 0.249227108064605 0.248795618874292 0.251786116450205 0.258035445274229 0.263214558199937 0.267829788297125 0.273234527682852 0.277201805914275 0.281151890803557 0.290072011393198 0.295903681279042 0.298016542111116 0.289209006507682 0.272954271543073 0.263577038574124 0.26420525665394 0.27040666351122 0.279287051737625 0.289344521237583 0.297579691320888 0.306464870141522 0.313437480909664 0.322450756596054 0.3341274901571 0.344370804730992 0.350400255428722 0.351915874648124 0.347093279938962 0.340822066697813 0.334484016948064 0.322790278653704 0.31136862539445 0.302101178225358 0.295797716186122 0.287266078516052 0.279391502244756 0.274390395464884
0.249799914338745 0.258136792928688 -9999 0.262221496728114 0.263034048263342 -9999 -9999 0.276786451733754 0.282543006472563 0.287851453243234 0.293338374499883 0.304307872902194 0.311223012658927 0.325048855507081 0.339913876668709 0.322295294935137 0.295612113000826 0.285194332012131 0.275549704398006 0.266154407679836 0.258203099106152 0.251146233998292 0.244896528446256 0.242249479484951 0.23749025128171 0.23900566711428 0.23890007008036 0.238392674733032 0.241139466081868 0.245714330082232 0.251450059558067 0.260316255796168 0.263025047228837 0.267274715379489 0.270372780879177 0.274654816999965 0.281303639166922 0.285384619860054 0.275958922289765 0.260921020301527 0.250697077332953 0.25707855438743 0.26799737032979 0.280806100189507 0.291689040097777 0.298003913289827 0.307211071269204 0.317870862212843 0.324574224634205 0.333107222060404 0.340192471547697 0.347812572655307 0.35562935764959 0.353212511434009 0.343206684441212 0.33020897146561 0.320983603068801 0.309180654964228 0.299600789111804 0.289473091647545 0.282021093679986 0.277844428521161 0.273311760831869
0.25758857245332 0.253785160646625 0.257853203168228 0.256398045353741 0.258932771931931 0.263191847103993 0.266988977270225 0.270678919302344 0.272468897979197 0.276300088449901 0.283903542736988 0.287958295111855 0.295737790449815 0.299269690865502 0.302733195890451 0.300110957958278 0.284731902851394 0.274159534605042 0.264715767076335 0.255769707013759 0.249137435871119 0.241626648140424 0.233471046104623 0.232336763814502 0.23016385040179 0.233296699108747 0.230638471708785 0.23078113931039 0.235251997095718 0.239921189574261 0.243016000735861 0.252629951487979 0.258937847325004 0.261971278976181 0.263558039091029 0.269427084608934 0.271398864002509 0.273817625414115 0.26896319990934 0.258698781546619 0.248115166296305 0.256223816992199 0.268180247165575 0.279714497215487 0.292114067463646 0.301458650503282 0.311455586904861 0.317111306999327 0.324031187275466 0.331657054869635 0.337413855430869 0.345471605812766 0.352731128252326 0.349814852820919 0.34197136160731 0.332150509033888 0.321206316248945 0.312593793557914 0.305379423609112 0.29660692261758 0.288001558874194 0.280135476023583 0.280197768271578
0.256929637256904 0.252235684257347 0.249111667502901 0.248138931370661 0.251632216979283 0.258607260291553 0.264376107905265 0.264142152048835 0.265287282890525 0.266247022755654 0.270407447486145 0.273696777288048 0.276195190697273 0.274670779854028 0.274443396574993 0.271902449739818 0.267543913969152 0.260617242281634 0.255586921629483 0.248811369379721 0.243888337921132 0.238327864311937 0.231719631071456 0.232343735330729 0.223611241022837 0.226370428811106 0.225878599431435 0.230360025829388 0.232021226638944 0.234091272891595 0.238983073833971 0.245528905365438 0.254936501526201 0.257128738628074 0.257063458460621 0.260833351635154 0.264585145206258 0.268390824021659 0.266573666602732 0.26237957266846 0.261407928933466 0.26725568192232 0.276415976423441 0.285504786877325 0.293087731351407 0.300151443126063 0.30649420393505 0.31487198960328 0.321894982757884 0.328929941950445 0.335146802227703 0.343025288789214 0.346731110962066 0.345029224719858 0.339432822844406 0.333398421488432 0.326153521971195 0.320815036031791 0.31325303571063 0.308244245840008 0.302098545021695 0.294384170383745 0.28810810388758
0.257112447578063 0.248524913688432 0.247772775586584 0.247712490264282 0.251475923087746 0.255907296914885 0.259944976140955 0.260325503739353 0.260484279160765 0.26183628258423 0.262538862615478 0.260454135195625 0.25432531529796 0.247456930695911 0.24500864559256 0.247686293126375 0.249028908325206 0.248908145088375 0.242929634224958 0.240248679890044 0.241250319698303 0.233809924011426 0.233668350671534 0.227328821416494 0.225627406380182 0.230062789277435 0.230891494694783 0.231472119836384 0.23360396110718 0.234976888442213 0.238882655931807 0.240541700645724 0.244408759560725 0.250094813189473 0.249277849961804 0.255507268749591 0.258991698504453 0.25603141910234 0.253184082696262 0.267453458009744 0.280651944473456 0.286915384096089 0.287530469278129 0.289705954091328 0.296416121929104 0.304634370415318 0.313917412055301 0.322681586500948 0.325332860522656 0.331039201952033 0.338501887416431 0.342868709442371 0.34617530651505 0.345287727184755 0.344209479583321 0.338699328529566 0.333196897934862 0.329010079982826 0.325052709585555 0.320104048947247 0.316535039767567 0.309416822507621 0.302915183896724
0.262511937773416 0.255765756362938 0.254689600451082 0.255615348235348 0.257159613291626 0.261243804432548 0.262301215590119 0.258350259101264 0.258594013841748 0.257500051623948 0.253761749101657 0.250538328625717 0.241258078856522 0.230840380318469 0.227175716741522 0.236169671976507 0.238240945906468 0.238916459369942 0.235350523929257 0.234534863202006 0.235131170834341 0.23497871265142 0.234945532032125 0.235843530402523 0.234748796078206 0.234484760016455 0.235664450801615 0.23649210131964 0.235005401833423 0.236479782078214 0.236988353553327 0.238546709978567 0.237153074825086 0.239658775914965 0.245872825330135 0.249437776500966 0.24852340537812 0.244829443170304 0.256898969188889 0.279177720657541 0.291000919079031 0.295708516786777 0.29568432049094 0.30105015200359 0.308161491372627 0.315061272624432 0.324238557130702 0.330131621188851 0.336782453973943 0.341933724628855 0.345412781736709 0.347921944317932 0.350129111490177 0.35059830598772 0.350453467299188 0.347301650120924 0.343317538909619 0.339910178415941 0.337147789918217 0.334201249830137 0.328645187591558 0.323800709253774 0.318418654060752
0.264294190625045 0.26253676028988 0.264005189389572 0.262444086901546 0.262373321239017 0.262320703055842 0.262296721702867 0.260426037166578 0.256091380928046 0.252159621496278 0.246353935204194 0.243919308961362 0.239893862203484 0.233513797797196 0.231011299349599 0.235046484700163 0.240260581530711 0.238040783385437 0.236281001339668 0.237564270355739 0.238082827785353 0.242209372308796 0.243316759767764 0.237580564027914 0.242229421551093 0.243450690597404 0.241853822851641 0.239665276542007 0.240265234519474 0.242376919487446 0.242077902513099 0.239709987939596 0.238671698661994 0.239463564547405 0.243003662189127 0.248294321369725 0.254201841456438 0.256715063611522 0.272983405680613 0.293921314636542 0.309131039619397 0.311089555435298 0.31336160666758 0.319421199430561 0.326617293089655 0.334561883072768 0.339265283783985 0.344943091700803 0.347987814898736 0.35001487954904 0.351443733224453 0.354221399184733 0.358256991404654 0.358215500956784 0.359177565540648 0.361020246688932 0.35901302583743 0.355864121080804 0.350531189158627 0.344602558440423 0.341110036936887 0.336010538412408 0.32997863064725
0.263284341104646 0.259923575503942 0.264216645783235 0.265017960822904 0.263794677761353 0.262591286078417 0.2601058679491 0.255867445506646 0.254747979551929 0.251438137119008 0.248446762419851 0.240356974868762 0.240832073365806 0.244305598016282 0.245910371177448 0.244145380378393 0.238075465866307 0.237979517702096 0.239815163008239 0.243937386273482 0.247491905090127 0.252753407367841 0.255355708733011 0.252680368738531 0.251322259479258 0.249057099880633 0.247084230347096 0.24366741389396 0.241838470635916 0.240399469010738 0.242842233446469 0.242666597817509 0.244432805572056 0.244389223552392 0.242949828817279 0.246741231771973 0.253261752525553 0.257141585855877 0.286482431180918 0.309493848529546 0.324645165658447 0.332135283096957 0.337569364314656 0.344490519235382 0.349004733452636 0.356514497485863 0.359757139739649 0.364460717001676 0.362455751686797 0.361289235219291 0.359234601888514 0.361657612117074 0.364309549279457 0.364809571942899 0.367248309809147 0.369884487280006 0.369926492855191 0.367271002781456 0.364085319884287 0.355709063662275 0.349074735589988 0.341389844249684 0.33622065369658
0.258979372490711 0.260559369746018 0.265922756271042 0.268857295999044 0.268499064391959 0.266724017893373 0.262395180885297 0.258664905530275 0.2559341995852 0.253249455459125 0.251499135958829 0.249913967269654 0.248702545022223 0.251253896744958 0.25758001019474 0.248756454267494 0.238475868607171 0.239981985228544 0.244970818130007 0.25184807762191 0.256510808531018 0.261364089048212 0.265044688264198 0.263166786420177 0.259952731188123 0.255287899825293 0.252270297557883 0.248396292822541 0.247824859682345 0.247570388979749 0.247194186207795 0.248028644843057 0.247741124569913 0.248276983138504 0.245591889483497 0.252317107646137 0.256818837617675 0.268257885454196 0.300346286217367 0.32236410750119 0.341084716086162 0.352809716922936 0.362489085690024 0.367407452371122 0.373236217106851 0.376672488052277 0.375990576809599 0.377573790592921 0.375119514263129 0.37058709546559 0.367731349061609 0.36462953991597 0.36804116718019 0.371770421173633 0.375996227629796 0.37793944952856 0.377678873627893 0.375821758729859 0.370123247230133 0.36526842232219 0.35998010975993 0.35409096169105 0.350233252978953
0.253875990125693 0.258241740859483 0.265030953964526 0.269854650570159 0.274816459023666 0.273795528658349 0.271421825232119 0.264891048100508 0.261549444224711 0.260650194657813 0.261072883826736 0.263446349104098 0.263126907641117 0.257943551742362 0.254702821232381 0.246389622012192 0.237903056012688 0.236797024628459 0.243323717481824 0.256320528125758 0.266127018621361 0.269306733503919 0.270296920848782 0.269338473894666 0.262251804930622 0.256575317271914 0.25145537554215 0.250127171911116 0.249383442977145 0.24688517100021 0.246210603921 0.251705480874653 0.254322703008497 0.254900332793504 0.25462569536385 0.259301084733277 0.271777594510212 0.284864549765904 0.312984017351531 0.339157347598266 0.359419422195909 0.373841762998622 0.383726899425807 0.387846083442944 0.390132495535233 0.391840528281191 0.388791147358841 0.386454915345948 0.383059082805521 0.378411421504016 0.373662177252367 0.374317136911358 0.378418791676909 0.384132797240827 0.390214089095708 0.388253355932438 0.387310213166502 0.38752248721948 0.38294844423355 0.37794690020743 0.373831721561291 0.370286285035748 0.362375248399995
0.255685225105316 0.254436628924792 0.261649808157429 0.270619166271857 0.28164773909 0.280212366732657 0.277157609538511 0.273944464553498 0.273779831838534 0.274564286192478 0.272531573120591 0.27450833301974 0.272531039203045 0.263023732977754 0.256374829104894 0.247683267095017 0.240785504323586 0.244893244511347 0.254162219524399 0.265929532679287 0.276098395145043 0.278367852256801 0.277364187602976 0.275256194682953 0.268869507548339 0.260275288719414 0.25525505949704 0.256339521939765 0.252892425175366 0.251869031892905 0.253368999024997 0.254554295075101 0.256514383459886 0.255234728434995 0.261671322366216 0.270597284295322 0.282952082362961 0.299576271903395 0.331477655200769 0.362596816788621 0.383067525849304 0.396101687915598 0.402816476690826 0.408802389537962 0.408828127363239 0.406582330830903 0.402028865151064 0.399442161734507 0.394017638302593 0.393051856612077 0.387563852128775 0.383305351777783 0.387405960102476 0.392489996870893 0.399375369559535 0.400038531873729 0.400658548449892 0.400245855879634 0.396059833518215 0.391712777252592 0.386540602318488 0.37873558369727 0.372117140424906
