2050_A2_MR/PREC.asc
NCOLS 720 
NROWS 360 
XLLCORNER -180 
YLLCORNER -90 
CELLSIZE 0.5 
NODATA_value -9999 
[rows 224 to 251 of 360, columns 576 to 639 of 720]
-9999 -9999 -9999 -9999 -9999 -9999 -9999 -9999 -9999 -9999 -9999 262.296875002124 259.859374994835 267.968749987992 296.515624998351 326.234375031856 339.578125054667 357.390625039564 377.500000029576 401.312500009754 409.203124971289 370.765624977897 339.187500012898 328.171875037204 330.062500036496 314.921875017382 297.375000011955 286.87500000818 268.875000005662 249.562500009438 243.734375013922 237.312500014158 237.23437501927 234.515625016911 233.468750014315 234.59375001054 235.96875000645 240.421875003854 248.343750005506 252.703125009989 261.18750000881 272.812500010698 286.296875011721 307.343750016204 330.45312501471 347.984375020844 352.843750021867 352.281250032249 343.484375032799 342.359375019586 331.171875003539 321.421875002595 322.375000003461 317.218750002989 307.328124995201 296.921874981516 295.374999994966 291.203125003697 287.828125009045 289.421875013293 293.046875022732 299.375000028631 321.35937503343 340.859375034373
-9999 -9999 -9999 -9999 -9999 -9999 -9999 -9999 -9999 -9999 -9999 251.526041679295 255.484375012471 265.843750015531 286.437500018511 284.515625038042 278.078125048396 302.781250051926 328.000000053339 371.640625039926 394.531250053181 380.421875005882 334.87499999435 298.968750011765 291.015625028943 295.140625015766 285.000000008785 273.375000014432 256.82812501451 242.718750002039 229.296875010275 224.281250007687 221.109375007765 217.968750010824 216.218750014589 219.453125014825 223.500000014432 227.953125017021 238.546875010903 246.14062500102 255.421875000863 263.531250004863 275.609375006197 293.703125006668 310.250000019139 323.000000021021 325.14062502455 317.546875025962 307.015625028316 310.671875033493 317.67187501906 319.593750000471 321.484374998039 315.484374999921 311.453124997882 310.890624995058 300.437499996548 286.421875004314 280.796875002745 277.187500007216 270.21875001553 266.703125026119 282.50000003169 300.734375032865
-9999 -9999 -9999 -9999 -9999 -9999 -9999 -9999 -9999 -9999 -9999 231.359375004928 231.796875004771 238.45312500618 244.843750012672 258.390625019007 260.890624992412 260.375000002503 269.421875027299 292.625000051937 316.328125046854 339.203125054361 329.390625037152 301.781250020492 279.656249997653 281.015625001173 278.406250010167 259.093750014861 239.531250010793 227.859375015721 219.171875008212 213.921875008213 212.421875008838 209.750000008134 206.79687500571 207.453125009934 210.828125009933 214.109375001017 226.031250006415 241.500000006884 257.093750006414 263.984375008526 274.828125000862 294.468749994525 310.515624992726 319.515624992726 324.171874984435 320.468749969182 306.531249968869 302.171874972859 305.43749998905 321.984375009465 329.421875021352 318.687500032851 308.468750043018 292.109375032929 280.937500027844 265.843750025498 257.593750021744 252.343750021744 250.906250020492 245.281250016738 253.390625015879 263.562500026907
-9999 -9999 -9999 -9999 -9999 -9999 -9999 -9999 -9999 -9999 -9999 226.828125001638 231.421874995867 234.703125000078 227.359375016458 235.421875019266 251.984375022386 258.64062500039 254.749999997192 250.250000018719 268.421875032994 281.031250042587 285.093750036659 282.515625011622 275.625000009047 270.515625016301 261.437500018095 249.296875001482 231.328125002885 216.562500003119 208.343750009828 205.765625005382 202.296875008034 199.48437500897 198.6875000078 199.343750003588 201.734375005226 215.281249997037 224.5312499961 233.671875006162 248.750000007489 260.562499997192 276.468749996413 294.562500005304 312.812500003432 324.765624998518 331.62500000312 336.921875003354 327.109374996801 303.906250024179 304.218750012947 295.171875035177 283.531250055065 266.328125054364 257.468750041962 250.671875036113 243.765625034084 236.546875023321 231.812500021215 228.671875017705 228.921875016145 228.2187500117 236.37500001248 238.53125001482
-9999 -9999 -9999 -9999 -9999 -9999 -9999 -9999 -9999 -9999 220.645833335719 220.052083341785 224.546875009412 226.703125009878 215.015625003033 217.125000009334 232.046875018746 241.609375014078 246.421875017501 243.468750005133 238.015624998989 242.984375007856 254.98437500879 263.000000007156 266.125000011823 264.156250008556 256.109375006922 247.015625008322 231.671875005988 213.718750008555 201.8593750063 195.953125003967 193.312500003733 189.703125003967 190.875000002178 193.593750005445 195.46875000389 210.234375007856 216.171875008168 228.7812500042 244.593750004512 255.750000000311 271.265624999612 283.124999998445 300.375000013379 319.312500022712 324.218750033134 320.046875028701 314.187500028934 288.125000027066 270.406250035933 257.843750037801 239.625000032667 219.5156250301 210.109375033056 208.281250030956 208.484375025589 207.031250019756 208.046875018123 208.140625014856 211.171875012523 214.406250009489 221.562500009334 229.296875001634
-9999 -9999 -9999 -9999 -9999 -9999 -9999 -9999 -9999 -9999 213.895833334678 211.614583338866 214.890625006593 212.968750012875 207.140625010005 205.031250010703 213.765625011557 225.156250013186 227.671875013573 230.062500017063 227.562500018304 230.843750012255 241.859375012953 252.828125009695 256.937500003413 260.031249998294 252.359374999301 241.859375000232 226.93750000186 205.750000004653 193.796875007058 189.015625007523 185.203125009695 183.84375000574 187.921875002715 187.828125004111 190.312500004655 202.125000005585 205.812500008998 224.046875003646 245.578124993874 265.73437498317 282.562499981696 291.74999998728 297.890624990771 306.562499998449 296.937500012098 281.937500034437 279.828125027999 266.421875008919 239.515625015278 221.468750022492 203.250000027611 186.937500023888 175.000000025129 173.875000026061 179.656250022183 185.234375016365 188.078125014969 191.828125012177 197.812500009618 204.562500006826 213.265625004421 222.687500009308
-9999 -9999 -9999 -9999 -9999 -9999 -9999 -9999 -9999 -9999 -9999 203.125000009281 199.390625011988 200.187500005259 197.671874998221 200.296875001934 204.656250003867 208.546875005955 208.812500006187 207.96875000758 213.078125002707 218.140624997138 225.453124989405 247.859375000078 259.140625006729 265.046875007193 257.984374997911 247.625000002784 221.671875004716 197.01562501075 181.687500007115 180.750000006187 181.671875005337 180.406250005105 181.656250005104 179.125000006497 185.828125002399 195.484375001006 207.187499993195 223.687499998763 244.718750007581 270.406250009437 295.125000011757 309.515624999923 313.578124991261 320.656249995205 300.375000000925 250.218750004175 246.968750010055 247.015625008894 232.343749995204 208.343749995204 185.250000006187 169.31250001454 148.640625013225 150.000000013922 157.484375013071 166.296875013071 172.953125011988 178.95312501106 185.062500009591 195.750000010519 206.453125007967 214.187500009591
-9999 -9999 -9999 -9999 -9999 -9999 -9999 -9999 -9999 242 232.562500001539 196.562500001542 186.312500009564 195.125000003085 196.359375003933 197.156250003239 199.031250005398 195.187500016041 193.906250018355 195.312500013265 208.437500004937 221.937499996607 240.124999986428 257.328124984344 259.703124992365 258.015625004396 255.875000005553 238.906250011568 210.375000013881 187.546875004858 175.687500002776 174.750000003702 177.500000001542 173.56250000617 175.187500005553 175.890624998843 183.859375000849 193.2343750027 205.92187500887 218.343750010026 235.062500008331 257.234375012263 281.250000011107 304.359375008561 315.031250006324 319.015625007481 296.625000005242 260.390624979099 248.187499987969 249.359374987275 246.124999982106 218.749999987659 185.249999993828 157.359375005167 140.531250000154 138.79687500455 144.640625008098 153.593750007867 160.812500008021 167.375000008021 174.468750007867 183.890625009024 196.937500007713 202.281250010026
-9999 -9999 -9999 -9999 -9999 -9999 -9999 -9999 -9999 -9999 233.916666655386 199.354166620625 195.12499997293 198.734374986542 194.843749994924 188.328125008536 191.687500008921 186.390624994386 191.781249988465 199.093749985696 210.578124989773 229.281249988157 253.531249994618 270.125000006153 265.57812501315 254.890625005768 243.89062500669 228.140625005767 204.343749993693 187.328124991617 178.624999993848 176.140624998692 172.281250001999 171.109374992079 174.234374996693 177.515625002692 179.093750002615 187.437500004922 192.656250013075 204.796875008691 224.843750010306 243.734375025303 267.500000035993 291.50000003507 301.187500036298 296.031250034915 295.328125035914 284.171875026224 269.078125020225 248.406250011228 233.062500016303 212.578125014688 184.406250002613 164.015624995001 147.906249995539 140.124999997846 139.968750002307 145.921875002538 151.843750003846 158.546875004076 165.140625002385 175.406250003538 185.796875007153 191.515625012228
-9999 -9999 -9999 -9999 -9999 -9999 -9999 -9999 -9999 -9999 -9999 252.07291662633 236.374999959509 221.281249976534 204.828124988726 185.234374996549 186.999999998774 198.29687498612 207.671874985507 216.671874985507 222.859374990108 236.92187499931 254.796875003298 262.390625006518 252.500000008282 245.890625008972 237.281250004141 228.703124993328 212.546874992867 197.078124992408 186.968749992485 185.046874986733 176.640624990874 177.859374996856 177.468749998006 175.968749999847 175.906250002608 186.921874995936 188.390624993942 192.515625011426 211.015625012347 219.640625014187 239.3281250102 256.015625023083 262.750000026687 258.437500026687 260.031250021932 253.515625024002 246.484375016794 237.203125007131 221.250000003066 199.921875006058 182.296875000843 167.109374999923 155.359374992254 142.937499997546 137.671875001457 141.656250004448 146.453125004985 154.000000003374 162.234375002378 170.390625004678 178.437500004908 180.218750006288
-9999 -9999 -9999 -9999 -9999 -9999 -9999 -9999 -9999 -9999 -9999 291 293.843749951213 265.531249953049 230.062499969717 200.6249999844 197.515624985549 212.281249995871 216.218749997707 224.374999995412 230.218749998318 235.703125000841 245.5781250039 248.250000004588 246.859375007417 238.140625005123 231.765625008794 230.406250009023 219.999999992047 207.906249988836 198.796874987536 196.124999992353 183.796875000688 182.156249993118 178.671874995488 176.421875000994 178.874999996636 185.109374996406 187.484375005582 188.843749999847 204.2656250091 202.812500007952 218.140625018888 234.078125027146 235.343750018199 237.031250016364 234.937500015293 233.625000009787 226.34375001514 218.703125015828 208.609375012005 198.343750008105 187.343749996482 175.578124988912 168.703124980959 153.515624980042 142.156249994953 138.875 144.968750000765 151.812500002141 161.42187500283 171.265625001453 179.921875002523 179.5
-9999 -9999 -9999 -9999 -9999 -9999 -9999 -9999 -9999 -9999 -9999 -9999 365.421874932214 330.781249940677 273.515624959509 227.203124972321 219.828124978117 224.749999983835 222.781249991613 232.06249999207 227.12500000671 230.921875006939 240.281250004727 242.109375005414 237.43750000793 230.12500000793 221.265625008311 221.171875006024 224.781250000152 220.562499990545 209.109374995654 199.968750001372 188.859374991079 188.343749996798 182.234374998703 177.874999996645 179.484375002364 184.171875005109 184.999999998475 186.640625003736 196.625000003355 194.046875006328 204.453125003432 212.656250007777 213.687500017081 218.328125014106 219.656250009608 220.031250012352 212.421875007548 203.796875008463 194.171875011513 188.12500000854 186.640625004651 180.781250002592 176.203125006786 160.453125008615 143.843750002287 137.328125002516 141.687500004575 149.796875001144 159.640625000077 169.343750001678 176.359375003279 182.12499999573
-9999 -9999 -9999 -9999 -9999 -9999 -9999 -9999 -9999 -9999 -9999 -9999 425.213541662283 407.026041624875 331.234374955062 265.749999968066 248.499999977799 239.406249989204 222.140624990192 233.578124996579 227.343749991028 226.828124993538 232.859375001901 232.01562499962 229.406249996198 225.14062501148 225.234374998251 219.937499990268 221.359374996427 226.703124997795 220.218749994373 211.078124989584 197.906249991636 189.093749988899 184.203124995362 179.28124999924 183.01562499962 181.749999996655 182.718750002889 181.781250002889 185.89062500996 188.796875010416 191.000000011558 199.343750008363 198.468750008363 205.265625010872 201.70312500996 201.281250013837 198.968750014445 193.718750007147 185.343750006842 180.609375007983 183.109375004029 169.328125001748 159.531250005017 151.281250003193 139.171874996426 133.828125000532 140.73437499886 149.312499999088 159.374999999088 171.328125007527 174.968750001673 185.000000002129
-9999 -9999 -9999 -9999 -9999 -9999 -9999 -9999 -9999 -9999 -9999 -9999 442.104166665353 440.776041653754 384.437499958754 306.859374965353 275.546874978393 256.46874998317 240.703124979759 249.609374977485 246.093749978621 240.796874983852 238.203124989462 236.937499992419 234.140624996133 223.406249991357 229.734374994466 224.15625000288 222.859375001138 230.734374995679 222.609375001743 214.734375004472 203.62499999909 195.515625000682 185.28125000288 179.656250000151 178.843750007126 178.421875008718 175.828125008263 176.437500005762 176.328125005534 181.203125001895 181.531250003791 185.79687501357 185.250000013039 188.812500015769 191.53125000652 188.015625007657 187.906250003487 185.328125006444 177.843750005306 174.515625001895 174.671875009628 165.250000004851 151.328125008263 144.203125008263 136.078125008566 134.812499997877 141.250000000304 151.515624997347 160.687499998788 167.437499998787 171.781250003488 180.54687500508
-9999 -9999 -9999 -9999 -9999 -9999 -9999 -9999 -9999 -9999 -9999 -9999 -9999 424.5 411.06249997369 347.171874975279 295.515624979059 273.249999989719 262.656249982614 262.562499992138 259.890624993272 255.999999983067 251.499999981555 248.593749985637 250.12499998851 246.18749999486 242.906249998941 224.812499991231 223.312500001814 228.937500000907 225.109374999773 222.531249994104 214.374999990928 198.765624989341 186.828125001738 176.515624994482 173.609374994028 171.968749992894 170.984374992819 171.874999996674 174.265625001738 172.437500003326 176.234375006728 175.484375004913 174.437500002721 174.625 181.03125000892 182.015625007786 182.265625002948 179.875000001814 176.171874998866 171.484374998866 166.078125001436 164.203125005972 151.624999993952 141.828124992365 136.312499991232 140.624999992139 148.484374994029 159.640624986318 169.937499986091 173.1718749904 173.062499994558 177.749999998186
-9999 -9999 -9999 -9999 -9999 -9999 -9999 -9999 -9999 -9999 -9999 -9999 -9999 471 458.921874949272 393.765624949723 327.67187496917 294.718749975729 284.218749982664 275.828124986508 273.109374985453 273.156249989297 271.937499985528 265.656249986885 264.937499987639 258.609374985151 245.953124996155 234.187499993668 225.421874994799 228.796874999322 230.781249991106 226.374999999698 215.875000006632 204.484375001432 189.734374993593 188.281249986584 185.51562498681 183.87499998794 182.703124988317 177.828124993744 174.734374997513 172.765624996156 173.37499999789 173.328124998568 171.109375002638 173.546875001734 177.749999996382 178.453124997965 183.156249995629 181.328124995854 181.374999992764 177.812499990955 170.15624999201 162.93749999608 158.937499994271 151.953124991332 148.781249988695 160.124999976484 166.953124976258 178.953124982589 179.734374998116 185.218749990202 196.312499968042 192.281249978443
-9999 -9999 -9999 -9999 -9999 -9999 -9999 -9999 -9999 -9999 -9999 -9999 -9999 -9999 521.281249974899 466.062499965426 365.140624980381 323.374999989177 302.484374981436 295.359374988652 294.781249987825 286.437499993687 276.499999995491 274.906249997745 273.703124995416 268.312499992484 251.921874993762 242.874999999398 238.140624992108 233.921874987149 232.953124995115 226.953124992409 218.20312499301 207.140624988501 203.078124986698 205.1406249876 205.187499986472 202.609374987148 196.10937498805 185.84374999053 180.968749990531 183.171874987149 184.2031249876 182.74999998557 179.203124987599 178.734374988952 180.124999989479 187.953124996919 191.421874986247 193.015624983992 190.890624984593 186.109374996768 177.437499994588 167.921874995265 161.468749994138 156.218749989629 158.031249992335 174.578124996619 185.890624989102 181.812499997896 188.296874989254 221.156249943936 258.890624992407 206.015625005936
-9999 -9999 -9999 -9999 -9999 -9999 -9999 -9999 -9999 -9999 -9999 -9999 -9999 -9999 550.109374978942 504.874999972422 413.093749942894 343.062499979316 306.750000011689 306.374999993706 305.046874995728 295.578124991682 280.437499998201 273.640625004271 276.421875000225 276.234374994829 261.765624990483 251.171874987336 247.984374992132 246.437499992806 245.046874985537 236.515624992281 226.54687499363 221.53124998846 216.578124991682 224.265624981791 225.859374980442 221.73437498224 214.249999982914 201.171874984938 194.890624987186 201.874999982915 205.015624979093 204.687499979318 200.765624977894 200.578124976096 200.234374978344 201.593749981266 210.73437498284 214.156249982165 208.796874986736 197.546874984938 186.578124990783 180.156249985163 172.43749998831 169.71874998876 169.374999989509 172.843750006145 184.765625012664 181.812500002098 202.874999987415 287.343749950096 238.828125039637 202.265625000075
-9999 -9999 -9999 -9999 -9999 -9999 -9999 -9999 -9999 -9999 -9999 -9999 -9999 -9999 618.656249987596 604.921874912505 532.890624899495 378.624999970109 314.421874974072 306.64062499604 307.74999999223 309.43749998416 296.453124986774 284.874999978481 287.343749980424 286.593749980424 278.671874982441 264.890624986476 256.281249983413 254.640624981395 252.906249985803 245.265624990062 238.843749984309 238.796874980947 238.437499973999 251.374999974895 255.749999972205 252.140624971532 244.92187496929 235.171874963015 232.140624962865 235.749999964435 237.359374968095 234.640624971234 233.765624972429 236.296874968395 234.312499973998 235.484374964808 236.96874996847 244.6093749669 236.703124963761 226.06249997071 217.671874972578 206.421874979751 192.453124980498 184.906249986999 181.656249990287 182.218749998356 185.374999985954 194.328124983487 222.187499976994 305.859374961522 222.984374986923 212.15624999477
-9999 -9999 -9999 -9999 -9999 -9999 -9999 -9999 -9999 -9999 -9999 -9999 -9999 -9999 -9999 680.765624966701 684.765624858812 440.359374931678 350.890624967888 310.765624997392 315.76562499501 326.171874989198 317.171874980257 315.437499972883 316.031249973926 307.82812498577 294.234374992773 279.046874990985 278.687499980928 282.531249974224 274.890624979214 261.484374984132 259.609374982642 267.156249973926 273.218749970648 285.171874971318 291.703124970573 290.343749967668 283.406249969455 277.312499969903 278.921874962676 270.859374979662 257.375 252.6875 251.0625 256.125 250.625000000001 267.546874984133 279.812499963347 291.109374959101 287.281249955747 269.609374959994 254.937499968114 239.328124967891 221.796874972807 209.749999973478 197.921874983834 196.937499978246 208.06249997795 213.921874985323 257.671874966557 328.12500000298 247.593749973922 220.453124992029
-9999 -9999 -9999 -9999 -9999 -9999 -9999 -9999 -9999 -9999 -9999 -9999 -9999 -9999 -9999 789.046874941393 890.124999956598 519.624999970873 375.890624969914 334.406249979944 329.406249990344 334.374999998812 336.046874993539 356.296874965907 352.734374972442 336.937499964643 323.937499971476 304.624999982173 308.656249974894 314.281249977568 302.156249967762 289.734374974225 291.781249968061 302.937499966724 313.052083303375 321.348958314739 321.5625 316.875 310.083333333333 303.708333333333 307 -9999 -9999 -9999 -9999 -9999 -9999 -9999 -9999 329 314.749999999998 303.96874997638 294.765624963379 271.843749967168 260.203124974076 244.687499956027 231.640624951496 234.312499960187 245.624999993759 259.078124963679 311.218749921116 289.65625000401 243.93749998247 236.671874981356
-9999 -9999 -9999 -9999 -9999 -9999 -9999 -9999 -9999 -9999 -9999 -9999 -9999 -9999 -9999 845.265624968675 877.750000062778 536.781250001919 413.531249970517 347.85937499874 338.687499994964 337.609374996075 348.609374986596 382.921874991928 385.546874975634 382.687499962969 363.968749965189 332.984374972967 346.343749965489 357.734374953712 351.421874954303 338.578124948527 338.093749958674 342.453124970746 337.864583324001 333.083333333333 -9999 -9999 -9999 -9999 -9999 -9999 -9999 -9999 -9999 -9999 -9999 -9999 -9999 -9999 -9999 -9999 357.90624993675 329.265624942009 299.29687496408 289.968749972301 292.578124952083 280.765624966301 252.093749996001 300.84374997023 437.687499878829 327.671874935934 269.999999976298 233.203125024069
-9999 -9999 -9999 -9999 -9999 -9999 -9999 -9999 -9999 -9999 -9999 -9999 -9999 -9999 792.666666666667 827.916666649832 775.500000053446 532.171875009815 407.79687497526 366.734374972604 346.578124996381 346.859374990622 362.828124978661 383.640624982205 423.359374960792 454.203124933765 448.359374907917 395.999999888645 417.624999900168 438.859374918553 426.374999929998 409.828124950599 373.5 -9999 -9999 -9999 -9999 -9999 -9999 -9999 -9999 -9999 -9999 -9999 -9999 -9999 -9999 -9999 -9999 -9999 -9999 -9999 393.624999999999 380.96874996234 350.671874949859 325.406249960273 342.781249963229 337.203124955915 279.640624996675 322.624999998231 455.593750072219 435.48437494661 258.890625009374 210.046874996529
-9999 -9999 -9999 -9999 -9999 -9999 -9999 -9999 -9999 -9999 -9999 -9999 -9999 -9999 874.291666538463 859.760416633439 733.218750013093 545.015624970031 448.812499960242 389.046874992267 351.359374996099 371.32812497092 412.187499943754 440.312499928734 486.171874940442 525.031249954797 541.828124945004 548.484374871529 573.953124854005 542.031249919161 510.187499938155 469.874999954942 -9999 -9999 -9999 -9999 -9999 -9999 -9999 -9999 -9999 -9999 -9999 -9999 -9999 -9999 -9999 -9999 -9999 -9999 -9999 -9999 -9999 -9999 409.78124995715 374.249999962893 348.781250027241 326.890625060148 306.750000000006 357.609374986085 413.031249994853 496.703124957079 272.999999968484 228.937499973791
-9999 -9999 -9999 -9999 -9999 -9999 -9999 -9999 -9999 -9999 -9999 -9999 -9999 -9999 965.640624983189 962.406249883875 845.249999818532 649.687499813256 546.812499835863 457.843749828379 409.656249875655 457.093749916175 536.749999907219 571.812499973282 -9999 -9999 -9999 -9999 -9999 -9999 -9999 -9999 -9999 -9999 -9999 -9999 -9999 -9999 -9999 -9999 -9999 -9999 -9999 -9999 -9999 -9999 -9999 -9999 -9999 -9999 -9999 -9999 -9999 -9999 465.79687494781 447.984374916979 352.765624968951 -9999 367.166666665884 377.838541662141 360.531250013365 484.890625021071 353.781249915281 261.953124980255
-9999 -9999 -9999 -9999 -9999 -9999 -9999 -9999 -9999 -9999 -9999 -9999 -9999 -9999 -9999 1069.32812494885 1047.51562486511 935.296874740264 813.531249747213 709.093749778833 586.421874847989 524.031249979069 596.000000000003 -9999 -9999 -9999 -9999 -9999 -9999 -9999 -9999 -9999 -9999 -9999 -9999 -9999 -9999 -9999 -9999 -9999 -9999 -9999 -9999 -9999 -9999 -9999 -9999 -9999 -9999 -9999 -9999 -9999 -9999 -9999 501.593749996147 506.281249991754 -9999 -9999 409.416666660224 385.83854165869 367.843749975273 615.8124997746 413.171874991717 297.156249964725
-9999 -9999 -9999 -9999 -9999 -9999 -9999 -9999 -9999 -9999 -9999 -9999 -9999 -9999 -9999 -9999 -9999 -9999 -9999 843.874999999997 -9999 -9999 -9999 -9999 -9999 -9999 -9999 -9999 -9999 -9999 -9999 -9999 -9999 -9999 -9999 -9999 -9999 -9999 -9999 -9999 -9999 -9999 -9999 -9999 -9999 -9999 -9999 -9999 -9999 -9999 -9999 -9999 -9999 -9999 -9999 -9999 -9999 451 471.406249845159 403.15624997125 635.734374983341 625.328125163274 370.203124954979 357.734374946661
-9999 -9999 -9999 -9999 -9999 -9999 -9999 -9999 -9999 -9999 -9999 -9999 -9999 -9999 -9999 -9999 -9999 -9999 -9999 -9999 -9999 -9999 -9999 -9999 -9999 -9999 -9999 -9999 -9999 -9999 -9999 -9999 -9999 -9999 -9999 -9999 -9999 -9999 -9999 -9999 -9999 -9999 -9999 -9999 -9999 -9999 -9999 -9999 -9999 -9999 -9999 -9999 -9999 -9999 -9999 -9999 -9999 660.750000000003 606.35937494492 536.281249991417 605.375000063737 520.43749999999 441.921874933582 434.093749934672
