2050_A2_MR/PREC.asc
NCOLS 720 
NROWS 360 
XLLCORNER -180 
YLLCORNER -90 
CELLSIZE 0.5 
NODATA_value -9999 
[rows 56 to 83 of 360, columns 192 to 255 of 720]
-9999 -9999 -9999 -9999 -9999 -9999 -9999 348.666666666667 354.026041660781 -9999 -9999 366 377.343749996076 404.296875024121 433.812500015235 456.593749988228 478.531249996538 484.390624993422 492.796874992729 496.078124971263 517.640624950028 537.796874977033 501.374999952912 468.281249974379 436 -9999 -9999 -9999 -9999 -9999 -9999 -9999 -9999 -9999 -9999 416.625 392 389.718749997461 383.76562497888 -9999 -9999 -9999 -9999 -9999 -9999 -9999 -9999 -9999 -9999 -9999 -9999 -9999 -9999 -9999 -9999 -9999 -9999 -9999 -9999 -9999 -9999 -9999 -9999 -9999
-9999 -9999 -9999 -9999 -9999 -9999 -9999 -9999 -9999 -9999 -9999 -9999 389.343749974428 417.281249944017 435.124999981569 453.687500018892 466.859375032139 483.54687500864 497.203124996429 511.874999989863 530.203125019007 535.453125028683 524.578124989978 499.781249948164 470.437499915372 467.624999983106 440.125 423.25 -9999 -9999 -9999 -9999 -9999 -9999 -9999 -9999 -9999 390.75 -9999 -9999 -9999 -9999 -9999 -9999 -9999 -9999 -9999 -9999 -9999 -9999 -9999 -9999 -9999 -9999 -9999 -9999 -9999 -9999 -9999 -9999 -9999 -9999 -9999 -9999
-9999 -9999 -9999 -9999 -9999 -9999 -9999 -9999 -9999 -9999 -9999 388.125 394.43750000092 404.750000005059 427.359375008393 446.578125010463 457.21875000069 476.5781250238 491.95312502104 503.343750024144 504.140625015062 510.515625009543 505.515624990227 506.546875010233 500.281250006208 493.343750008968 474.203124997125 441.296874988157 403.958333330573 -9999 -9999 -9999 -9999 -9999 -9999 -9999 -9999 -9999 433.500000000001 -9999 -9999 -9999 -9999 -9999 -9999 -9999 -9999 -9999 -9999 -9999 -9999 -9999 -9999 -9999 -9999 -9999 -9999 -9999 -9999 -9999 -9999 -9999 -9999 -9999
-9999 -9999 -9999 -9999 -9999 -9999 -9999 -9999 -9999 -9999 -9999 -9999 395.281249997017 409.39062498359 426.937499992656 443.906249996098 458.999999994951 469.078124994607 488.859374986574 496.171874993459 496.921875002639 506.109375001262 506.828125006541 503.640624996902 491.984375014115 481.953125018934 470.921875010901 453.484374981983 424.718749974524 -9999 -9999 462.578124977623 -9999 -9999 -9999 -9999 -9999 440 453.374999951345 468.796874994377 -9999 -9999 -9999 -9999 -9999 -9999 -9999 -9999 -9999 -9999 -9999 -9999 -9999 -9999 -9999 -9999 -9999 -9999 -9999 -9999 -9999 -9999 -9999 -9999
-9999 -9999 -9999 -9999 -9999 -9999 -9999 423 -9999 -9999 -9999 -9999 411.34374999748 420.390624983393 436.781249988318 452.390624985225 467.921874985454 479.078124987516 488.390624985225 498.890624997595 504.6875 511.53124999519 508.4843749937 505.390624973771 501.546874971252 500.093749973657 485.14062495178 472.999999952811 455.171874975375 449.874999999084 -9999 -9999 -9999 -9999 -9999 -9999 468.187499990379 478.874999906539 528.093749835299 537.609374874125 -9999 -9999 -9999 -9999 -9999 -9999 -9999 -9999 -9999 -9999 -9999 -9999 -9999 -9999 -9999 -9999 -9999 -9999 -9999 -9999 -9999 -9999 -9999 -9999
-9999 -9999 -9999 -9999 -9999 -9999 -9999 -9999 -9999 -9999 -9999 415.333333333333 419.593749982395 436.374999977594 452.953124972221 468.140624976336 481.187499982167 490.796874983881 502.921874979309 514.546874964219 516.312499971649 517.95312498914 521.421874974736 528.031249970963 525.874999969363 525.828124963533 519.828124963533 506.281249965933 484.374999953358 481.093749984224 -9999 -9999 -9999 -9999 -9999 -9999 487.921874990741 530.062499968449 614.859374952788 638.859374878709 623.265624902716 610.125 -9999 -9999 -9999 -9999 -9999 -9999 -9999 -9999 -9999 -9999 -9999 -9999 -9999 -9999 -9999 -9999 -9999 -9999 -9999 -9999 -9999 -9999
-9999 -9999 -9999 -9999 -9999 -9999 -9999 -9999 -9999 -9999 423.843749997033 426.812499987678 438.437499977181 455.828124972046 476.390624969764 492.890624972503 506.687499967597 515.828124967939 527.531249965543 538.546874960408 546.29687496269 548.359374959952 551.59374996463 549.437499966684 546.734374958583 546.78124995961 542.562499958468 534.171874964972 519.328124931428 533.671874926635 532.749999935193 549.749999987221 543.5 536 528.124999992698 517.999999954361 526.281249933596 583.843749937703 652.218749966456 700.593749991101 722.984374960865 682.390624932796 676.374999995436 -9999 -9999 -9999 -9999 -9999 -9999 -9999 -9999 -9999 -9999 -9999 -9999 -9999 -9999 -9999 -9999 -9999 -9999 -9999 -9999 -9999
-9999 -9999 -9999 -9999 -9999 -9999 -9999 -9999 -9999 -9999 -9999 431.875 455.078124982349 479.078124971417 501.515624969139 520.968749959231 538.890624954107 543.109374965722 557.812499960826 568.406249966975 572.734374973011 575.499999974036 574.46874997973 575.265624970505 579.359374962078 582.781249952854 586.906249933722 574.578124936797 580.546874919715 589.687499937139 582.015624944996 572.906249956498 563.79687495069 554.468749955132 553.953124944541 560.140624943174 571.703124955929 621.53124997062 675.140624977794 707.765624991459 718.859375049082 696.125000033708 692.390624965646 683.249999986031 -9999 -9999 -9999 -9999 -9999 -9999 -9999 -9999 -9999 -9999 -9999 -9999 -9999 -9999 -9999 -9999 -9999 -9999 -9999 -9999
-9999 -9999 -9999 -9999 -9999 -9999 -9999 -9999 -9999 -9999 -9999 -9999 -9999 498 531.04687496147 549.328124945784 565.218749953854 579.328124952149 593.046874975108 601.531249974768 607.812499965902 608.09374992703 615.624999942261 622.04687494192 623.734374946921 626.406249961583 624.640624974881 614.562499979996 613.890624981701 613.796874964652 626.374999937714 622.624999951353 612.765624934872 597.343749954309 596.718749941579 601.828124943966 612.703124968062 640.359375004206 687.749999986816 725.343749999773 740.015624983064 745.078124947603 746.937499988634 773.562500020004 808.421875033075 -9999 -9999 -9999 -9999 -9999 -9999 -9999 -9999 -9999 -9999 -9999 -9999 -9999 -9999 -9999 -9999 -9999 -9999 -9999
-9999 -9999 -9999 -9999 -9999 -9999 -9999 -9999 -9999 -9999 -9999 -9999 -9999 -9999 550.828124990585 591.468749952128 602.390624956098 609.468749974816 615.593749970279 631.531249952582 645.874999941918 656.98437495451 659.265624952014 659.359374967669 653.124999981849 651.156249978446 654.031249953943 656.468749918549 658.187499911062 652.468749941691 666.687499964606 657.453124964266 659.031249953035 636.578124950653 637.359374959955 641.624999959615 639.046874968123 650.249999971867 690.60937500624 720.468750012025 748.546874996257 775.828124977879 794.703124895748 800.656249914465 838.921874951335 -9999 -9999 -9999 -9999 -9999 -9999 -9999 -9999 -9999 -9999 -9999 -9999 -9999 -9999 -9999 -9999 -9999 -9999 -9999
-9999 -9999 -9999 -9999 -9999 -9999 -9999 -9999 516.499999991848 547.874999991848 -9999 -9999 -9999 -9999 609.453124991508 625.531249983017 638.937499960599 648.968749954484 660.874999974185 664.015624967731 672.812499981431 677.453124970902 683.218749959919 687.953124956862 691.796874944407 692.078124958674 703.21874995539 708.656249951314 712.734374959806 691.593749947238 696.0468749589 688.781249930028 687.874999927537 686.749999941124 679.093749939086 669.062499949276 668.265624963655 670.656249968071 674.609374995132 718.484375016871 758.343750029212 798.187500036685 825.515625008039 845.484374991056 878.56250000317 879.468749999774 -9999 -9999 -9999 -9999 -9999 -9999 -9999 -9999 -9999 -9999 -9999 -9999 -9999 -9999 -9999 -9999 -9999 -9999
-9999 -9999 -9999 -9999 -9999 -9999 -9999 542 550.31249999322 561.187499976043 577.812499990508 -9999 -9999 -9999 633.781249988926 638.843749984858 672.499999958415 681.124999967907 686.7031249635 686.609374977738 703.890624943611 710.359374949713 717.343749957737 725.734374951973 730.468749962257 735.109374937509 737.484374961918 756.562499933102 757.968749931067 737.671874941577 719.29687498497 736.64062495446 753.124999915021 735.968749940108 728.406249941916 711.343749948696 702.578124953555 696.812499968811 684.781249980338 716.421874988135 753.937499981468 790.406249982146 825.421874992203 854.953124986101 877.343749999774 886.218749983954 -9999 -9999 -9999 -9999 -9999 -9999 -9999 -9999 -9999 -9999 -9999 -9999 -9999 -9999 -9999 -9999 -9999 -9999
-9999 -9999 -9999 -9999 -9999 -9999 -9999 -9999 560.75 -9999 -9999 -9999 -9999 690.859374946878 700.406249946089 709.78124995827 713.593749951954 714.906249958721 723.734374958608 727.578124949811 737.40624997045 738.859374954548 748.031249927592 755.62499994045 763.749999963458 767.828124938081 780.515624939435 802.45312496921 804.296874964924 797.546874947329 785.874999925111 784.843749946089 799.703124950713 798.718749942931 779.578124915073 764.156249924885 749.10937492387 744.656249937066 721.078124917329 739.406249935262 783.843749955112 814.359374937856 858.53124994609 910.14062493763 918.890624955224 912.703124930863 897.828124969661 892.437499995037 -9999 -9999 -9999 -9999 -9999 -9999 -9999 -9999 -9999 -9999 -9999 -9999 -9999 -9999 -9999 -9999
549.9375 546.5 547.75 544.75 -9999 -9999 -9999 -9999 -9999 -9999 -9999 698 723.062499990995 727.515624964992 731.999999977937 740.671874967468 745.281249971858 745.890624966793 756.781249961953 766.531249956549 771.015624948782 775.140624958238 780.937499993246 783.890624991558 786.578124981652 797.265624991107 810.281249988969 826.171874973772 841.046874946756 844.843749938989 852.578124914562 849.999999897339 855.484374915238 850.140624933473 835.546874950358 824.765624929421 802.078124948782 794.671874942704 791.578124913211 799.078124921316 826.546874942254 857.062499959476 915.953124915914 959.124999944617 950.531249968707 934.359375016997 918.734374980076 913.765624953735 926.4375 934.875 -9999 -9999 -9999 -9999 -9999 -9999 -9999 -9999 -9999 -9999 -9999 -9999 -9999 -9999
571.781249968318 564.281249972363 558.031249978654 552.03124999618 -9999 -9999 -9999 -9999 611.135416667041 623.119791672097 658.015624996293 694.578124975621 735.953125003932 750.015624999888 753.734374978542 762.874999988316 774.812499986518 776.828124980115 785.046874971352 794.093749969666 798.234374956522 801.374999959555 803.359374958769 808.04687496551 815.734374977194 827.124999972138 844.890624961241 860.406249962926 869.70312496169 885.078124972475 901.187499973486 905.406249951242 904.046874950231 906.953124960341 873.265624959442 846.453124966184 839.171874956971 838.32812496169 842.531249935962 858.515624927536 880.234374924616 907.28124996742 927.828124981464 977.140625046175 1001.53125005685 984.937499960454 975.828124907314 987.031249875295 977.562499858444 993.078124901921 966.546874882374 964.437499938434 962.916666607348 -9999 -9999 -9999 -9999 -9999 -9999 -9999 -9999 -9999 -9999 -9999
596.203124973201 586.171874975219 574.343749982283 574.671874995403 -9999 -9999 -9999 -9999 610.291666666966 621.338541665508 658.015625003701 704.468750000673 738.015624991142 754.187499990133 763.015624999215 765.828125004597 776.406250009643 785.874999998206 804.312499982508 819.546874969389 823.968749981835 824.85937498419 831.390624974098 833.687499973089 839.593749965689 863.078124941805 875.453124965577 889.562499967259 898.999999968156 914.374999957391 930.718749955821 938.73437496894 941.218749960755 933.578124975892 906.499999960979 876.312499962325 868.046874973874 871.140624959746 889.687499951112 910.874999947075 933.999999946627 947.406249936535 965.140624929247 993.640624914446 1015.45312490996 1029.37499993317 1044.59374992801 1073.79687491691 1055.32812495526 1038.49999998924 1007.65625001906 996.218749985423 994.666666649922 999.041666647231 -9999 -9999 -9999 -9999 -9999 -9999 -9999 -9999 -9999 -9999
614.718749984556 605.390624982878 596.046874983101 586.812499982094 -9999 -9999 -9999 -9999 -9999 629.937499985228 653.531249985005 698.99999998299 736.874999997762 760.078124994069 770.109374983549 781.499999969113 798.812499971799 806.031249953669 811.031249960832 825.187499953446 835.828124951991 847.499999948969 851.656249956803 863.703124968553 867.98437496833 879.234374971015 896.390624973925 914.718749958146 937.187499945836 954.390624936771 966.343749942479 981.812499951207 983.515624960496 971.796874942366 942.374999947178 913.640624970344 900.453124969001 900.921874965644 925.703124964525 968.593749975604 987.499999979409 998.234374983102 1031.12499996643 1071.53125002082 1078.92187500056 1061.15624992233 1054.54687493386 1060.12500002686 1057.53124995591 1083.49999974753 1122.89062476712 1105.35937488193 1084.09374993353 1057.79687495311 1049.93749991898 1039.24999998478 -9999 -9999 -9999 -9999 -9999 -9999 -9999 -9999
632.296874973529 621.14062497956 609.265624985368 599.749999987044 601.375 607 612 628 634 -9999 667.968749980566 709.921874990953 747.234374977551 775.078124970179 786.281249977885 804.70312497554 825.578124964371 844.890624953649 851.437499942814 861.093749960908 871.546874962807 881.109374970849 886.156249960908 893.984374959233 901.21874995242 909.93749995577 921.421874966382 955.921874943596 995.593749914892 1008.01562493533 1027.3281249121 1030.7031249322 1027.15624993544 1011.21874996359 970.359374986038 932.624999984363 928.437499964259 933.687499956217 953.218749969844 990.765624971519 1003.24999998302 1001.89062500815 1031.50000003261 1055.03125001854 1086.51562498135 1094.9062499971 1105.9218749436 1102.2187498729 1136.70312485536 1206.35937495923 1205.85937503474 1162.73437498112 1129.46874995823 1138.28124985503 1122.7812499073 1070.74999994013 1039.73437498492 -9999 -9999 -9999 -9999 -9999 -9999 -9999
650.718749970348 636.843749973023 624.156249972577 611.734374978709 606.015624992754 613.187500000446 620.5 -9999 -9999 -9999 681.380208315015 716.395833315349 758.109374980939 791.531249984617 808.484374974696 824.468749971686 843.453124963326 866.187499971017 883.35937497425 896.484374976925 898.453124961988 911.062499967004 918.968749974361 921.124999991082 934.281249997994 943.609374966224 957.531249919963 986.218749934677 1016.87499999866 1054.60937496355 1081.31249994114 1091.48437492208 1078.5624999349 1047.062499967 991.015624980268 935.796874994315 915.34375001895 923.45312498785 957.265624990971 1004.32812502441 1048.56250002452 1052.87499999242 1061.17187497916 1077.95312495976 1103.31249994025 1145.45312495931 1186.5156250039 1187.26562492765 1200.01562494772 1216.46874994939 1213.23437491183 1210.28124993022 1198.82812491339 1189.2187499699 1143.54687497068 1094.32812497269 1053.03125000201 -9999 -9999 -9999 -9999 -9999 -9999 -9999
677.953124964955 663.656249963286 652.187499960839 636.76562496184 620.953124971779 638.812499992138 -9999 -9999 -9999 -9999 691.895833326659 732.536458312974 775.453124977861 813.234374963843 832.109374969183 851.046874965178 869.843749973967 885.265624983646 896.343749994883 907.499999996885 917.81249999199 925.218749999333 935.328124986761 967.859374897981 987.85937487484 1007.03124988318 1037.8281248893 1039.37499993903 1044.95312493469 1068.34375000378 1107.42187499677 1143.74999995372 1118.35937497052 1074.20312496852 1013.28124996685 956.234374957167 920.218749969517 944.781249961507 989.234374933137 1010.28124996151 1029.9062500198 1056.71874999844 1087.04687495939 1105.23437497541 1148.64062495205 1179.67187495939 1194.4374999773 1220.35937499366 1226.07812499032 1239.29687499633 1254.9062499891 1241.6874999951 1240.64062498721 1233.28124992546 1206.12499988074 1163.23437486371 1085.17187493558 -9999 -9999 -9999 -9999 -9999 -9999 -9999
705.687499958695 697.062499953365 688.343749946037 676.999999934711 669.312499923608 676.531249926939 694.624999942262 709.249999987564 718.562499986231 734.437499986232 738.156249958473 764.078124956807 806.140624963026 837.921874962359 855.812499956918 878.124999967578 898.01562497102 907.249999969354 921.015624984344 924.812499978681 928.718749966467 941.187499957807 994.437500040417 1017.03125007972 1001.73437498856 1009.84375002287 1029.96874999578 1021.71874998246 1045.5937500211 1053.89062501277 1104.39062503098 1142.40624995536 1177.31249990096 1145.53124990429 1073.6718748873 1007.90624987764 956.171874872642 980.40624991095 1042.87499991961 1068.84374989763 1060.59374993893 1084.73437493393 1121.45312495725 1142.12499997024 1166.7499999809 1218.40624999223 1236.12499998579 1232.1874999658 1251.23437499567 1252.87500001599 1243.53125001843 1240.43750004841 1243.05208340047 1254.91145838149 1234.93750005729 1191.59375007661 1175.74999997158 -9999 -9999 -9999 -9999 -9999 -9999 -9999
742.015624955341 738.59374994836 736.765624939383 731.890624935394 725.046874944481 728.6093749498 741.312499947252 752.984374987478 753.468749991799 756.562499961436 775.562499953014 807.812499939716 846.921874940492 874.48437495113 889.562499963209 910.046874956893 926.609374961325 932.328124971299 940.703124969082 947.03124996875 950.609374981715 954.781250009974 973.671875008755 997.109374967531 1017.20312497484 1009.56249997784 1025.98437501363 1054.15624994082 1059.98437494492 1061.67187496886 1089.20312500499 1147.32812503291 1180.9687500902 1196.43749997518 1154.48437492143 1096.73437491212 1076.03124984375 1070.17187487666 1086.93749997606 1131.60937495379 1134.84374988542 1128.04687496354 1148.68749997828 1147.14062501784 1160.18750003458 1203.68750004255 1225.15625004012 1245.12500000355 1242.28125002549 1241.10937501186 1215.15625004868 1194.62500005999 1214.70833333333 1234.58333333333 1204.42187501496 1155.17187500964 1168.43750004566 -9999 -9999 -9999 -9999 -9999 -9999 -9999
776.578124961402 787.218749949789 786.765624956535 775.890624947245 770.578124941936 773.906249934305 789.187499914619 802.359374893053 798.484374894822 806.171874935964 831.03124993696 863.562499941605 890.578124958305 905.671874961623 915.546874962065 931.109374963393 947.92187496118 960.81249996284 975.187499957531 979.593749947577 969.359374962065 985.859374959411 1010.26562497777 1032.15625000332 1053.29687494614 1032.10937489305 1021.2656249353 1038.32812499768 1105.32812502466 1075.79687501869 1104.12500001548 1167.03125007056 1179.93749998098 1211.999999977 1211.43749994426 1177.45312495255 1155.24999999204 1129.23437502754 1143.28125006835 1110.00000001062 1122.75000005574 1103.25000005972 1101.46875007454 1136.34375004667 1161.34375001217 1161.76562502245 1172.56250006415 1202.18750006282 1211.23437506249 1217.00000000973 1203 -9999 -9999 1180.39062503882 1228.21875004092 1155.6093749948 1146.75 -9999 -9999 -9999 -9999 -9999 -9999 -9999
806.109374968984 820.968749970639 822.859374958387 821.82812494448 824.859374930131 837.187499916554 855.234374929689 865.312499958498 865.046874948233 864.718749926047 880.296874946908 902.140624967439 918.374999976159 930.515624979801 939.546874981346 955.531249979028 969.015624989073 981.48437498841 999.187499985872 1012.87499997395 1003.4843749575 1002.68750000088 1017.01562500629 1042.42187497252 1095.76562495375 1097.21874995342 1071.7031249458 1068.6562499309 1065.20312506987 1061.40625001523 1094.51562500717 1139.56249999426 1179.70312501954 1199.10937505331 1211.34375005585 1181.85937503698 1118.31250009492 1092.57812505883 1095.14062504514 1079.43750006137 1077.65625005055 1061.6718750383 1050.0000000468 1106.67187502329 1156.42187499945 1141.28125002583 1127.84375004128 1153.10937505287 1172.0937500298 -9999 -9999 -9999 1163.84374998521 1204.81249990375 1192.54687504316 1122.60937508289 -9999 -9999 -9999 -9999 -9999 -9999 -9999 -9999
825.515625003415 850.359374994823 860.843750001542 864.828125002534 872.984375001432 880.296874982925 885.187499990747 885.937500001322 883.31250000661 883.828124987111 899.562499989866 920.374999989865 938.343749996695 946.968749976867 953.062499966071 963.937499987222 980.984374988654 989.984374976756 1010.96874998612 1035.10937500364 1020.82812500606 1003.85937498425 1003.95312504043 1025.51562510917 1068.31250007535 1105.25000005816 1080.46874997114 1064.29687495693 1058.7343749913 1063.98437500452 1074.92187501113 1096.99999999427 1133.07812508934 1117.65625013065 -9999 -9999 -9999 -9999 -9999 1084.1875 1097.09375002313 1112.74999998149 1101.41145828872 1107.08333333333 -9999 -9999 -9999 -9999 -9999 -9999 -9999 -9999 1220.34374993941 1198.68750007755 1114.23437499776 1092.85937501891 1076.04687503668 1077.21875000903 1081.08333333333 1040.25520832243 -9999 -9999 -9999 -9999
818.296875013523 835.406250040239 843.687500038699 851.468750028805 869.515625006707 891.593749990545 888.140625002309 882.000000007916 882.984374994173 893.624999989886 907.484374991535 922.953125004068 940.359374998571 948.84375001869 969.281249995822 989.156249953605 1011.12499994063 1022.65624994657 1038.34374994965 1034.07812499879 1016.46875000418 993.593750039799 960.687500061127 950.328125067394 1013.51562505332 1069.15625002661 1118.43749993975 1104.51562494866 1075.89062496845 1049.07812503045 1047.50000005321 1056.35937510104 1061.03125007982 1062.0625 1066.25 1130.75 1142.0625 1106.625 1141 -9999 1087.25 1098.40625005211 1103.911458372 1101.98958334528 1104.5 -9999 -9999 -9999 -9999 -9999 -9999 1274.14062497328 1238.01562501902 1146.89062504409 1128.17187496955 1112.56249993491 1101.26562490424 1097.04687494448 1116.45833325036 1082.52083324509 1058.09374995053 -9999 -9999 -9999
808.890624990235 804.765625021835 799.718750044986 813.500000056178 850.109375040049 875.046875036099 857.343750034891 852.093750009875 865.734374997916 886.968749989686 911.718749991881 922.312499993856 944.187499983322 957.312499974106 994.640624963902 1023.42187498299 1038.79687497202 1059.70312498058 1059.03124998486 1055.79687499835 1048.73437497422 1030.78124993439 955.749999886766 903.296874943054 951.062499988151 1026.10937508657 1147.65625016744 1158.20312500647 1095.6562500068 1021.87500001404 991.75 1011.625 1034.64062490012 1096.98437498109 1156.85937499309 1174.34375003884 1205.67187508877 1214.39062495117 1189.39062493011 1128.17187495842 -9999 -9999 -9999 -9999 -9999 -9999 -9999 -9999 -9999 -9999 1324.59375001397 1354.68749995275 1333.48437485966 1275.40624985802 1197.40624976278 1225.1562497246 1230.98437472317 1239.18749979855 1224.06249984156 1168.32812487217 1126.71874992429 1152.875 -9999 -9999
834.249999950504 798.624999992554 772.812500017958 778.437500025843 824.46875001993 850.250000021901 840.843750003723 844.593750007665 866.718749999781 897.656249985327 922.171874983684 935.578124975143 955.718749989707 978.828124975581 1012.35937499463 1045.64062496507 1070.34374995423 1089.14062495061 1091.51562493923 1077.45312495105 1064.2031249896 1062.2812499919 1032.34374993408 1025.45312477147 1082.64062470445 1117.18749970084 1112.54687491492 1125.06250007096 1061.81250007227 1022.90624998357 1042.60937497887 1057.79687489214 1096.20312495587 1103.5625000035 1127.56250007534 1116.50000009636 1112.39062512932 1212.0468750542 1208.98437502398 1145.9375 -9999 -9999 -9999 -9999 -9999 -9999 -9999 -9999 -9999 1426.43749982523 1407.59374979216 1470.31249977705 1477.95312480257 1429.2968747822 1397.79687476862 1451.28124974661 1474.64062470708 1420.12499977837 1343.31249987955 1279.84374986706 1210.70312487936 1246.84374978048 1291 -9999
