2050_A2_MR/TMAX.asc
NCOLS 720 
NROWS 360 
XLLCORNER -180 
YLLCORNER -90 
CELLSIZE 0.5 
NODATA_value -9999 
[rows 224 to 251 of 360, columns 189 to 251 of 720]
-9999 -9999 -9999 -9999 -9999 -9999 -9999 -9999 -9999 -9999 -9999 -9999 -9999 -9999 -9999 -9999 -9999 -9999 -9999 -9999 -9999 -9999 -9999 -9999 -9999 -9999 -9999 -9999 -9999 -9999 27.0103122297489 26.6349998418229 26.3743749552444 23.5329686675821 21.2506249836375 17.0978123255914 18.364374668523 19.9576560264333 23.6575002376575 26.3345316661029 24.9414064296437 30.0470311628472 33.4182816132695 34.442656217932 36.1521871683197 36.6946871876795 36.8489066959521 37.2221877576226 37.6618747712912 38.1220313910941 38.053124905029 37.6050003768681 37.1826568842493 36.8593744634544 36.5153128502535 36.17343777412 35.3395320180689 34.7390626668663 33.9557812812201 32.3192189036707 33.0007804636615 33.4700001480366 33.7526566985124
-9999 -9999 -9999 -9999 -9999 -9999 -9999 -9999 -9999 -9999 -9999 -9999 -9999 -9999 -9999 -9999 -9999 -9999 -9999 -9999 -9999 -9999 -9999 -9999 -9999 -9999 -9999 -9999 -9999 -9999 26.6717185975227 26.5314060447632 26.4873437886042 24.4929687390132 24.0907811483587 17.7456250767674 17.9785941536512 19.2873437410398 22.3810937421693 25.4392186107722 24.8279685669721 31.3431248060308 34.7354692213715 35.7659381616601 36.5529689188842 36.7650005816158 36.8250005244519 37.1242188215593 37.4289070369986 37.6026563052794 37.5225000982442 37.3373432758286 37.0668745042274 36.9067184925322 36.7328119276527 36.2306251525534 35.2687501308886 34.8262500165701 33.784218609395 32.985312788673 32.8231248854148 33.3776558040953 33.5267190338115
-9999 -9999 -9999 -9999 -9999 -9999 -9999 -9999 -9999 -9999 -9999 -9999 -9999 -9999 -9999 -9999 -9999 -9999 -9999 -9999 -9999 -9999 -9999 -9999 -9999 -9999 -9999 -9999 -9999 26.7085418702184 26.5776041148617 27.0100000196054 25.9342188234162 24.248124686971 26.8440624173217 20.0709373349639 19.1901561319695 21.0099999898688 23.0987501435925 24.292030960402 23.4993751628131 30.3834375142567 35.1937505006728 36.1868758205635 36.6650001406576 36.8723435997095 37.0068749783546 37.1834375261682 37.213906347973 37.1235936288015 36.9820311073016 36.9665624501714 36.8264055849365 36.8404691816072 36.8774999379611 36.1706254483677 35.5875003337578 34.7918749451418 34.0020307304626 33.3996874093462 32.844686865489 33.2104692458363 33.400781989272
-9999 -9999 -9999 -9999 -9999 -9999 -9999 -9999 -9999 -9999 -9999 -9999 -9999 -9999 -9999 -9999 -9999 -9999 -9999 -9999 -9999 -9999 -9999 -9999 -9999 -9999 -9999 -9999 -9999 26.6269791125695 26.8724479075812 27.8978126338875 26.1624998451402 24.9085935362119 25.9857816416653 19.8351561436296 19.5745311671193 20.892812759472 23.1404687768056 23.2617183940062 26.827031310527 32.417812493087 34.6701566585732 35.813281119089 36.7807809112623 37.0678122637269 37.1390628218323 37.2668753265523 36.9795313479209 36.6923432353396 36.6140626075489 36.7537499071322 36.7823436855763 36.7874994874188 36.688124359019 35.8767191771179 35.1585941918161 34.4637504821733 33.9650005100629 33.6982812877047 33.1742184159823 33.3459377883352 33.3773430584512
-9999 -9999 -9999 -9999 -9999 -9999 -9999 -9999 -9999 -9999 -9999 -9999 -9999 -9999 -9999 -9999 -9999 -9999 -9999 -9999 -9999 -9999 -9999 -9999 -9999 -9999 -9999 -9999 -9999 26.2800000905244 26.2654686885715 28.1292186977478 25.3514061882463 22.3517186361411 20.3234375905879 19.7648438487278 20.6779689183571 19.4682811497732 20.4573438488066 22.4654688223115 28.7851560398088 32.628437400267 33.0479679696191 35.9325003028103 36.9004680516179 37.2543749811101 37.0171877743789 36.9095309977049 36.6109380129188 36.3739066125884 36.4315628410584 36.6179681421516 36.7585936784908 36.7393748163617 36.3728130460859 35.5320315957839 34.4210938812866 33.7896873359034 33.6589062218743 33.7562497260395 33.4960940480364 33.2667182088062 33.2362499239581
-9999 -9999 -9999 -9999 -9999 -9999 -9999 -9999 -9999 -9999 -9999 -9999 -9999 -9999 -9999 -9999 -9999 -9999 -9999 -9999 -9999 -9999 -9999 -9999 -9999 -9999 -9999 -9999 -9999 26.5359373688031 25.7657811334463 27.0731248275025 22.9453122641393 19.6596874621539 17.9576565024887 21.8090622715207 20.7928127057675 19.5475000142647 20.8023436041373 24.8935936963163 30.59593751884 31.56203106182 34.2892186628655 35.9442186951257 36.6435937883882 36.9567182663198 36.8053129316912 36.5237504842007 36.3306257130174 36.1967186332765 36.2979688049379 36.5429683923776 36.7637506723156 36.7754689454994 36.2710942030566 35.647812902659 34.5734374519083 33.7592188712328 33.2599998714308 33.398594141378 33.4028130771141 33.2817185520715 32.9390625956079
-9999 -9999 -9999 -9999 -9999 -9999 -9999 -9999 -9999 -9999 -9999 -9999 -9999 -9999 -9999 -9999 -9999 -9999 -9999 -9999 -9999 -9999 -9999 -9999 -9999 -9999 -9999 -9999 -9999 28.1313538749543 28.049635072022 27.0398436778687 19.5956250425997 18.0431254071574 17.2139061407866 18.4581251320058 19.7682811039833 19.3190627986136 24.3351562892816 26.2978122517349 30.3857813196841 32.8251560027379 35.0371878152926 35.9542189240958 36.4318752885112 36.7351562977819 36.7014067768919 36.5039057134306 36.3487499355527 36.2201563119788 36.2243743539104 36.4450001121743 36.6418747903927 36.6096873285227 36.163438379698 35.9328123928833 34.510625601251 33.9351565244405 33.6239056586191 33.3917188642406 33.6007809636278 33.3382815115945 32.8165623538361
-9999 -9999 -9999 -9999 -9999 -9999 -9999 -9999 -9999 -9999 -9999 -9999 -9999 -9999 -9999 -9999 -9999 -9999 -9999 -9999 -9999 -9999 -9999 -9999 -9999 -9999 -9999 -9999 -9999 28.3576038977564 28.15322904821 26.8429686436393 19.3664060539964 16.9190622127127 17.3146876376625 19.1528124324239 17.5492187756951 18.3473438940579 25.1423438500505 28.1090623125512 29.8485937706117 32.6470309503831 34.7043746709515 35.9645314811989 36.4520320891756 36.7140626906716 36.7590622901099 36.6749995349295 36.4551563857976 36.2290619611694 36.1742188335043 36.2692185046009 36.4070320131253 36.4521878362458 36.1029694082011 35.630937636224 34.3507807849118 33.716718852621 33.588281452817 33.5107806921044 33.7423433065777 33.9565625187203 33.1774998904601
-9999 -9999 -9999 -9999 -9999 -9999 -9999 -9999 -9999 -9999 -9999 -9999 -9999 -9999 -9999 -9999 -9999 -9999 -9999 -9999 -9999 -9999 -9999 -9999 -9999 -9999 -9999 -9999 -9999 27.9826569261743 27.6746874761765 25.3946875356933 18.9681249278652 15.1570311197211 15.9956247516094 19.5089063059861 19.2768748395612 18.4892187967357 21.4648441337918 27.8764060456345 30.7559373081792 31.6289065167313 35.022188007221 36.1423432823558 36.6654693481607 36.9434376952617 36.9926565882921 36.9215630291524 36.6515622136501 36.3415617345333 36.1306247711551 36.0989059808293 36.1579685810989 36.2362504009923 35.8546879294872 35.3726562857866 34.6676558847174 34.1137497417635 34.0490629068913 33.9553115362798 33.4509375097198 33.6493747239236 32.6157812780018
-9999 -9999 -9999 -9999 -9999 -9999 -9999 -9999 -9999 -9999 -9999 -9999 -9999 -9999 -9999 -9999 -9999 -9999 -9999 -9999 -9999 -9999 -9999 -9999 -9999 -9999 -9999 -9999 -9999 26.5534377416919 25.3412500347969 22.1064065725521 16.9440624133265 14.254218608769 14.6189061418251 18.5835937265255 19.6875000298269 22.8931249949226 26.2723436611245 25.6690626459933 32.0206246950336 34.1146874401983 35.9681248059423 36.628437518621 37.0053129193299 37.2748439308967 37.2931256887996 37.1554686424655 37.0232813354695 36.5693751571262 36.1221876144179 35.8650000096778 35.7060934308834 35.6624994282862 35.4342187646602 35.4045314788059 35.1579683420028 34.7985931631122 35.0742191067529 34.6368746155387 33.4420313237418 33.0376562779312 32.1587498487698
-9999 -9999 -9999 -9999 -9999 -9999 -9999 -9999 -9999 -9999 -9999 -9999 -9999 -9999 -9999 -9999 -9999 -9999 -9999 -9999 -9999 -9999 -9999 -9999 -9999 -9999 -9999 -9999 -9999 25.825156300415 24.9031248685456 21.0696875770027 15.6589060894624 12.6840624047155 15.4253124719858 24.8090622689595 23.9385936205359 29.9979686699691 26.4823437564122 31.4003125093311 34.618750094719 35.3953124876096 36.6103125808589 37.1387504932665 37.4171882864709 37.5665628906685 37.5487505195109 37.4937494394502 37.4750000831345 37.1485934848209 36.3756250140482 35.6789062024501 35.1923434738481 35.3618752957522 35.416249572931 35.850937425532 35.9376562828456 35.5589059588686 35.1074996596885 34.48421871698 33.5490624306919 32.8156245935414 32.8990620367843
-9999 -9999 -9999 -9999 -9999 -9999 -9999 -9999 -9999 -9999 -9999 -9999 -9999 -9999 -9999 -9999 -9999 -9999 -9999 -9999 -9999 -9999 -9999 -9999 -9999 -9999 -9999 -9999 26.9849996566772 26.7012502545253 23.9792189318322 19.1707814049732 14.1579687896036 11.7268750402123 18.3718747323438 27.9899997096806 31.9978123826888 35.1218749834706 33.3415628626888 33.3484378463093 34.9960947037071 35.3793753390485 36.7785933017022 37.4106249211389 37.7664063570299 37.907812654754 37.8014063833444 37.7042188047593 37.6559377908874 37.3703125716979 36.5073436499061 35.5823438167808 34.9635943173958 35.1626563670363 35.6515624522324 36.3089065549875 36.2845315336853 35.6156253816375 34.7760937809082 34.2479684949188 34.0159377449779 33.6307811735238 33.1081246737081
-9999 -9999 -9999 -9999 -9999 -9999 -9999 -9999 -9999 -9999 -9999 -9999 -9999 -9999 -9999 -9999 -9999 -9999 -9999 -9999 -9999 -9999 -9999 -9999 -9999 -9999 -9999 -9999 27.4982811806009 26.739374996004 20.7731251008475 16.9729687777809 14.3864062566105 15.3707812667706 22.329374692312 27.827187716692 34.7876562788802 36.5907815104107 32.958436967063 33.2207812351984 34.7334372397786 35.5201566807462 36.9114056228155 37.4404683710277 37.9087504150004 38.1442189217382 37.8939058784221 37.591718554905 37.2973432545797 36.8643743996566 36.1495311860185 35.3992187383201 34.9900005461215 34.9321873786331 35.2823440436935 35.7467184073258 35.7668746715784 35.3318744900792 34.8303128481443 34.5370309949978 34.2524999382514 33.7662494780336 32.9243746995622
-9999 -9999 -9999 -9999 -9999 -9999 -9999 -9999 -9999 -9999 -9999 -9999 -9999 -9999 -9999 -9999 -9999 -9999 -9999 -9999 -9999 -9999 -9999 -9999 -9999 -9999 -9999 -9999 25.7420310704276 24.4748440413785 18.7153126593871 13.6359374072989 16.2257812004764 20.7792187751298 29.707968887182 25.7478127813892 29.4345315170759 35.5698433529592 35.2126559865527 35.5218747237808 35.5453122248498 36.3118746871804 36.9592177868549 37.1578119996652 37.4826564794193 37.6464062936439 37.3215627079958 36.9710940128571 36.6795312767362 36.2559372787847 35.636718571625 35.067343116103 34.8353127242211 34.6560934784234 34.7039061789725 34.9104680426026 35.0332821017464 34.9085938338369 34.6179691556019 34.2032806877665 33.7542186385096 33.2267183072442 32.3960937866475
-9999 -9999 -9999 -9999 -9999 -9999 -9999 -9999 -9999 -9999 -9999 -9999 -9999 -9999 -9999 -9999 -9999 -9999 -9999 -9999 -9999 -9999 -9999 -9999 -9999 -9999 -9999 -9999 24.9109376372222 21.5010939845398 14.9053127331395 13.1154686817998 17.9098437125984 24.2392188575516 32.1428125471244 28.0357814359977 32.9360937154769 35.8500007963408 37.4774999620496 36.6939064859671 36.3671878570912 36.5892183781978 36.4007812152161 35.5443751236647 36.4682811508764 36.6189063796463 36.3887496002913 36.1693750627085 35.9865621333419 35.7457810643563 35.2606243492473 34.7304685711898 34.6071881653436 34.4323440195619 34.105156004537 34.2653126717869 34.5259371998269 34.4904681445929 34.1046874527169 33.4893751149126 32.8781252505844 32.2729688283856 31.7798438962442
-9999 -9999 -9999 -9999 -9999 -9999 -9999 -9999 -9999 -9999 -9999 -9999 -9999 -9999 -9999 -9999 -9999 -9999 -9999 -9999 -9999 -9999 -9999 -9999 -9999 -9999 -9999 -9999 24.5304690299406 21.756562589301 15.3562500009813 12.8126561339155 20.2353123542512 26.0392190222066 34.1846881505345 32.6529684063539 34.5874996778093 37.300781726859 37.0959373120669 36.5270307067411 36.6418744922619 36.3009372356885 34.4840623161394 33.6074999581339 35.3948439366833 35.5375003227062 35.3621877440055 35.2693746693278 35.3537499909758 35.3300007585178 35.0937492848829 34.7693749069504 34.5139061212487 34.3128126264056 34.0882813333658 34.1837502718032 34.3614060283016 34.2274999024956 33.7067188026925 32.95921880045 32.7150002718153 32.588906228326 32.2096877393016
-9999 -9999 -9999 -9999 -9999 -9999 -9999 -9999 -9999 -9999 -9999 -9999 -9999 -9999 -9999 -9999 -9999 -9999 -9999 -9999 -9999 -9999 -9999 -9999 -9999 -9999 -9999 25.3679685591587 24.9273435760751 22.4649998861375 15.2809378230163 13.1634374401513 25.3973438611967 31.1445313988607 35.7945313445761 33.8793756061139 35.5448438523163 36.4425002349278 36.0510936989856 36.3734379414036 36.1690629132803 35.1303123258173 31.9948435142022 33.2195314768577 34.5456247335905 34.6574999696279 34.6012502913486 34.5846873525758 34.8275000455821 35.0123445393376 35.0320314169163 34.9320309756856 34.6193751692231 34.3490622042783 34.2187504766778 34.1932809352326 34.2804686428597 34.2534378172696 33.6834376452023 33.0262503028667 32.6278129815048 32.4453120828441 32.0117187803141
-9999 -9999 -9999 -9999 -9999 -9999 -9999 -9999 -9999 -9999 -9999 -9999 -9999 -9999 -9999 -9999 -9999 -9999 -9999 -9999 -9999 -9999 -9999 -9999 -9999 -9999 -9999 25.7742185587219 25.6148438453367 22.5643749664851 15.1707811482998 17.6034372684345 23.5190624007529 31.715937315655 36.2393748164956 34.8703133454612 35.337656528292 34.9260935198842 34.7906244402979 35.9923436048457 34.7431258573884 32.2404693984935 30.066875071991 32.6471876805621 33.7440623051607 33.9642186765781 34.000781476981 34.1145315173863 34.5148440601622 34.77843731662 34.9598442316977 35.0018748045177 34.6793752908287 34.4451560973409 34.3457815050637 34.2635941504855 34.0512499215407 33.8676556949291 33.5071880822554 32.8739056588905 32.7764062880098 32.2920309008854 31.204531133955
-9999 -9999 -9999 -9999 -9999 -9999 -9999 -9999 -9999 -9999 -9999 -9999 -9999 -9999 -9999 -9999 -9999 -9999 -9999 -9999 -9999 -9999 -9999 -9999 -9999 -9999 -9999 25.9717186981206 24.8176562469243 19.9671873010431 14.6829687055645 18.4882812044412 25.3709377664094 31.3831250048035 34.9971875262937 32.68078136239 35.5715622591565 35.2017192828599 35.1731249682495 35.8624997136227 32.8390621250272 29.0631254326196 31.191249517629 32.4515628515852 33.0229693059016 33.3504682782667 33.4423435929254 33.6640626194349 34.2274997832782 34.5190620426353 34.6203125719873 34.6226562861745 34.4768744709588 34.3932815196155 34.3543750050224 34.051093578695 33.8776567582373 33.6523439291673 33.0884373784528 32.9896879790943 32.6999999285581 32.1865626871989 31.1473437541026
-9999 -9999 -9999 -9999 -9999 -9999 -9999 -9999 -9999 -9999 -9999 -9999 -9999 -9999 -9999 -9999 -9999 -9999 -9999 -9999 -9999 -9999 -9999 -9999 -9999 -9999 -9999 27.4651561377697 27.1239060443649 22.858437622242 15.0542188880198 20.4926564372104 22.726249905884 31.3165626848384 35.643593636852 35.4881253516349 36.0895314220674 36.1767190691255 35.7487502692521 35.9642183781795 33.718437401508 28.8507812015751 32.3303124310002 32.4773437977247 32.6873437763743 33.0228124858811 33.2609384656027 33.4437500835717 33.8060934547923 34.0203124288693 34.2031246425748 34.2045311930336 34.179687500225 34.1059371831581 34.1078125835851 33.7571878434345 33.5106248857379 33.1826565865643 32.9618753792405 33.1045312284865 32.764218628221 32.2423434256218 31.7121876475856
-9999 -9999 -9999 -9999 -9999 -9999 -9999 -9999 -9999 -9999 -9999 -9999 -9999 -9999 -9999 -9999 -9999 -9999 -9999 -9999 -9999 -9999 -9999 -9999 -9999 -9999 -9999 28.1981253027827 27.88078179822 25.1426564708004 15.6124999365534 17.697812187887 22.8179685022196 33.2170315376331 36.0904684667253 36.1623435022772 35.7006250023961 35.6428129085678 35.0610939874702 34.1698437968231 33.63968783758 29.646093726055 31.9860937302819 32.3049997686538 32.6073439120689 32.9870314001941 33.2889059781575 33.2578121424925 33.254999399613 33.4792191988041 33.8935933113432 34.05000060811 33.9487499000692 33.8835939170928 34.0425001385026 33.7135935428143 33.5167186859278 33.2320315243589 33.0337502955915 33.0853126645311 32.9062498212574 32.5245308876684 31.9320308267914
-9999 -9999 -9999 -9999 -9999 -9999 -9999 -9999 -9999 -9999 -9999 -9999 -9999 -9999 -9999 -9999 -9999 -9999 -9999 -9999 -9999 -9999 -9999 -9999 -9999 -9999 -9999 26.8584375388614 27.7365626410336 29.5067188119696 18.93734387614 15.883281469026 23.257655963027 33.9140628275753 35.4656248098102 35.833281338503 35.8089061377603 34.6129687436051 32.0217187140314 31.0573435435972 32.0164063584474 30.5020309674167 31.7789063153466 32.4165623187056 32.7835938332236 33.0404690503326 33.3310939073348 33.1664058566338 32.8865622283583 32.9307811263134 33.7037504914089 33.8306255938667 33.6379689577108 33.4870312814217 33.6276561026167 33.4253129365237 33.2354692222132 33.115311801441 33.0885937809552 32.9690623285001 32.5889056925308 31.9990623600988 31.7215622666979
-9999 -9999 -9999 -9999 -9999 -9999 -9999 -9999 -9999 -9999 -9999 -9999 -9999 -9999 -9999 -9999 -9999 -9999 -9999 -9999 -9999 -9999 -9999 -9999 -9999 -9999 -9999 25.2773438981056 27.9239063526604 29.4353123584885 18.3939061835828 14.7012499859271 26.8193750500149 33.3642190108813 34.7625001676698 35.6421874165963 35.7996876239939 34.6920315020554 32.4917185290784 32.2093750821144 31.6492184385 32.1043749440797 32.4118751874439 32.8200004690112 33.1950002904631 33.264375805648 33.22453194861 33.0412499905814 32.7843750120657 32.7546872497831 33.1400005225295 33.3217192297153 33.084062278922 32.5900004215708 32.571718217101 32.7934374820208 32.7306252427746 32.7496876721945 32.6943748000001 32.4935937526803 31.9803127352337 31.9515625841066 31.5503125197513
-9999 -9999 -9999 -9999 -9999 -9999 -9999 -9999 -9999 -9999 -9999 -9999 -9999 -9999 -9999 -9999 -9999 -9999 -9999 -9999 -9999 -9999 -9999 -9999 -9999 -9999 -9999 30.8371878557864 30.7673436690895 30.2762495286409 22.8826560679462 16.2682809367637 27.8956250561704 31.655156286253 33.850780398311 35.3853127959998 35.7017188669628 35.2831254598858 33.8717188233141 33.4909375899144 33.2865620245266 33.4056250443366 33.5584380021665 33.7017192833442 33.7518751616564 33.5264065263601 33.2095312475959 32.9235938192084 32.6596871614971 32.5901558996609 32.7870316507059 32.9223443867123 32.5960935355403 31.8953125778173 31.3468748636779 31.3839058887265 31.6768752643301 32.095312446852 32.2073436682396 31.9826563601798 31.5495315495017 31.1781247263752 30.4618749628867
-9999 -9999 -9999 -9999 -9999 -9999 -9999 -9999 -9999 -9999 -9999 -9999 -9999 -9999 -9999 -9999 -9999 -9999 -9999 -9999 -9999 -9999 -9999 -9999 -9999 -9999 -9999 30.2739062903367 31.1298437118038 29.3945313418637 20.8365625155485 17.9514060285138 26.1634376636618 30.462812364376 33.452500164409 34.973750055124 35.4753127696171 35.2398439645598 34.4485937352112 34.3689063184213 34.3098437182899 34.3437502973861 34.3985937828097 34.3631244894202 34.2121878263707 33.7949996588823 33.3159379958593 32.9079685807147 32.6421881317813 32.6245316266184 32.941874682642 33.3017190093925 32.9623435729808 31.8253121970161 30.6828124821113 30.3484373692588 31.1167186798376 31.7334372406919 31.5918748089539 31.2859374891933 30.6268749250097 29.6554689422066 28.9335935123837
-9999 -9999 -9999 -9999 -9999 -9999 -9999 -9999 -9999 -9999 -9999 -9999 -9999 -9999 -9999 -9999 -9999 -9999 -9999 -9999 -9999 -9999 -9999 -9999 -9999 -9999 28.982500017427 30.2523435654532 31.0421876015138 26.8253124371886 19.3768750439545 21.7553123507571 28.0773436405681 30.3920311926164 33.4168752433421 34.7131249905833 35.2526565195572 35.4648433920377 35.2248434417104 35.212656318542 35.0649998183364 34.9667189117872 34.9667187329909 34.7896872755835 34.5192185042115 33.9909375308671 33.3346875310164 32.8639059663587 32.6768741011356 32.7674992679145 33.2128126619622 33.7371872661522 33.4554685948457 32.0751567480965 30.6862500011365 30.2518746254457 31.0074999332428 30.987656534316 30.2962501060488 29.963593871355 28.9023437215904 27.9473440957143 28.3110935689739
-9999 -9999 -9999 -9999 -9999 -9999 -9999 -9999 -9999 -9999 -9999 -9999 -9999 -9999 -9999 -9999 -9999 -9999 -9999 -9999 -9999 -9999 -9999 -9999 -9999 25.7574998540852 27.2218748734564 30.4317190638435 30.5868751121518 24.4968748115971 21.1274998475564 25.5618748058858 30.1106251177399 30.0674996098007 32.3709377073151 34.6867190603214 35.1924996375892 35.5581252575183 35.7118757367222 35.6648437381353 35.296405851884 35.0492188931891 34.9606248142962 34.8043746949643 34.5273432733883 33.958437264113 33.1695311070678 32.6826557518358 32.6742185951104 32.8467189074416 33.1654679777142 33.3926560286699 33.0495310429662 32.0718746186032 30.9923440513988 30.2768751679071 29.9379690290847 -9999 -9999 -9999 -9999 -9999 -9999
-9999 -9999 -9999 -9999 -9999 -9999 -9999 -9999 -9999 -9999 -9999 -9999 -9999 -9999 -9999 -9999 -9999 -9999 -9999 -9999 -9999 -9999 -9999 -9999 -9999 25.086250344662 28.0440624138717 30.9164061249445 28.5079687555193 23.8087499725168 23.1618750968311 26.152500003652 29.5734377514497 28.4292187696227 30.8479687870502 34.0098435885498 35.1217186452202 35.4353128077244 35.5637502076453 35.4928123953068 35.159531295469 34.7829683425799 34.5354689363644 34.461719096099 34.2156253459659 33.9996878502643 33.094062685965 32.5982811450966 32.58421885973 32.7356248498836 32.892656564946 32.8789062503994 32.5568752292572 31.9303121866265 31.1981250046491 30.4924999175884 29.8723435103566 -9999 -9999 -9999 -9999 -9999 -9999
