2050_A2_MR/TMAX.asc
NCOLS 720 
NROWS 360 
XLLCORNER -180 
YLLCORNER -90 
CELLSIZE 0.5 
NODATA_value -9999 
[rows 84 to 111 of 360, columns 189 to 251 of 720]
24.1492189762059 24.0642188190332 24.5910939877478 25.3096874955311 25.7901565136569 25.743593931326 25.7525005637026 25.9268747566819 26.0328122675353 25.9046872258995 26.0293748080556 26.3664063810504 26.1395311053098 25.7804687020726 25.4068747160677 25.0478123421651 24.755312352671 24.760625212812 24.7873439488314 24.8714060779747 24.7706248453282 24.3067188853358 24.0231251710232 24.5856249923447 25.7218748923663 26.3012500999741 25.4532814320613 24.2100002172538 22.8787499665864 23.3042188581187 24.5295310593139 25.178281246943 24.9901560241833 25.1212498833484 24.6628125294579 24.8512499322418 25.3945310115016 25.4823437935372 25.2432811855603 26.0193746084209 25.7742190949955 25.2634373300343 -9999 -9999 -9999 -9999 -9999 -9999 -9999 -9999 -9999 -9999 19.872655689359 19.8542187504151 20.1387500762939 20.1601561903068 20.6031249759352 21.1851564348826 21.8493748308408 22.1752085395648 21.7478644263819 21.2643751807229 21.0290625696987
24.5185936683694 24.3524998718833 24.3970312475471 25.0729687812464 25.6631248594247 25.7042184769747 25.7749999166582 25.8978123964864 26.0065627396783 26.0574997361112 26.1821873184638 26.2417191568734 26.3270310163596 26.03359395231 25.7767187052458 25.529218702866 25.3520311706337 25.2631252700074 25.2209377877252 25.4221875956412 25.393125146069 24.8804689638034 24.5026564891319 25.0243748421246 25.7303125861557 26.4545312819913 25.7907810206612 24.4964064052055 23.879531679244 24.575000045088 25.5781250296933 25.2015625840638 25.5042185776526 25.8487499051485 25.9162500188826 25.6246872536283 25.5731249150255 25.0604687038694 25.4696876998114 26.705624758172 26.7295313760412 26.6043745860046 -9999 -9999 -9999 -9999 -9999 22.9368753428908 -9999 -9999 -9999 -9999 -9999 -9999 -9999 -9999 20.6987500190735 21.1387498378754 21.7987499237061 21.3417706501029 21.0030209725493 20.9568748474121 20.2275003207897
25.2856249794157 25.1067187172782 25.0767186562202 25.6379690153885 26.1095313121088 25.6784375308181 25.4909373520433 25.7639063893345 26.1885938637062 26.6964062446166 26.5464062982216 26.3021878597617 26.3785934450212 26.547343849671 26.3429688210216 26.2165625383355 26.1214063451608 25.9765625583703 26.1574999978675 26.1621872777765 25.6625000536006 25.0634378184643 24.9893750543356 25.491874664826 26.0759374786568 26.8781249807254 27.0665626808468 26.9228124013928 27.065781385193 26.4607810692849 25.1717188355792 25.5515624283547 25.8309373852042 26.2489062839862 26.7054685051083 26.4865623998829 25.8860939437288 25.6799999164569 26.5373437100612 27.2806249561712 27.4835938811444 27.3025005758331 26.1100001333577 25.5199996630351 25.3800005118052 25.4437506198883 25.289999961853 -9999 -9999 22.8206770413192 22.8950520155351 -9999 -9999 -9999 -9999 -9999 -9999 -9999 21.1000003814697 20.9500000476837 20.650000333786 -9999 19.7399997711182
26.458437590581 26.5078126176863 26.5312499390093 26.8210936475674 26.7962498659642 26.0149998658816 25.8668750517178 25.9434376356227 26.3976565005883 26.9012500347097 26.9087502060452 26.6945312016569 26.5135935837896 26.7484377324559 26.8843749456041 27.2112498270351 27.2525000559951 27.0842188583375 26.9121875158789 26.6150002175968 25.9493751817689 25.8026565008331 25.4684374326323 26.4621876457665 27.6692184481678 28.0593751953483 27.6895312071813 26.808906317875 25.8676564120314 26.0074995451912 25.4356251355379 25.6650000213143 26.2565626495715 26.7321874195932 27.1029685731607 27.273125111405 26.6276564288687 26.5734373025204 26.7403126360268 27.0223438742981 27.3110935989898 27.1304686072954 26.0964065196009 25.6287498868965 25.4812507428366 25.6953125292194 25.36437487585 -9999 24.5640624760995 23.9278644900606 24.2091144020876 23.7800006866455 -9999 -9999 -9999 -9999 -9999 -9999 -9999 -9999 -9999 -9999 -9999
27.1354688397632 27.4685936262485 27.7910938543498 27.474531172842 26.8951563235401 26.2912498412348 25.7615623773163 25.5899997956712 26.1004686958456 26.7295311990034 26.9085935054226 26.6492186782023 26.3276562385633 26.2321872414915 26.3835938282113 27.225937546208 28.2801561957047 28.2828125948015 27.5599996437026 27.1404685957827 27.025156316803 27.0151564154301 27.0376563937383 28.1918750096664 28.7042189536278 28.3356248736642 27.5124998098505 26.3903125220578 25.61406219096 25.301093638803 25.397187977884 26.1128124294866 26.4109372792178 27.2181250439639 27.7098436949306 27.3773437440623 26.6226563162969 26.2835936569623 26.1373436185339 26.0615626597695 26.4107813551073 26.4306251699446 25.8915624019513 25.8990628423829 26.0232814856116 25.7167190618095 25.4195311075245 25.3251567491523 24.6332810818228 24.3882810174888 23.8370313643358 23.4500007629395 -9999 -9999 -9999 -9999 -9999 -9999 -9999 -9999 -9999 -9999 -9999
28.3204686026638 28.478750108305 28.7604689593139 28.1500001840776 27.2120311554622 26.436562269807 25.6846875847143 25.1020311419361 25.6504685882335 26.5898438990711 27.123281538189 26.967031210199 26.8353123064157 26.5307812086044 26.1914065775453 26.7426563205423 27.5774997781605 27.9757813824036 27.9560939670983 28.0695311719957 28.2903125578262 28.4528126709928 28.7157812704677 28.7857815322155 28.8790625033924 28.1007812922393 27.3817189631022 26.3935938483347 24.7721875022329 24.5037501464177 25.6067189272832 26.6082815220253 27.442187545548 27.9634372588099 27.7267186345607 27.4303126333694 26.0751561229794 24.6729687168217 24.0373437420764 24.5329690586798 26.2518746842618 26.8093748983216 26.5524999189007 26.118124990898 25.747343838084 24.8612496865901 24.3770310301024 24.4471875738883 24.4092189079654 24.4112501144409 -9999 -9999 -9999 -9999 -9999 -9999 -9999 -9999 -9999 -9999 -9999 -9999 -9999
28.9706252219971 28.8581251501692 29.002031385958 28.6193749602636 27.5848437243841 26.7740623944242 26.0034375481394 25.4635937205314 25.7401559348891 26.6857811215293 27.3593748212379 27.5217184419617 27.4026563458545 27.2315624944693 27.0459374475502 27.1656250942532 27.5096877804982 27.5995308756342 27.86203134068 28.1982808406965 28.4026564960365 28.1779687429779 27.2685938495925 27.5214059650628 28.7973435219658 27.3279691642533 26.93000006693 26.059687314377 25.7667185645228 25.8628125164109 27.0871872878271 28.4564059665184 28.3251562713832 28.067812532396 27.4724999070902 26.7806249265955 25.42843782924 23.9499998092651 -9999 23.892968656927 25.1290624468977 25.5337501790945 25.3895313461005 25.0639060450064 24.8829688730846 24.2718750238418 23.7224996089935 -9999 -9999 -9999 -9999 -9999 -9999 -9999 -9999 -9999 -9999 -9999 -9999 -9999 -9999 -9999 -9999
28.9185939429714 29.1187499457912 29.3062501244112 29.1003125600877 28.3723438667877 27.5184372653089 26.7492187013368 26.3410936880428 26.3307813098367 26.579843342273 26.8568751226969 27.9276558454247 27.7495312391774 27.5995316206558 27.4701559843756 27.8406250770464 28.2943750908214 27.8043750222274 27.9712501760979 28.3923434018776 27.6629688752136 26.6071874808357 25.9607809197673 26.4723434174604 28.9407814443252 26.7832812673455 27.3443748939709 26.5837495633337 25.835156382864 28.0410941815717 28.3865627044129 28.5670316226323 28.2360938790251 27.8529689314829 27.4939060806003 26.5612497329712 -9999 -9999 21.6490622763585 21.9537503144963 22.4642188581098 22.858906093749 23.6090623460074 24.5262496471405 -9999 -9999 -9999 -9999 -9999 -9999 -9999 -9999 -9999 -9999 -9999 -9999 -9999 -9999 -9999 -9999 -9999 -9999 -9999
29.6851562252022 29.9693748945323 30.0593749873349 29.8940624581806 29.5875001835571 28.4821875082012 27.7021875369404 27.3035938729077 27.0589061369314 26.9737500832579 27.1940626187948 28.2790625381024 28.5978126813342 28.6176560507437 28.1193750185192 28.6329685438298 28.9315623333076 28.4734372785918 28.3295314008829 27.2245312626818 26.8345312770127 25.7539059819028 25.8185935314222 27.9289059923225 29.4467185433518 27.2162502694695 27.9995312088527 27.6401562969649 28.2931249724922 28.7903124082288 28.4439063661014 28.0312495231628 28.0537493228912 -9999 -9999 -9999 -9999 -9999 21.4849996566772 20.3998438740334 20.3435937469281 20.7766666412354 -9999 -9999 -9999 -9999 -9999 -9999 -9999 -9999 -9999 -9999 -9999 -9999 -9999 -9999 -9999 -9999 -9999 -9999 -9999 -9999 -9999
30.4182811074166 30.3706252273335 30.3818748593373 30.4284376204636 30.3328125769945 29.496562569344 28.6040624371505 28.1346876016851 27.9378123869409 28.0959375190744 28.4554687725573 28.8518747388544 28.9596873822082 29.3521874841873 29.0578128095385 29.4298436336705 29.6314060979914 29.1999998680756 29.0518748748805 28.7315624028048 28.373906370858 27.2032815183556 27.3832812575706 29.2826560420434 29.0060935630734 27.7314064204232 28.2025002242637 29.0304687904473 29.3051564087027 29.4699999090146 28.7860933839663 -9999 -9999 -9999 -9999 -9999 -9999 -9999 -9999 19.3362498283386 -9999 -9999 -9999 -9999 -9999 -9999 -9999 -9999 -9999 -9999 -9999 -9999 -9999 -9999 -9999 -9999 -9999 -9999 -9999 -9999 -9999 -9999 -9999
30.4912494717701 30.2965626419554 29.9529689848134 29.9804689585531 30.4459374541843 30.2056246989543 29.6182810944026 28.7840627122601 28.0392189021734 28.4967190025106 28.5290625091919 28.2228126521188 28.3564062416072 28.4775000819019 28.2140622740914 29.0749999297167 29.0318747471081 29.2609371251868 28.2615626752912 27.6150000984896 27.6754685340952 27.8626566845622 28.7303124096492 30.1567187611069 28.2076562647538 28.026093868856 28.7681250268784 28.970156341743 29.9493749737611 29.5990103780956 -9999 -9999 -9999 -9999 -9999 -9999 -9999 -9999 -9999 -9999 -9999 -9999 -9999 -9999 -9999 -9999 -9999 -9999 -9999 -9999 -9999 -9999 -9999 -9999 -9999 -9999 -9999 -9999 -9999 -9999 -9999 -9999 -9999
30.5751563012012 30.1882815064507 30.0654685196984 30.2560935610839 30.3432812698227 30.1259376116833 30.549687832284 29.7337497760355 28.7625001656575 28.8764063411381 28.9790626161432 28.364374995377 28.2167188528866 27.7598436780807 27.7734372918006 28.0845311294251 28.5139063002272 29.0504689214465 28.5826562635196 28.1221873157144 27.6060937347967 26.6528127798796 26.9157813802562 30.1998438532364 28.2325002248011 29.5748440901417 29.3507813803404 29.2139060194184 29.9231249094736 29.5302601160169 -9999 -9999 -9999 -9999 -9999 -9999 -9999 -9999 -9999 -9999 -9999 -9999 -9999 -9999 -9999 -9999 -9999 -9999 -9999 -9999 -9999 -9999 -9999 -9999 -9999 -9999 -9999 -9999 -9999 -9999 -9999 -9999 -9999
30.4531251488282 30.2203124452999 30.5924998809973 31.0315624471746 30.7564062468809 30.012031375516 30.5267190332755 30.2551564571287 29.4254689218715 29.3379684678651 28.9629689145671 28.6981251823664 28.5270314512109 27.6770315460621 27.9320316603751 27.801093428125 28.1807813046006 28.5515623992587 28.6073437644068 28.2201562807861 27.9412500855278 27.9848436390163 29.5307812968653 29.9942187961044 28.8940625771614 30.1582809692282 29.3529687227792 29.1354686927447 29.4293752325161 28.7692707986734 26.8908332191313 25.7099990844727 -9999 -9999 -9999 -9999 -9999 -9999 -9999 -9999 -9999 -9999 -9999 -9999 -9999 -9999 -9999 -9999 -9999 -9999 -9999 -9999 -9999 -9999 -9999 -9999 -9999 -9999 -9999 -9999 -9999 -9999 -9999
30.9635940482393 31.1254690279481 31.1742185350859 31.0399999622064 31.07843744755 30.4010941981875 30.4334375268796 30.1993750039978 29.9335940168574 30.2778127180103 29.7917187504417 29.6037504366551 28.9250001006765 28.3285938494237 28.4696877893529 28.9500002250884 29.577187594816 29.8410935664804 29.0095312573324 28.3696875582785 28.3832813494344 29.4956248691295 30.2006250922765 30.5187499813139 29.687187760781 29.6818749313795 29.0875001851803 28.6268745660782 28.8799999952316 28.2845831712087 26.1133335431417 -9999 -9999 -9999 -9999 -9999 -9999 -9999 -9999 -9999 -9999 -9999 -9999 -9999 -9999 -9999 -9999 -9999 -9999 -9999 -9999 -9999 -9999 -9999 -9999 -9999 -9999 -9999 -9999 -9999 -9999 -9999 -9999
31.3262501066571 31.4568746690188 31.247812390678 31.0170316101385 31.1750002205074 30.2795315978394 30.0714063043933 30.2740623351279 30.4273437855047 30.3332812190003 30.3773438330524 30.1700001945472 29.546093790968 28.8129688498224 29.0042191128483 29.9392186390539 30.5987501433425 30.6295314427016 29.402343568659 29.8242185989543 30.7542187860169 30.4175001062455 31.1074998972718 30.4934376185887 29.7364062964991 29.0387499332428 28.3599994182587 -9999 -9999 -9999 -9999 -9999 -9999 -9999 -9999 -9999 -9999 -9999 -9999 -9999 -9999 -9999 -9999 -9999 -9999 -9999 -9999 -9999 -9999 -9999 -9999 -9999 -9999 -9999 -9999 -9999 -9999 -9999 -9999 -9999 -9999 -9999 -9999
30.9507814350638 31.0223437553312 31.1100000440693 30.9645313024447 31.1956247091124 30.7871878436181 30.7028127004779 30.7470312707506 30.5276559889624 30.3496873974482 30.4401565196642 30.6603122053983 29.0871875900063 28.8532812895606 29.9529686567994 30.564530968523 31.1678125258381 31.4929688557524 30.912656038106 30.7725002764511 31.3523437078602 31.4637499152257 30.8431250163028 30.2412505149841 -9999 -9999 -9999 -9999 -9999 -9999 -9999 -9999 -9999 -9999 -9999 -9999 -9999 -9999 -9999 -9999 -9999 -9999 -9999 -9999 -9999 -9999 -9999 -9999 -9999 -9999 -9999 -9999 -9999 -9999 -9999 -9999 -9999 -9999 -9999 -9999 -9999 -9999 -9999
31.2546877252811 31.4548436690476 31.6957808733272 31.0043751300862 31.2359374762745 31.3524997831449 31.0867189762702 31.0448439712691 30.7326562990682 30.6765626660912 30.5546873801793 29.8023438468156 28.0187499524601 29.7534377843684 30.8273437608388 31.3667186188739 31.4839061199847 31.4221874765061 31.2857815008735 31.4264060245653 31.9204683900186 31.4399999382481 30.6721876567121 -9999 -9999 -9999 -9999 -9999 -9999 -9999 -9999 -9999 -9999 -9999 -9999 -9999 -9999 -9999 -9999 -9999 -9999 -9999 -9999 -9999 -9999 -9999 -9999 -9999 -9999 -9999 -9999 -9999 -9999 -9999 -9999 -9999 -9999 -9999 -9999 -9999 -9999 -9999 -9999
32.0482820266713 32.1945312017304 31.7885938880452 31.1117185648361 31.2856246826753 31.5189061756099 31.47953116828 31.5309374922119 31.3157814141932 31.1214061377416 30.7070308628369 28.7753126033877 28.3754689982005 30.5807812522488 31.4578125473438 31.9803124664251 31.8865627340125 32.423437593955 32.5471873869488 32.0292185544577 31.7259376947186 30.9262496242192 30.4017192423966 -9999 -9999 -9999 -9999 -9999 -9999 -9999 -9999 -9999 -9999 -9999 -9999 -9999 -9999 -9999 -9999 -9999 -9999 -9999 -9999 -9999 -9999 -9999 -9999 -9999 -9999 -9999 -9999 -9999 -9999 -9999 -9999 -9999 -9999 -9999 -9999 -9999 -9999 -9999 -9999
32.5412501094576 32.3034375309333 31.9532810446808 31.6796874100052 31.6932812033093 31.9499995404374 32.0493751169262 31.9048439563342 31.3943750562854 30.7637501079419 28.5020312695494 27.2762498565532 29.0485937599255 30.62874999505 31.2671876242701 32.2628118387862 32.4639063476368 32.2314058244204 32.3814061283914 32.1776555475781 31.2710934877533 30.3500003814697 -9999 -9999 -9999 -9999 -9999 -9999 -9999 -9999 -9999 -9999 -9999 -9999 -9999 -9999 -9999 -9999 -9999 -9999 -9999 -9999 -9999 -9999 -9999 -9999 -9999 -9999 -9999 -9999 -9999 -9999 -9999 -9999 -9999 -9999 -9999 -9999 -9999 -9999 -9999 -9999 -9999
32.8229686017631 32.4703127738681 32.173594474577 32.1465632612869 31.9126559492993 32.1121877136264 31.8979687991144 31.4351563463188 30.6743748499624 28.8099997367031 27.5635935656681 28.5845315419102 30.0475003395025 31.5503125779822 32.3124998197395 32.5914056897721 32.7517188186105 32.7354684758827 32.4199993013621 32.0309373742458 31.2598436772939 -9999 -9999 -9999 -9999 -9999 -9999 -9999 -9999 -9999 -9999 -9999 -9999 -9999 -9999 -9999 -9999 -9999 -9999 -9999 -9999 -9999 -9999 -9999 -9999 -9999 -9999 -9999 -9999 -9999 -9999 -9999 -9999 -9999 -9999 -9999 -9999 -9999 -9999 -9999 -9999 -9999 -9999
32.9787501696381 32.523593813845 32.3703121848318 32.2603127660025 32.3409375544481 32.2532810567037 31.9490628540915 30.5514058167782 29.1470312177621 28.9612499454581 29.8270312541295 31.1657812580166 30.9318750175841 32.3559370332308 32.7918749450756 32.7167186731448 32.966562508922 32.8153123261118 32.326406598623 31.4365625081075 31.1862494944603 -9999 -9999 -9999 -9999 -9999 -9999 -9999 -9999 -9999 -9999 -9999 -9999 -9999 -9999 -9999 -9999 -9999 -9999 -9999 -9999 -9999 -9999 -9999 -9999 -9999 -9999 -9999 -9999 -9999 -9999 -9999 -9999 -9999 -9999 -9999 -9999 -9999 -9999 -9999 -9999 -9999 -9999
32.8929679392083 32.2437501847367 32.0117188990776 31.9340624516874 32.0217186521566 31.4554688950099 31.121719034334 29.9345310051055 29.1475000679995 30.0159375366848 30.5864065576936 32.3367189157948 32.4796879879771 32.7937501665747 32.8739056586267 33.1315627094419 33.3589060303921 32.5528123979092 32.0329689980799 31.6043746768046 -9999 -9999 -9999 -9999 -9999 -9999 -9999 -9999 -9999 -9999 -9999 -9999 -9999 -9999 -9999 -9999 -9999 -9999 -9999 -9999 -9999 -9999 -9999 -9999 -9999 -9999 -9999 -9999 -9999 -9999 -9999 -9999 -9999 -9999 -9999 -9999 -9999 -9999 -9999 -9999 -9999 -9999 -9999
32.7582808735483 32.061406047271 32.0600002119407 31.8395310938515 31.1298437995268 30.7389062615586 30.639062373679 29.3351560850742 29.1293751308115 30.1793751394562 31.1243744170855 32.5892190924128 33.1057816136887 33.3173434732057 33.2151557798421 33.3087497349793 33.3870312571306 32.6243759391143 32.1856251059416 31.7337506411705 -9999 -9999 -9999 -9999 -9999 -9999 -9999 -9999 -9999 -9999 -9999 -9999 -9999 -9999 -9999 -9999 -9999 -9999 -9999 -9999 -9999 -9999 -9999 -9999 -9999 -9999 -9999 -9999 -9999 -9999 -9999 -9999 -9999 -9999 -9999 -9999 -9999 -9999 -9999 -9999 -9999 -9999 -9999
32.043906242995 31.4557810428062 31.870625078161 32.3345309782784 32.4545314001792 31.6998434966878 29.4484374859155 28.4796876012675 30.8459372175531 32.4073434744534 32.9107814117039 33.1156247851606 33.4282809499648 33.5221873519532 33.595781445129 33.5867190358594 33.3204686643392 32.8067187665381 32.3965621587466 31.9674994346978 -9999 -9999 -9999 -9999 -9999 -9999 -9999 -9999 -9999 -9999 -9999 -9999 -9999 -9999 -9999 -9999 -9999 -9999 -9999 -9999 -9999 -9999 -9999 -9999 -9999 -9999 -9999 -9999 -9999 -9999 -9999 -9999 -9999 -9999 -9999 -9999 -9999 -9999 -9999 -9999 -9999 -9999 -9999
31.9345311218583 32.4384374299971 32.8809379049996 31.7318747982871 30.1957808477814 29.7142187367446 29.4564058735551 32.2546873375257 33.0356247418088 33.4509373301714 33.8212497231765 33.4739062185967 33.4350000617516 33.5334376694998 33.7410932185024 33.700938046197 33.3953117728296 33.0681255460451 32.6518751384118 32.0535936952605 -9999 -9999 -9999 -9999 -9999 -9999 -9999 -9999 -9999 -9999 -9999 -9999 -9999 -9999 -9999 -9999 -9999 -9999 -9999 -9999 -9999 -9999 -9999 -9999 -9999 -9999 -9999 -9999 -9999 -9999 -9999 -9999 -9999 -9999 -9999 -9999 -9999 -9999 -9999 -9999 -9999 -9999 -9999
33.0346874278165 33.3126569689452 31.6907810586385 29.6304687263024 28.7117184390665 29.9645313306526 32.5543749904888 33.4940621840811 33.6267190569485 33.8409383889878 34.1254689093242 33.9520312541174 33.6375007627277 33.464531719615 33.433125198394 33.4337503317756 33.333437502515 32.9860941172798 32.588125109685 -9999 -9999 -9999 -9999 -9999 -9999 -9999 -9999 -9999 -9999 -9999 -9999 -9999 -9999 -9999 -9999 -9999 -9999 -9999 -9999 -9999 -9999 -9999 -9999 -9999 -9999 -9999 -9999 -9999 -9999 -9999 -9999 -9999 -9999 -9999 -9999 -9999 -9999 -9999 -9999 -9999 -9999 -9999 -9999
33.5217179058045 33.0237503940316 31.2420310066366 30.7948439387248 32.1209380000942 33.7232818592897 34.1104692809037 34.3314069500006 34.2648432840778 33.9739061589399 34.0882812737911 34.4667188523926 33.9506251808252 33.4678124785734 33.327187478561 33.3888539076673 33.2074487806655 32.5991668701172 -9999 -9999 -9999 -9999 -9999 -9999 -9999 -9999 -9999 -9999 -9999 -9999 -9999 -9999 -9999 -9999 -9999 -9999 -9999 -9999 -9999 -9999 -9999 -9999 -9999 -9999 -9999 -9999 -9999 -9999 -9999 -9999 -9999 -9999 -9999 -9999 -9999 -9999 -9999 -9999 -9999 -9999 -9999 -9999 -9999
33.774374305838 33.3565623758383 32.6070313139204 33.0959376077932 33.9424999047702 34.4231254453589 34.7582812302659 35.1512504211408 35.0382813208236 34.3573440309483 34.2959378953675 34.5787491797202 34.287656366454 33.5662504432104 33.2357808353347 33.293541967997 33.149167060852 -9999 -9999 -9999 -9999 -9999 -9999 -9999 -9999 -9999 -9999 -9999 -9999 -9999 -9999 -9999 -9999 -9999 -9999 -9999 -9999 -9999 -9999 -9999 -9999 -9999 -9999 -9999 -9999 -9999 -9999 -9999 -9999 -9999 -9999 -9999 -9999 -9999 -9999 -9999 -9999 -9999 -9999 -9999 -9999 -9999 -9999
