2050_A2_MR/TMAX.asc
NCOLS 720 
NROWS 360 
XLLCORNER -180 
YLLCORNER -90 
CELLSIZE 0.5 
NODATA_value -9999 
[rows 224 to 251 of 360, columns 630 to 692 of 720]
39.6168747547183 39.993281305298 40.3807816507249 40.7867186071636 40.9851562382419 41.0981244447396 41.077969253193 40.9162501097292 40.4090623257955 40.2121871113132 40.1173437833259 40.0699999331264 40.0145307778612 40.0651558636258 40.0446879863283 39.9809376003167 39.6401566267603 39.1962504983514 38.9895306825976 38.5934370754623 38.1309375762766 37.4235936401143 37.1584383846069 36.9390628338694 36.3154689073948 35.3718756437616 34.7701564429137 34.1326559775633 32.9212498060619 32.8265633578418 32.310625433969 31.7950000762939 -9999 -9999 -9999 -9999 -9999 -9999 -9999 -9999 -9999 -9999 -9999 -9999 -9999 -9999 -9999 -9999 -9999 -9999 -9999 -9999 -9999 -9999 -9999 -9999 -9999 -9999 -9999 -9999 -9999 -9999 30.5518754720687
39.3403120042635 39.8123435972545 40.2837504148295 40.5504683854008 40.6720310453216 40.6739059095171 40.7845311168472 40.8196877242186 40.5632812975841 40.324219226714 40.2439064977961 40.1473435759411 40.0787500142675 40.1771876215417 40.0207812786957 39.6434377435713 39.3556248549819 39.2267184256433 38.9778126478054 38.6646872759195 38.1689062118067 37.3856246474166 36.9671877625067 36.8012498618647 36.318750679449 35.760469078336 35.1095313426201 34.7687502499128 33.8678121559101 33.2317191360239 32.5159375365642 31.7696872652 -9999 -9999 -9999 -9999 -9999 -9999 -9999 -9999 -9999 -9999 -9999 -9999 -9999 -9999 -9999 -9999 -9999 -9999 -9999 -9999 -9999 -9999 -9999 -9999 -9999 -9999 -9999 -9999 -9999 -9999 -9999
38.9384379382476 39.8970310091933 40.3176570535262 40.5745314956454 40.6753129362356 40.6926560997142 40.6193747519477 40.6746872663326 40.5317188502868 40.4164058566242 40.2543749213844 40.1226562856681 40.1856255530279 40.0876560808753 39.7796877623527 39.4426562190392 39.3121870159524 39.2971873879511 39.0643753409542 38.598437369059 38.0578121544635 37.3429684041843 36.864687025364 36.9040622116402 36.2464067343769 36.4535936114896 36.0896874659596 35.5187495942754 34.7682816976285 33.9742189040029 33.1932811731577 32.4721876968096 -9999 -9999 -9999 -9999 -9999 -9999 -9999 -9999 -9999 -9999 -9999 -9999 -9999 -9999 -9999 -9999 -9999 -9999 -9999 -9999 -9999 -9999 -9999 -9999 -9999 -9999 -9999 -9999 -9999 -9999 -9999
39.4292185302798 39.9757813810031 40.31249970193 40.5496878027588 40.6945311427499 40.7456245422301 40.7196875809921 40.6821876168298 40.4004692435943 40.3906244635863 40.205156564732 40.1957815289224 40.1725004316624 39.8664060237184 39.6137498619013 39.3835936189345 39.3970313667416 39.2596870661328 38.8712503913122 38.4784374833216 38.0212498902182 37.3739066124532 36.8524997832419 36.6457806828672 36.2881249184822 36.710468947687 36.5270311235703 35.6987497807672 34.7101564414283 34.9299992316682 33.7956252093528 33.2489064333647 32.9881251450703 -9999 -9999 -9999 -9999 -9999 -9999 -9999 -9999 -9999 -9999 -9999 -9999 -9999 -9999 -9999 -9999 -9999 -9999 -9999 -9999 -9999 -9999 -9999 -9999 -9999 -9999 -9999 -9999 -9999 -9999
39.7982812522372 40.0635939240432 40.3017188907766 40.5079687834789 40.6493750215261 40.7014057637249 40.671875476862 40.6160941124095 40.4462507963803 40.3107813597464 40.1104686856744 40.1343752145985 39.9985938670281 39.638593852527 39.5109378696623 39.3070309758645 39.339530527762 39.0821874143233 38.8040630221631 38.482030928355 38.1187494397505 37.4460937975849 36.5031249522385 36.2157813311922 36.423124968878 36.4371876129139 36.2104690079222 35.9353128075211 35.3401563161964 35.6279684301963 34.6342187521702 33.2476567033834 32.9148435601339 32.4385933875827 -9999 -9999 -9999 -9999 -9999 -9999 -9999 -9999 -9999 -9999 -9999 -9999 -9999 -9999 -9999 -9999 -9999 -9999 -9999 -9999 -9999 -9999 -9999 -9999 -9999 -9999 -9999 -9999 -9999
39.8699994087499 40.0720312595251 40.2328132987069 40.3912501336075 40.5387494565204 40.6217184067106 40.6221873760797 40.5495316983239 40.3768745661309 40.2709362506789 40.1512502430721 40.0570317507853 39.8139057160455 39.5973443389552 39.302812755339 39.3112499117324 39.1618744136144 38.938280999745 38.4867190723638 37.9790620213914 37.9017183187873 37.3148440125761 36.6053115724602 35.8553126459022 35.8273437630339 34.6418747923075 35.1914067876992 35.7937502863753 35.5867189170442 35.5778121952291 34.7434379458752 33.2387498017403 32.7090621585355 32.4849997162261 31.9382812978396 -9999 30.6400003433228 -9999 -9999 -9999 -9999 -9999 -9999 -9999 -9999 -9999 -9999 -9999 -9999 -9999 -9999 -9999 -9999 -9999 -9999 -9999 -9999 -9999 -9999 -9999 -9999 -9999 -9999
39.8918749689901 40.117812812234 40.2354688047968 40.3517182469159 40.4948435425642 40.561875343332 40.5773445368037 40.4151563644865 40.2198432088432 40.1935929656562 40.1412507892336 40.0165625811443 39.8001563549251 39.5399996041695 39.4784377215143 39.4643747208956 39.2354689240494 38.8126565816238 38.2224997876558 37.782812952737 37.4415628911441 36.9399999977581 36.5885935426075 35.8864062425682 35.3532810804899 34.6487497084116 34.7420316928948 35.1160938147327 34.820625066386 35.0390623803777 34.6795310378808 33.8390624520116 33.5853121868688 32.888280987018 32.2543752191687 31.6323443055222 30.3607288994971 -9999 -9999 -9999 -9999 -9999 -9999 -9999 -9999 -9999 -9999 -9999 -9999 -9999 -9999 -9999 -9999 -9999 -9999 -9999 -9999 -9999 -9999 -9999 -9999 -9999 -9999
39.8642194271697 40.1534380913136 40.2917190193598 40.3714061975363 40.4939060211313 40.5426564216837 40.5267198086394 40.3603125215024 40.1968742012823 40.1143753529366 39.9865626098592 39.8534377815205 39.6749998332921 39.6215625404525 39.6204687356756 39.5318751931622 39.291718780898 38.8506255743049 38.4601556656346 38.0528125165026 37.3435939550639 36.8701567053525 36.5529686212809 36.0701565146207 35.3570313455934 35.4034374947057 35.0612503290547 35.1906247134165 35.3704691523929 35.3681252597467 34.6406247019675 34.0898438094959 33.9354686739305 33.1625003817381 32.4090626835036 31.723749875865 30.5268746017577 -9999 -9999 -9999 -9999 -9999 -9999 -9999 -9999 -9999 -9999 -9999 -9999 -9999 -9999 -9999 -9999 -9999 -9999 -9999 -9999 -9999 -9999 -9999 -9999 -9999 -9999
39.7143748402534 40.0485938191606 40.3168746233048 40.3932819962402 40.4651556015468 40.4942187667854 40.4195308090233 40.2835930586423 40.1335929036948 40.0159376265326 39.830781102232 39.549531281249 39.5689059497026 39.6992189288916 39.605000019095 39.305468797786 39.3903124928797 39.1329688428702 38.7632805703217 38.1749995349422 37.4323440191984 36.9626559614881 36.5256245731538 35.9964064954135 35.5070311423694 35.5482811924373 35.3539061539735 35.452812432909 35.4025003911234 35.1507807973177 34.6110938190529 33.915469169399 33.2157812121075 32.572187484112 32.0270310353532 31.4368748674576 30.5249995589995 -9999 -9999 -9999 -9999 -9999 -9999 -9999 -9999 -9999 -9999 -9999 -9999 -9999 -9999 -9999 -9999 -9999 -9999 -9999 -9999 -9999 -9999 -9999 -9999 -9999 -9999
39.7434369325224 40.0284373760361 40.3046875596185 40.3993752598763 40.4098432660555 40.3910933733715 40.2845307589812 40.1598438025986 39.9835935832719 39.8406246901724 39.7365631462171 39.534062981377 39.4221882225387 39.5215624572978 39.5379687548565 39.293280661024 39.3279691935283 39.1043752433464 38.9268749355441 38.2781251072607 37.668124496765 37.1379687187441 36.7023440597317 36.2462499735224 36.0484378928462 35.9575006362494 35.8906254766163 35.8629685040907 35.6692188972666 35.30078083221 34.8731250759534 34.2098441121316 32.9528127016399 31.696093619504 31.5704684551811 30.6414063278181 30.4012500048604 -9999 -9999 -9999 -9999 -9999 -9999 -9999 -9999 -9999 -9999 -9999 -9999 -9999 -9999 -9999 -9999 -9999 -9999 -9999 -9999 -9999 -9999 -9999 -9999 -9999 -9999
39.6450001598659 39.8306245807198 40.1123438480001 40.2862505914463 40.2821875215907 40.2282817365505 40.1332818271526 39.8951560261305 39.6384377481404 39.5887500049947 39.476875186202 39.3099997643571 39.1701564788964 39.328125178872 39.354062616952 39.3193752168997 39.2823445202059 39.0864062904295 38.9510935545954 38.2760941984357 37.7604684830178 37.3090625405296 37.0032806990351 36.7890626784148 36.6354681845327 36.4367182846777 36.2823436257692 36.2003123758495 35.9012501837842 35.5309372545435 35.0250006913496 34.1526554822119 33.3264068961074 31.5826566814481 31.581250249633 31.2437499450528 30.3146872516117 29.2481245993253 -9999 -9999 -9999 -9999 -9999 -9999 -9999 -9999 -9999 -9999 -9999 -9999 -9999 -9999 -9999 -9999 -9999 -9999 -9999 -9999 -9999 -9999 -9999 -9999 -9999
39.5639066100189 39.748125016488 39.8967194558219 40.088905990277 40.142030835247 40.0318748356345 39.898437798226 39.5914065840369 39.4003121258856 39.299999833351 39.1539064648672 39.0207818151321 38.9409368637808 39.1242191794272 39.2124999166572 39.2115627529601 39.1056248547385 39.2064065336243 38.8531244397773 38.1528125405235 37.7103118896835 37.371406376262 37.2226553557908 37.1617186067407 37.1023434993151 36.9092187281786 36.5509380696359 36.3451561331116 35.9818748828424 35.6860935684351 35.1899998185975 34.3499999043916 33.2842189670363 31.7528122661622 31.2025000764226 32.1531250177014 30.7215624449334 29.9540621635782 -9999 -9999 -9999 -9999 -9999 -9999 -9999 -9999 -9999 -9999 -9999 -9999 -9999 -9999 -9999 -9999 -9999 -9999 -9999 -9999 -9999 -9999 -9999 -9999 -9999
39.3474992518492 39.4623439317889 39.7007814652237 39.9084382656262 39.9026566745972 39.8187500240334 39.5890628101433 39.2454686165685 39.154687404923 38.9737498763265 38.8135939839003 38.6860941054938 38.5257810953282 38.6898434166101 38.6489065294264 38.783437550109 38.9576565626165 38.8554690485531 38.5799998643021 38.113125264672 37.7317186593561 37.4326562880337 37.420781254646 37.4667185543242 37.4431245326114 37.20687484726 36.8660935757058 36.6307810542071 36.2804684636764 35.9279689786697 35.4787499903629 34.7114064689824 33.4649999733633 31.3879686612233 30.1624999945139 30.6945310837206 29.5249998269469 29.9612500370745 -9999 -9999 -9999 -9999 -9999 -9999 -9999 -9999 -9999 -9999 -9999 -9999 -9999 -9999 -9999 -9999 -9999 -9999 -9999 -9999 -9999 -9999 -9999 -9999 -9999
38.8726563456532 38.9551562669205 39.1228128078496 39.5020312074402 39.6349995734521 39.5651557447717 39.3317188026696 39.0049999955379 38.7965627911602 38.5959373119571 38.471875369852 38.3162503842026 38.1254687312745 38.1123443251278 38.342343628427 38.5978127720565 38.6590626837779 38.4260933400861 38.3193755152055 38.0915619134979 37.7415620088865 37.5971879957575 37.5937501190516 37.6171879767659 37.5401559471394 37.3306248187534 37.0962494610497 36.9439057109564 36.5893748995852 36.0498439073707 35.4787505270051 34.8970308900493 33.6346870662129 29.8110937781511 29.0782812846592 30.916718750221 30.359218685669 29.6753126085153 -9999 -9999 -9999 -9999 -9999 -9999 -9999 -9999 -9999 -9999 -9999 -9999 -9999 -9999 -9999 -9999 -9999 -9999 -9999 -9999 -9999 -9999 -9999 -9999 -9999
38.305156231464 38.5235937242615 38.8078123335772 39.0712499622189 39.2346875671246 39.258124888424 38.9642187361431 38.4528124935656 38.260780692774 38.1857811216735 38.0587494972513 37.8421870474053 37.6421872976965 37.5465631488689 37.9381248955282 38.256406009523 38.2762500647661 38.0920307640668 37.9999997021068 37.9812507034285 37.794062554865 37.7120320201366 37.7057819962917 37.726875066733 37.5632814765211 37.2876562477027 37.0929691196614 36.9912495614791 36.6117186547905 35.9175005556665 35.1271877885817 33.8849999320015 32.3785940126896 29.2815623299214 28.4906251436108 30.8198440074686 29.843593866184 -9999 -9999 -9999 -9999 -9999 -9999 -9999 -9999 -9999 -9999 -9999 -9999 -9999 -9999 -9999 -9999 -9999 -9999 -9999 -9999 -9999 -9999 -9999 -9999 -9999 -9999
37.7018750314286 37.9273442034679 38.2049996261833 38.3531253345759 38.5362503536162 38.3248436461171 38.1298437723523 37.6057812577985 37.1789056073379 37.4456248291105 37.6153115038098 37.4015621546021 37.2165625694745 37.1926563980193 37.5842185021826 37.7900002603014 37.6982808714519 37.6560936572783 37.853281438457 37.8485936523682 37.7190622688259 37.6707814336042 37.6973437666614 37.7465630173608 37.5243746042643 37.1278123261248 36.8759378197176 36.7432805898104 36.4565628767933 35.8410938977916 34.7193748956566 33.1945310234729 30.527968497443 27.568749786599 28.6406251780151 30.5170311038829 29.4779686332993 -9999 -9999 -9999 -9999 -9999 -9999 -9999 -9999 -9999 -9999 -9999 -9999 -9999 -9999 -9999 -9999 -9999 -9999 -9999 -9999 -9999 -9999 -9999 -9999 -9999 -9999
37.2846876982406 37.3929686550692 37.6181249027895 37.6167188887675 37.7639064198596 37.5998430253616 37.1629692915115 36.2873439207059 35.5540619493118 36.9420309065803 37.1925003532142 37.027969003013 36.9606253506677 36.9953125718487 37.1576560146443 37.2476557497832 37.2246878746193 37.4281252027911 37.5739057067115 37.5167188647964 37.437500417476 37.4056250457685 37.3985942011049 37.4239062076821 37.2731250528068 36.9435938598627 36.5762506725598 36.3943750862215 36.1871869568701 35.7123440506216 33.1960940054169 32.1357811097261 29.6970312893801 26.4284375590366 26.8959377115371 28.1020309908689 29.1037501091134 -9999 -9999 -9999 -9999 -9999 -9999 -9999 -9999 -9999 -9999 -9999 -9999 -9999 -9999 -9999 -9999 -9999 -9999 -9999 -9999 -9999 -9999 -9999 -9999 -9999 -9999
36.7029685979899 36.8056249623566 36.9037500029867 36.9571876531589 37.0307816272926 37.3321877124668 36.77718788417 34.9889060265377 35.9576566212294 36.9082812072353 36.7668752673555 36.6417187455606 36.5110944514774 36.4487495427879 36.3959378009484 36.6153128152626 36.9279686810317 37.1679688098857 37.2176557781957 37.1267187002011 36.8871878391913 36.718906582032 36.7095311290157 36.7264065151639 36.7710938458163 36.6426564457947 36.1731252078498 35.7578126794419 35.2778126011264 35.1053125865875 34.4214056719486 32.5018747439149 29.0473437617261 27.5534371137184 28.4746874540259 29.6737498632232 29.1931258444424 -9999 -9999 -9999 -9999 -9999 -9999 -9999 -9999 -9999 -9999 -9999 -9999 -9999 -9999 -9999 -9999 -9999 -9999 -9999 -9999 -9999 -9999 -9999 -9999 -9999 -9999
35.7621870049456 36.0832810407857 36.2185938958934 36.1914066675067 36.337812781724 36.6692190176094 36.4726558333255 35.1282808187963 36.2049999836963 36.4393749838307 36.3010936385268 36.1360937957934 35.7081248170004 35.5918743021778 35.8889060022292 36.1453124881852 36.7512496116168 36.8703128697744 36.8385938409017 36.6149998908385 36.0410940054165 35.976875126843 35.8253131514192 35.9275001292332 36.1349999313517 36.1031250958337 35.6206256155473 34.7506255513715 33.6506252893173 33.8535937681276 33.892968596006 32.5448436747289 29.2340625539028 26.6826564651191 27.5924998810056 28.8739065235325 -9999 -9999 -9999 -9999 -9999 -9999 -9999 -9999 -9999 -9999 -9999 -9999 -9999 -9999 -9999 -9999 -9999 -9999 -9999 -9999 -9999 -9999 -9999 -9999 -9999 -9999 -9999
34.5987496982037 35.1645320066548 35.5951558952905 35.6818745737671 35.6750001317947 35.8362502463161 35.5079686055413 34.4448435910127 35.3945317277409 35.65421873404 35.4864062674022 35.4325003034174 34.8718746311991 34.9229682091109 35.5607818964518 35.9507806303151 36.4423437121056 36.4559376840159 36.4167184833399 36.063750327 35.8114060760118 35.5264065268017 35.184531629569 35.4160938862257 35.6620306375242 35.6470311882712 35.1504683497778 34.182031214518 33.2109377382889 31.8248438256999 31.5515624014182 31.3987499781518 29.0146874476417 28.6724999831768 29.2260936482424 28.5176565945394 -9999 -9999 -9999 -9999 -9999 -9999 -9999 -9999 -9999 -9999 -9999 -9999 -9999 -9999 -9999 -9999 -9999 -9999 -9999 -9999 -9999 -9999 -9999 -9999 -9999 -9999 -9999
33.3454681641537 34.2220314154173 34.727187336485 34.610000551968 34.191406072662 34.2926560653668 33.9012504828326 33.7292191389736 34.6307806977803 34.4156247982979 34.3931252959867 34.6987497807262 34.6081256266309 35.0276563761056 35.4895314574353 35.8598440291882 36.0973441603749 36.1775000098517 36.094843209049 35.8529682160946 35.5990628006525 35.1725000145636 34.86765611177 34.9829685690284 35.3024997715876 35.3442193868844 34.8318753246206 33.8728125097432 32.872031838322 31.6879690597956 31.8551562141051 32.3112500316154 30.2998436070548 29.407343654946 28.911562383628 28.7062496544654 -9999 -9999 -9999 -9999 -9999 -9999 -9999 -9999 -9999 -9999 -9999 -9999 -9999 -9999 -9999 -9999 -9999 -9999 -9999 -9999 -9999 -9999 -9999 -9999 -9999 -9999 -9999
32.4548442371198 33.334218442937 33.4770318875619 33.0279684079592 32.3773438050387 32.7134370219444 32.4790623496277 32.7950004648499 33.4349998841555 34.0003120896253 34.4010934230074 34.8107817170523 35.0075002906485 35.1992197632634 35.3859370352363 35.5678131582589 35.7368751171006 35.815624952574 35.7934376599582 35.6120309235954 35.2573431137179 34.9981244206606 34.9773439762718 35.0251564976628 34.8459370138794 34.8103124504698 34.265155673552 33.0754684816409 31.6054686917779 30.0445311383072 29.665625187177 30.7320309896156 30.7339059428335 29.3974998602247 28.4470306041678 -9999 -9999 -9999 -9999 -9999 -9999 -9999 -9999 -9999 -9999 -9999 -9999 -9999 -9999 -9999 -9999 -9999 -9999 -9999 -9999 -9999 -9999 -9999 -9999 -9999 -9999 -9999 -9999
30.9192184825698 32.1196877975043 31.9626565890658 31.4535937024157 31.1721873382594 32.2971879641703 32.4300000962612 31.7990624608632 33.0367184878438 34.1204689742176 34.5654689075638 34.8129683138395 35.0017191172451 35.1409377456937 35.1835929753648 35.2543748620067 35.3398435714349 35.4218748214548 35.4223438504319 35.21890652208 34.9210930470381 34.8498435620754 35.0707815889613 34.912343502642 34.8095311526346 34.6599999667484 33.9589059941942 32.3023440235677 29.5232814564718 28.3734373163848 28.4590624595259 29.9768750967191 28.8603124623802 28.3156246543905 -9999 -9999 -9999 -9999 -9999 -9999 -9999 -9999 -9999 -9999 -9999 -9999 -9999 -9999 -9999 -9999 -9999 -9999 -9999 -9999 -9999 -9999 -9999 -9999 -9999 -9999 -9999 -9999 -9999
28.7212502077075 29.7614061254824 30.129375309933 30.5723437369834 31.360624909401 32.1945315603395 32.4440623822581 31.6120314897027 32.6903120879762 33.819062531364 34.2551562788908 34.6109375359351 34.8610937596774 34.9735932947611 34.8910939695799 34.8676568272918 34.9826564791947 35.0928122999772 35.0454689863311 34.8771873715087 34.6089064480059 34.5165629983935 34.3910939104023 34.2200006251485 34.2062497740649 34.3660936954987 33.8656250246841 32.743437141099 29.1332810214951 26.4871877747959 27.5126561811033 29.7926563323848 28.3104686442416 -9999 -9999 -9999 -9999 -9999 -9999 -9999 -9999 -9999 -9999 -9999 -9999 -9999 -9999 -9999 -9999 -9999 -9999 -9999 -9999 -9999 -9999 -9999 -9999 -9999 -9999 -9999 -9999 -9999 -9999
27.2160940782403 27.6032809629133 28.3845314092332 -9999 30.8612505597767 31.15843791875 32.0954683429979 31.3304684463664 31.57187497718 33.1262495227371 33.7731252913229 34.3253120187365 34.5443752411757 34.6320312624281 34.4495312573397 34.5039064290628 34.6531255844103 34.7262497547577 34.6884376409591 34.6087499263339 34.50625109684 34.3660936951615 34.2178121804178 34.1803122162863 34.0040625333537 34.1789060834498 33.1649995451284 31.9481250353076 29.906874925127 27.5856252602579 28.157812566465 28.0528126075159 28.0100002288818 -9999 -9999 -9999 -9999 -9999 -9999 -9999 -9999 -9999 -9999 -9999 -9999 -9999 -9999 -9999 -9999 -9999 -9999 -9999 -9999 -9999 -9999 -9999 -9999 -9999 -9999 -9999 -9999 -9999 -9999
26.0268750491305 26.020312310341 -9999 -9999 28.4037503405323 29.4729687984037 31.4406253400772 29.8459372838156 30.464218676801 32.0748442420198 33.0948438054445 33.7750003343042 34.071875155338 34.1581256988006 34.1823433639924 34.1931245925414 34.2040621046423 34.219531119333 34.2440623048993 34.2979689838925 34.3201567532396 34.404999673308 34.3860941527656 34.2670319675001 34.0434371828667 33.7992188336975 33.0431255098995 31.5604684947625 29.9715624746366 28.6290626815691 27.798750072381 27.0918747485533 -9999 -9999 -9999 -9999 -9999 -9999 -9999 -9999 -9999 -9999 -9999 -9999 -9999 -9999 -9999 -9999 -9999 -9999 -9999 -9999 -9999 -9999 -9999 -9999 -9999 -9999 -9999 -9999 -9999 -9999 -9999
-9999 -9999 -9999 26.8600006103516 26.937187316837 28.1090630300642 25.4534376865908 27.9404688789537 29.4921877995862 30.8346875916455 32.146562547252 32.9856252975083 33.5081247097715 33.7143746022992 33.8223435285692 33.8167189362387 33.6293754581606 33.5051562790882 33.6768747572917 33.8601558211873 34.0484377745418 34.3559378388711 34.6139063241425 34.0884372597211 33.4696872839074 33.1424994482669 31.5626561078414 29.4153123834994 29.3095314815295 28.3096878242261 27.2059377134269 26.483124494608 -9999 -9999 -9999 -9999 -9999 -9999 -9999 -9999 -9999 -9999 -9999 -9999 -9999 -9999 -9999 -9999 -9999 -9999 -9999 -9999 -9999 -9999 -9999 -9999 -9999 -9999 -9999 -9999 -9999 -9999 -9999
-9999 -9999 -9999 23.8418750762939 24.5943749257392 24.581718564283 24.5603127487193 27.0412502288819 27.8806251594912 29.4945309768553 31.2545315331524 32.1624999648396 32.6395306594298 33.0398432022273 33.3653120998685 33.3695312146599 33.1165630225368 32.9853132370437 33.1209372285884 33.2985937004639 33.4320314532531 33.7367184168593 33.9379689105574 33.2310934670901 32.4646872586991 31.648125291796 28.1192186495567 25.5457813462916 27.1017190535745 27.0553124554818 26.7671875662038 -9999 -9999 -9999 -9999 -9999 -9999 -9999 -9999 -9999 -9999 -9999 -9999 -9999 -9999 -9999 -9999 -9999 -9999 -9999 -9999 -9999 -9999 -9999 -9999 -9999 -9999 -9999 -9999 -9999 -9999 -9999 -9999
