2050_A2_MR/TMAX.asc
NCOLS 720 
NROWS 360 
XLLCORNER -180 
YLLCORNER -90 
CELLSIZE 0.5 
NODATA_value -9999 
[rows 112 to 139 of 360, columns 126 to 188 of 720]
36.5121876040993 40.5724996927949 41.3810937965863 42.9256243715282 43.8235937353204 43.5470313446823 42.5076564556744 41.3648440809605 41.6378129097098 42.1548437459911 40.6515629848648 38.417969344595 35.9434380498733 34.568593679337 30.0196876185663 28.030781262363 29.9068748638162 29.9246875959476 30.2743752297521 33.1356253586207 36.0253122448735 34.5478120418166 32.6387501107013 34.0567190380267 36.6510940789485 36.9707808492205 35.6139064428704 35.3012501001317 35.5926567911761 35.7993748185172 36.1053130624058 36.5309381474195 37.6107818477158 38.687499761272 38.9826561807379 38.8204689030428 38.9203125243845 38.5321877602332 38.1535941362928 37.6754691003938 37.2821873424642 36.9282816650371 37.0887501240684 37.3512498735928 37.4409373996764 37.3832806347264 37.1735938187174 37.2260935903431 37.1345308421505 36.9896876215048 36.9024993778142 36.854687034929 36.713906705201 36.6712501049083 36.1176567678666 36.0426568392312 36.0240628721991 35.9621873496416 35.5789065949301 35.0993753666323 34.705155908656 34.499374865879 34.0360940697419
34.7510936855395 40.5678128000637 43.581874726844 43.25890600513 43.6023440369618 42.6240621212459 42.6248435965217 43.1217192401036 43.2071877114946 42.7764063480079 42.9165629733638 40.680156227407 38.0964062795172 37.3909372044497 34.3945319002539 33.8034375846183 32.0453129378523 30.7806252800699 30.6704688364742 35.5454689249052 35.1154686828752 36.4743750081038 29.8421870783532 31.7973437327784 36.1935934435137 37.1095315217282 35.8332816360044 35.6120312207114 35.9034373753738 36.2662497751454 36.3654687401534 37.2692185038843 38.0223439333919 38.6884376409737 38.7674993878572 38.3648434882862 38.4145314103097 38.0826568609826 38.2178124783467 37.610312700496 37.46453142144 37.0164067145343 37.0873435734828 37.4440618155802 37.7348434920498 37.5351557133781 37.5148441192225 37.3170310256034 37.2681250570805 37.2414063210613 36.9728124139284 36.9629683493734 36.8282816409334 36.5142182115147 36.0187503096642 35.7651565673695 35.7639061215597 36.0831247567019 36.1924998158453 35.442968845144 34.9217190741782 34.4234372385116 33.9076555967547
33.7167182281103 37.3214058934497 42.5551567117482 44.2412501579233 43.6720315220098 43.0607820167566 43.037343444516 43.0884372014683 42.5617190624474 41.81312507543 42.852343501342 41.0781250003903 38.1654681593053 36.4559375649338 37.5557809491838 37.8112504482639 35.2862500518574 33.4150001367389 33.5278122971389 35.9990620013415 36.1801561706799 37.2207808495544 30.8709375183596 31.817343530353 35.4446875469123 37.1101553432893 36.6459372626241 36.3103126279469 36.8185935610957 37.1260930891008 37.0501563544019 37.2025002833606 37.5378128294881 38.0239067089706 37.9951559314549 37.8287497168448 37.9756246218718 38.0506250865045 37.8482807274267 37.8356242772507 37.7934380767326 37.5360940688368 37.4342189429804 37.3901557922024 37.6751566534071 37.6854684950822 37.7587499020471 37.6429693098574 37.6210941074399 37.5653122065541 37.3432818053047 36.9246871470686 36.6785936356834 36.5135939714468 36.2499997016522 35.7685939668797 35.5684369202833 36.0231251717271 36.0714060071366 35.42125016425 34.8303129068144 34.4679684629085 34.3793749208042
31.5407811734519 32.8954688349071 37.7251569396551 42.7356250313368 42.8123434798705 41.7539064302418 40.9087502386174 41.3760938663136 40.989062667834 40.8170315033848 40.7106253534807 40.3215634239448 38.321093138731 36.5384374849548 36.9393744462457 37.3340623984866 37.1171874393642 36.7070311871163 37.102030870446 36.9407803995335 36.9521869410529 37.1321873069773 35.1764061137283 35.6910939456734 33.8471872825389 37.54187548138 37.5960935346842 37.3012508140221 37.14531201108 37.2995313406985 37.2451563478264 37.2526561620322 37.3475004434052 37.0390623221352 37.1748439678209 37.2123435743564 37.2574998146485 37.2860937724571 38.0489063858955 38.015155970998 37.8201560975935 37.8525003194317 37.5968743560525 37.3967184424595 37.3376560809821 37.7290620800984 37.9106248019814 37.9720314738193 37.8418751356034 37.6904687284593 37.5204690693036 37.1553125973191 36.576875329116 36.5412493350336 36.2828125956196 35.8323434590709 35.830937027716 35.9298436643077 35.8707814217772 35.6073437927667 35.2976563571459 35.0956254001578 34.9053122990949
29.4250525834832 31.5691146268917 33.2290623498788 39.3692182351705 40.8937497154933 40.4362496147193 39.6626557123063 39.6832811849151 40.2884371296401 40.3034369373803 38.740156532638 37.127187253671 35.9403126854418 36.4175001995199 36.1317193501612 35.0840623645539 36.4187506450926 37.6679682116404 38.4890625463111 38.3648437242362 37.9828123434221 37.71656250771 36.1950000505169 37.1048436186591 35.4668750155887 37.2889060386493 38.722031533668 38.5275000323803 37.720625220285 37.4037502999205 37.1439064741288 37.0032814739692 37.1956244704407 37.65781182001 37.561093627131 37.4912496201944 37.2029685372848 37.3131256108262 37.6253123285902 37.8578126431923 37.670781314282 37.7528125646164 37.6037499907906 37.3384371401005 37.3753122089882 37.6729685666478 37.8754694464247 38.0723434095248 37.8612499835725 37.4604689483671 37.3317186241138 37.0035941609483 36.4979689719185 36.5809373853647 36.1443749065831 35.9812497493741 35.7534376979345 35.8420314193826 35.6890619994662 35.4190620785371 35.2926560640611 35.2710941430807 35.1004686353146
30.4439578052267 31.3853643526222 31.9873431637302 35.580781284331 39.0775004640508 -9999 39.0293754341708 38.7204686407551 39.4287499788444 39.3734372850211 38.3974998587778 36.6017192597371 35.3454684609532 35.9407804602436 36.5971877571308 37.8009375901846 35.9078128931437 39.2143748984108 39.2784373756733 39.3764063117041 39.1560935368552 37.8829687252345 37.186874687443 35.8396876460212 35.8681250812869 36.4948441395113 38.3620313414329 38.7989057902573 38.5896870489377 37.8649999494136 36.9653123024861 36.8246873026454 37.1899996998743 37.4482812294946 37.5081255449824 37.4509372719245 37.3206250670226 37.121406495515 37.3651562932307 37.6046877507498 37.6862501502609 37.5432821514355 37.410625219439 37.2142188550624 37.4001555443678 37.5332809091359 37.5787497166861 37.5745314961927 37.4032812125889 37.0517187122643 36.8878132109793 36.4190632108936 36.3821871281303 36.5453128221366 36.3918753861319 36.1415623425805 35.7567191123421 35.655468762222 35.4931246641115 34.9460938577813 35.0259379154015 35.265937507473 35.1735937000168
-9999 32.5033334096273 32.4487504022994 33.0679687554686 37.7298439752287 -9999 -9999 39.0750007629395 39.4587498309917 39.688905894906 39.9554688937773 38.746562957008 37.0796871775014 36.8429691775209 37.0851564992916 38.6348440673371 37.3890622857757 38.4498439483753 38.1039070503511 39.0831245196737 39.1964065440767 37.4315621857702 35.5576553942922 35.2674999236246 36.1865626570568 33.9079694148914 35.2523437165929 36.6900005979765 36.8776559865225 36.8546878706589 37.0051562787762 36.6873441931663 36.985156118608 36.9659375551276 36.9895312786459 36.9065628656502 37.2053127300734 36.7548439498775 37.0204684734925 37.4118751888151 37.3848438266779 37.4134372474372 37.2106255896312 37.011406839781 36.8439061646816 37.0070306067943 37.1565620311729 37.0323437462144 36.8707808862533 36.5834372650024 36.3684380062927 36.083437204913 36.3023439054294 36.3351566201955 36.0081254847271 35.5506246694577 35.3364065898733 35.072500468494 34.948593736751 34.7732809789229 34.5629689107273 34.8334376820231 35.1115623719771
-9999 -9999 35.1778121573399 35.0221875272484 36.8799991619252 -9999 -9999 -9999 38.7790621531142 38.4368745114228 37.9042191542658 38.1634374877132 37.5296874638937 37.7359373566419 38.2734380349113 38.3873439410367 36.1862497948319 34.5976569683625 36.6470310703151 37.793593169778 37.7620309018144 36.8240622290382 35.6087504026022 35.3157807588344 35.519062759238 34.5581250775643 34.1128123999841 34.678593635615 35.0073435907708 36.5706253046839 37.2057813996031 37.1073439711104 36.987500012177 36.4423442491393 36.1462490576551 35.9184376014102 36.1670306931625 36.5378119358118 37.0335941313833 37.1240628959354 37.2400002478862 37.3262498975085 36.552031160093 36.2585933811982 36.2814067013195 36.2659378658638 36.0287494675318 35.9143743529446 35.801562429761 35.5367187869976 35.467499734081 35.5242187983453 35.7534378774351 35.6385944494313 35.3556248552435 34.6871870766292 34.7293758392334 34.52312541008 34.10250055868 34.3490622641668 34.1087498664856 34.4537491798401 34.4074996717873
-9999 -9999 35.8109386564133 36.3560929291718 36.2457809447908 37.0848428032814 37.2650003433228 -9999 39.2637490627716 38.4110935912656 37.3810933794656 37.8437504751132 38.6690623737082 39.2685936672716 39.8220314962101 40.4956244812241 35.6412493540419 32.2240618771986 33.574531080597 35.10500061858 34.942031239268 35.2087501891944 35.731093585626 35.9940627226521 38.0196867569667 37.8626566492432 36.4651563161964 36.7037493575426 37.0432812569447 37.3760936882971 37.9440624124889 37.8667187682835 37.2046873559003 36.3351561416844 35.7910941226145 36.114531336786 36.2475000011795 36.6773436658568 37.1914067267753 37.0095311404481 36.8942190415856 36.6378129132856 35.7929691679109 35.1662499320268 35.1029689327811 35.0068746814967 34.7993750572205 34.6362495422363 34.5428121693669 34.4317175752708 34.4871874459527 34.7768746025873 35.0371876368295 34.9879685649431 34.6730208009249 34.1827079854518 -9999 -9999 -9999 -9999 -9999 -9999 -9999
-9999 -9999 -9999 36.6649990081787 36.934843121505 35.8501560096799 37.0062497859819 37.8199994562114 39.1221876146372 39.0753124355683 39.5935932383706 39.7510938024391 40.2712498891779 40.155000447976 40.9339056604474 41.0871871115052 37.2992184172369 32.0173436699142 32.2339061505048 33.0640629837508 32.5860940817327 34.1985942436731 36.2439069139462 36.5771874763627 37.6512495898794 37.146875565505 38.0340633364062 37.7354683864856 35.9965621555679 34.3465631046904 36.4309374715697 38.0228124265416 38.0742183915414 37.4817185983462 37.3731242997174 37.3787503229459 37.2942183007156 37.2417187089457 37.1693750620981 36.8356252911257 36.2984374767309 35.8493752488377 35.1085937031167 34.4087495808528 34.0871870523863 34.5549993515015 -9999 -9999 34.1874990463257 34.1199989318848 34.1224994659424 34.163281560524 34.1929691442842 34.166250408562 34.1320832572391 33.2527077994754 -9999 -9999 -9999 -9999 -9999 -9999 -9999
-9999 -9999 -9999 -9999 -9999 37.2898442738636 36.1628126514497 37.3074989919539 38.7137498855591 39.0887498855591 39.931406438592 39.8090630185699 39.6382815264663 40.0268749599697 40.8874996902537 38.9970317503738 35.6582812096644 32.3517183073825 33.1789062029292 32.8296874164788 32.231405882423 33.8064059024733 36.6371876605987 36.6601561309553 36.5396878146608 35.0921872251098 35.7315623181322 37.5043751629755 35.5870306793176 33.3909377156295 35.6371871211238 37.8431252237621 38.7996871462459 38.6149998895116 38.3981248128986 38.2649998059157 37.9615625135559 37.609062492486 37.0053123238873 36.283905745533 35.2256249799236 34.6256253729629 34.5089577833811 -9999 -9999 -9999 -9999 -9999 -9999 -9999 -9999 -9999 -9999 -9999 -9999 -9999 -9999 -9999 -9999 -9999 -9999 -9999 -9999
-9999 -9999 -9999 34.1400012969971 -9999 37.6043748856921 36.794218239568 36.4089065804856 38.0109375726318 -9999 39.7223432662188 38.6606253398239 38.3224999314067 39.4859374172165 40.8598434327653 38.2198434468043 35.2195308192154 32.5092184233808 31.1164062061378 31.8626560292317 33.029219388848 34.2653123720886 36.1168748739001 36.6812504527857 35.5787506696943 35.4292187690564 35.20750033797 34.9721878193113 34.4301557562464 33.4448441267245 36.9285938733722 38.7576563938203 39.2009372115438 39.453593253101 39.2578124992847 39.085312127267 38.3792182205606 37.6076563004316 36.7685934307115 35.2639061820727 34.0223431003253 34.0500007869909 -9999 -9999 -9999 -9999 -9999 -9999 -9999 -9999 -9999 -9999 -9999 -9999 -9999 -9999 -9999 -9999 -9999 -9999 -9999 -9999 -9999
-9999 -9999 -9999 -9999 35.3046866070422 36.3823441879397 37.4670310622877 37.1220313909314 37.7657812250919 -9999 -9999 38.3400001525879 38.4432805178449 39.3929684742031 40.7223437424342 39.9732821554945 38.5907808509869 34.5126560315502 30.7507813544845 30.885781138491 32.907968579811 34.9985942245545 35.3181243544326 36.1145310404762 35.8668747545213 35.3381258849632 34.6956251276085 35.037812592274 33.7759371706046 33.5073442456181 35.7975001327464 39.7818745971611 39.8995316617393 39.5273433331706 39.6164058446673 39.1260939242959 37.9445313817726 37.3829685448364 36.3475000268734 34.5793756845468 -9999 -9999 -9999 -9999 -9999 -9999 -9999 -9999 -9999 -9999 -9999 -9999 -9999 -9999 -9999 -9999 -9999 -9999 -9999 -9999 -9999 -9999 -9999
-9999 -9999 -9999 -9999 34.8771868346176 35.6576556562585 36.3692190068202 37.6301555023986 37.5454685083536 38.1418750887646 -9999 -9999 39.6596864460795 40.0740627051945 40.5728130943946 41.1751562359968 39.7696875340868 35.8462494598057 34.3765622625803 31.2448436318574 32.5385932641344 34.4843750606038 34.7106249339972 35.7334379559112 36.106874882569 34.6654689918129 34.0707814694384 34.4734371895924 33.7004687481568 34.0351566663949 36.4837499253881 39.4078122980564 39.5240620985994 39.5287504192114 39.663281381051 39.0267193317042 37.7457814810503 37.4753118156644 35.9017184975842 34.4064048529524 -9999 -9999 -9999 -9999 -9999 -9999 -9999 -9999 -9999 -9999 -9999 -9999 -9999 -9999 -9999 -9999 -9999 -9999 -9999 -9999 -9999 -9999 -9999
-9999 -9999 -9999 -9999 -9999 -9999 36.2625013987223 37.3073432249937 36.4856254452541 36.0479688659113 38.0041673796037 38.3441672326469 -9999 -9999 39.5012500286102 39.9489065411139 40.790312946077 40.1631246813719 37.1989060091243 31.790937660421 30.9246875353334 32.2910930561871 33.2592183664164 35.1956251274669 36.0925003891268 36.2199995509443 35.5068748581279 34.8168753374453 34.661874828797 35.5478129388123 36.0053122378328 36.2110939939017 37.4126568447263 38.6431250589661 39.7750000955957 39.0348439808066 38.1029687515804 37.3857807517122 35.7192190884432 33.5353130102818 -9999 -9999 -9999 -9999 -9999 -9999 -9999 -9999 -9999 -9999 -9999 -9999 -9999 -9999 -9999 -9999 -9999 -9999 -9999 -9999 -9999 -9999 -9999
-9999 -9999 -9999 -9999 -9999 -9999 -9999 -9999 36.8521872160881 36.4360939837402 36.580104292822 37.5046347384315 -9999 -9999 -9999 39.7224996091613 40.0984374893196 39.4712497598205 37.2242187214189 33.2464063749605 29.3431253161292 28.7323436765456 32.2921874231153 33.9782813206326 35.5145311958918 36.6390621661481 36.7631248220961 36.2643748502029 35.7774996156906 34.6918751614423 34.4457811411809 34.9960937208838 35.6084380177667 36.5267190960904 38.1432809266156 39.577187179822 38.7967188947591 37.3792179226945 35.7857813238788 33.9646874656406 -9999 -9999 -9999 -9999 -9999 -9999 -9999 -9999 -9999 -9999 -9999 -9999 -9999 -9999 -9999 -9999 -9999 -9999 -9999 -9999 -9999 -9999 -9999
-9999 -9999 -9999 -9999 -9999 -9999 -9999 -9999 -9999 37.1721876865704 36.93468731575 36.9987494365505 -9999 -9999 -9999 39.3276561507521 39.2804685840687 39.7443745752518 38.4742183682083 35.3828127962872 29.5407814947812 28.2357813107879 31.0451563619717 34.2724995019085 35.2348442655077 36.2243751874019 36.8526563053057 37.6804693341465 36.9756248601263 36.11593735408 35.2845310561146 34.8682815435887 33.5095312962902 36.0609375596177 38.8046874394566 39.5284375553565 38.3289062974993 37.2887504696886 36.0540623066119 34.755155562927 -9999 -9999 -9999 -9999 -9999 -9999 -9999 -9999 -9999 -9999 -9999 -9999 -9999 -9999 -9999 -9999 -9999 -9999 -9999 -9999 -9999 -9999 -9999
-9999 -9999 -9999 -9999 -9999 -9999 -9999 -9999 -9999 36.03437471527 36.3942188042649 35.9590628153191 36.4899997711182 -9999 -9999 -9999 38.760155439521 38.4825000173496 38.517812490692 37.8268750871465 34.3192185689847 28.1893749846073 29.0234378298204 32.381562266582 34.9259373868789 37.4356250150665 36.9271877401763 36.1982809932471 35.6556245108664 35.4990625375603 34.9095315948829 35.0037499063963 30.6839063456178 30.3229687276018 38.4057819861122 39.1632812621765 38.4685937761137 37.2737495899479 36.2425000070213 34.956248998642 -9999 -9999 -9999 -9999 -9999 -9999 -9999 -9999 -9999 -9999 -9999 -9999 -9999 -9999 -9999 -9999 -9999 -9999 -9999 -9999 -9999 -9999 -9999
-9999 -9999 -9999 -9999 -9999 -9999 -9999 -9999 -9999 34.533332824707 33.9414066096232 35.0279685852898 35.9545309535662 -9999 -9999 -9999 -9999 38.1199989318848 38.152500153088 38.659687460594 37.6724997450721 31.6884374322114 27.1003126506463 29.3573438857921 33.0709371302584 35.3200002369534 35.2828127779141 35.3985940833872 35.0507813100124 34.6092192532031 35.2470315714405 35.643125448298 33.24453073676 29.7968748794214 34.2864064618525 38.1624994290773 37.304374755175 37.0592187053246 36.4229681494501 -9999 -9999 -9999 -9999 -9999 -9999 -9999 -9999 -9999 -9999 -9999 -9999 -9999 -9999 -9999 -9999 -9999 -9999 -9999 -9999 -9999 -9999 -9999 -9999
-9999 -9999 -9999 -9999 -9999 -9999 -9999 -9999 -9999 -9999 32.9987506866455 35.338280856155 36.0456249916263 36.3493746121724 37.0749988555908 -9999 -9999 -9999 37.8525006176388 37.7545313246988 37.694062472354 33.5901567894174 28.160624561013 26.9582812802151 30.5045309683263 32.3584373599132 31.9289064738963 33.5789059717204 34.2046872391196 34.2946875100615 34.1290623549706 33.4943747231413 33.3729688528873 31.7042186531625 32.0612498822641 37.3843750361271 37.6479693040451 36.7446876764713 36.1015620830586 -9999 -9999 -9999 -9999 -9999 -9999 -9999 -9999 -9999 -9999 -9999 -9999 -9999 -9999 -9999 -9999 -9999 -9999 -9999 -9999 -9999 -9999 -9999 -9999
-9999 -9999 -9999 -9999 -9999 -9999 -9999 -9999 -9999 -9999 -9999 -9999 36.0371879339949 35.092656255526 35.5329687423841 -9999 -9999 -9999 -9999 -9999 36.9590630553735 35.6189064384405 30.6828126889033 26.799218472544 28.1189061730014 31.2239062525449 31.153125048312 33.04265645347 32.7898437687003 32.746250003355 32.4453120531726 32.6089060615033 32.6443747881433 32.4343752548577 29.3067189710866 34.8131253741418 37.3978120695983 36.1767190719475 35.2140629898901 -9999 -9999 -9999 -9999 -9999 -9999 -9999 -9999 -9999 -9999 -9999 -9999 -9999 -9999 -9999 -9999 -9999 -9999 -9999 -9999 -9999 -9999 -9999 -9999
-9999 -9999 -9999 -9999 -9999 -9999 -9999 -9999 -9999 -9999 -9999 -9999 -9999 34.7035937905932 34.2440630296873 36.1456259891221 -9999 -9999 -9999 -9999 35.7318757179829 34.8689059033962 33.5703123467441 30.8440620846823 28.7334376233965 29.4323436022189 30.0318748670243 31.1746875961013 32.4237496852402 33.2604692569711 32.2662497462537 31.9489065114123 32.9270310690646 34.1753123678402 32.3343753197085 33.6374997499286 36.582187802181 33.5906249612534 33.8235942137947 -9999 -9999 -9999 -9999 -9999 -9999 -9999 -9999 -9999 -9999 -9999 -9999 -9999 -9999 -9999 -9999 -9999 -9999 -9999 -9999 -9999 -9999 -9999 -9999
-9999 -9999 -9999 -9999 -9999 -9999 -9999 -9999 -9999 -9999 -9999 -9999 -9999 -9999 34.2799987792969 -9999 -9999 -9999 -9999 -9999 -9999 34.8800010681152 34.7281252142305 32.8474995479216 30.8443755199847 31.2634375971991 30.6354687183617 30.1573438626284 31.1812498571731 31.8529686940512 31.6856250473138 32.2476565547262 33.2303122878724 35.3767185792919 35.0007809395513 35.671562076742 36.8398438109313 34.3934379811826 32.9995830056298 -9999 -9999 -9999 -9999 -9999 -9999 -9999 -9999 -9999 -9999 -9999 -9999 -9999 -9999 -9999 -9999 -9999 -9999 -9999 -9999 -9999 -9999 -9999 -9999
-9999 -9999 -9999 -9999 -9999 -9999 -9999 -9999 -9999 -9999 -9999 -9999 -9999 -9999 -9999 -9999 -9999 -9999 -9999 -9999 -9999 -9999 34.8842186927982 34.2692185625214 32.5000003253175 33.1018753328703 31.8837495748311 32.1664064800609 31.6171881247124 31.5956248633714 31.0157815223791 31.1995314374198 32.5262497677589 35.8806253675375 35.2534382343037 35.3125002976504 36.0382810238566 34.8448433870807 33.325000126874 -9999 -9999 -9999 -9999 -9999 -9999 -9999 -9999 -9999 -9999 -9999 -9999 -9999 -9999 -9999 -9999 -9999 -9999 -9999 -9999 -9999 -9999 -9999 -9999
-9999 -9999 -9999 -9999 -9999 -9999 -9999 -9999 -9999 -9999 -9999 -9999 -9999 -9999 -9999 -9999 -9999 -9999 -9999 -9999 -9999 -9999 35.0793752668473 34.9582812195907 34.6878125085409 34.1571874335918 33.5370309938494 32.1823434218363 33.6735937908478 32.3779689060335 30.8999998565455 30.419999420169 32.0367187873029 33.7462506297932 35.2907812596258 35.6118749410346 36.7524997592403 35.3129687307669 33.9258862132217 33.6222925185779 -9999 -9999 -9999 -9999 -9999 -9999 -9999 -9999 -9999 -9999 -9999 -9999 -9999 -9999 -9999 -9999 35.1295836766561 34.9720836480459 34.4762496948242 34.0062494277954 -9999 -9999 -9999
-9999 -9999 -9999 -9999 -9999 -9999 -9999 -9999 -9999 -9999 -9999 -9999 -9999 -9999 -9999 -9999 -9999 -9999 -9999 -9999 -9999 -9999 -9999 35.036719023434 34.1192183492565 35.2634380719378 34.6353119003209 33.9162496605511 33.5681250380535 33.1274998781642 31.8918748481316 30.1771876225723 31.5787505501647 31.8693750536121 33.6810940238709 33.9459377531789 36.0695310248827 35.667812644855 34.1982289552578 33.8613540528922 -9999 -9999 -9999 -9999 -9999 -9999 -9999 -9999 -9999 -9999 -9999 -9999 -9999 33.8549995422363 33.5468757152558 35.09375 35.7388030476589 35.5320828744026 34.6839057798826 34.0123439431063 33.8014581997994 -9999 -9999
-9999 -9999 -9999 -9999 -9999 -9999 -9999 -9999 -9999 -9999 -9999 -9999 -9999 -9999 -9999 -9999 -9999 -9999 -9999 -9999 -9999 -9999 34.1859384780055 34.5023436578384 33.4068748698473 33.6590618818301 34.852343917779 33.943437696012 33.1079683592665 32.1193749577446 33.5960942508008 32.2348436683675 31.7245311133791 30.6173441098444 31.8206248289351 31.0556252911757 30.7251562220973 33.8235932948095 35.0268750793565 34.3045309777964 -9999 -9999 -9999 -9999 -9999 -9999 -9999 -9999 -9999 -9999 -9999 -9999 35.4306253189545 35.6237506241051 36.2503130408009 36.9590628134864 37.0431247944688 36.1412500738513 35.0056244729819 34.0867188571295 33.811562657444 -9999 -9999
-9999 -9999 -9999 -9999 -9999 -9999 -9999 -9999 -9999 -9999 -9999 -9999 -9999 -9999 -9999 -9999 -9999 -9999 -9999 -9999 -9999 -9999 34.2637511486355 34.3131251307084 32.627344188148 32.6053126149153 32.2568749532408 32.4195316162423 32.763437451564 33.5776565073763 33.6307812033148 32.8123434799524 31.1400002558491 29.2185938400893 29.3254683361569 29.4801564234362 27.4157812919308 28.0574997125725 32.8682811894286 34.5618751643805 34.97624981331 -9999 -9999 -9999 -9999 -9999 -9999 -9999 -9999 -9999 -9999 -9999 36.5275007484009 37.5390627969788 37.9959377638102 37.489687621716 37.1701560022713 36.1459376812467 35.083594083737 34.1895312666345 -9999 -9999 -9999
