2050_A2_MR/TMEAN.asc
NCOLS 720 
NROWS 360 
XLLCORNER -180 
YLLCORNER -90 
CELLSIZE 0.5 
NODATA_value -9999 
[rows 28 to 55 of 360, columns 441 to 503 of 720]
-9999 -9999 -9999 -9999 -9999 -9999 -9999 -9999 -9999 -9999 -9999 -9999 -9999 -9999 -9999 -9999 -9999 -9999 -9999 -9999 -9999 -9999 -9999 -9999 -9999 -9999 -9999 -9999 -9999 -9999 -9999 -9999 -9999 -9999 -9999 -8.47473958670903 -8.86639972163738 -9.18029947769556 -9.41492838748624 -10.1336002851461 -10.5128581191039 -10.7642383167973 -10.8280078338033 -10.5266862224282 -10.0656510401686 -9.28558591296032 -9.05824217435327 -8.51955727875367 -7.91705731515442 -8.00239586760289 -7.28848959086461 -6.91875006258488 -9999 -9999 -9999 -9999 -9999 -9999 -9999 -9999 -9999 -9999 -9999
-9999 -9999 -9999 -9999 -9999 -9999 -9999 -9999 -9999 -9999 -9999 -9999 -9999 -9999 -9999 -9999 -9999 -9999 -9999 -9999 -9999 -9999 -9999 -9999 -9999 -9999 -9999 -9999 -9999 -9999 -6.16000004609426 -6.49401036975905 -7.2563020671563 -8.42098962794991 -9.06569662073211 -9.24302082470259 -10.1082356660181 -10.2539127945202 -9.40467449584625 -9.32113936016368 -8.62985028434072 -8.03832030834082 -8.32738282408513 -8.46135417848322 -8.26135424252907 -7.65624998509883 -9999 -9999 -9999 -9999 -9999 -9999 -9999 -9999 -9999 -9999 -9999 -9999 -9999 -9999 -9999 -9999 -9999
-9999 -9999 -9999 -9999 -9999 -9999 -9999 -9999 -9999 -9999 -9999 -9999 -9999 -9999 -9999 -9999 -9999 -9999 -9999 -9999 -9999 -9999 -9999 -9999 -9999 -9999 -9999 -9999 -9999 -9999 -6.0781423551574 -6.69418622548918 -7.6893228638257 -9.09261067132454 -9.730266940197 -9.29660156062619 -8.31728512811132 -7.70022789053054 -7.53723961592118 -7.18458328287427 -9999 -9999 -9999 -9999 -9999 -9999 -9999 -9999 -9999 -9999 -9999 -9999 -9999 -9999 -9999 -9999 -9999 -9999 -9999 -9999 -9999 -9999 -9999
-9999 -9999 -9999 -9999 -9999 -9999 -9999 -9999 -9999 -9999 -9999 -9999 -9999 -9999 -9999 -9999 -9999 -9999 -9999 -9999 -9999 -9999 -9999 -9999 -9999 -9999 -9999 -9999 -5.49874995928258 -5.61080509721402 -6.10285591192886 -6.99188152456387 -7.80162758877543 -7.70819662965374 -7.18329429732839 -6.39132812883913 -6.78462891417964 -6.50770839862527 -6.77989591658113 -9999 -9999 -9999 -9999 -9999 -9999 -9999 -9999 -9999 -9999 -9999 -9999 -9999 -9999 -9999 -9999 -9999 -9999 -9999 -9999 -9999 -9999 -9999 -9999
-9999 -9999 -9999 -9999 -9999 -9999 -9999 -9999 -9999 -9999 -9999 -9999 -9999 -9999 -9999 -9999 -9999 -9999 -9999 -9999 -9999 -9999 -9999 -9999 -9999 -9999 -4.11666663736105 -4.87056639846023 -5.15203124104631 -5.69822265171294 -6.47236328314447 -6.80561853057328 -6.70722008144919 -6.1655468565848 -5.64051436898016 -9999 -9999 -9999 -9999 -9999 -9999 -9999 -9999 -9999 -9999 -9999 -9999 -9999 -9999 -9999 -9999 -9999 -9999 -9999 -9999 -9999 -9999 -9999 -9999 -6.55119787373891 -6.71572917684292 -9999 -9999
-9999 -9999 -9999 -9999 -9999 -9999 -9999 -9999 -9999 -9999 -9999 -9999 -9999 -9999 -9999 -9999 -9999 -9999 -9999 -9999 -9999 -9999 -9999 -9999 -9999 -3.41515621636064 -4.38945312390572 -5.26775391994335 -5.85316405167924 -6.50755858120557 -5.99035158688742 -5.65376305697338 -5.04430989955293 -5.39031250790382 -9999 -9999 -9999 -9999 -9999 -9999 -9999 -9999 -9999 -9999 -9999 -9999 -9999 -9999 -9999 -9999 -9999 -9999 -9999 -9999 -9999 -9999 -9999 -9999 -6.38833324114482 -6.51973307218416 -6.69106118651237 -6.8630468805241 -9999
-9999 -9999 -9999 -9999 -9999 -9999 -9999 -9999 -9999 -9999 -9999 -9999 -9999 -9999 -9999 -9999 -9999 -9999 -9999 -9999 -9999 -9999 -9999 -9999 -3.21714844393286 -3.90889320065933 -4.33434243998641 -4.7127474159757 -5.30864585361405 -4.97647137275672 -4.74264327273884 -4.3906250076058 -9999 -9999 -9999 -9999 -9999 -9999 -9999 -9999 -9999 -9999 -9999 -9999 -9999 -9999 -9999 -9999 -9999 -9999 -9999 -9999 -9999 -9999 -9999 -9999 -9999 -6.10005210471473 -6.27643880152575 -6.4590625611273 -6.64560547276402 -6.82370443778273 -7.00173175561446
-9999 -9999 -9999 -9999 -9999 -9999 -9999 -9999 -9999 -9999 -9999 -9999 -9999 -9999 -9999 -9999 -9999 -9999 -9999 -9999 -9999 -9999 -2.23593751247972 -2.2262326566399 -2.95836156169049 -3.91645179433557 -4.4573893375026 -4.61950523409437 -4.45116538270765 -4.04127603996576 -3.81498696174716 -9999 -9999 -9999 -9999 -9999 -9999 -9999 -9999 -9999 -9999 -9999 -9999 -9999 -9999 -9999 -9999 -9999 -9999 -9999 -9999 -9999 -9999 -9999 -9999 -9999 -5.87836588648101 -6.02893879143602 -6.24903645915203 -6.42412106437262 -6.59568357023158 -6.82388020465567 -6.98966145761554
-9999 -9999 -9999 -9999 -9999 -9999 -9999 -9999 -9999 -9999 -9999 -9999 -9999 -9999 -9999 -9999 -9999 -9999 -9999 -9999 -9999 -2.00079421257446 -2.13405598957419 -2.27065539720107 -2.69655381167635 -3.33524737906874 -3.72143879375014 -3.72725913127678 -3.59405600634619 -3.38698566030946 -3.09025392709174 -9999 -9999 -9999 -9999 -9999 -9999 -9999 -9999 -9999 -9999 -9999 -9999 -9999 -9999 -9999 -9999 -9999 -9999 -9999 -9999 -9999 -9999 -9999 -5.33953123256409 -5.51322917387446 -5.74176429568306 -5.96228515109093 -6.20251957026827 -6.36451172335737 -6.48173826063878 -6.64501955442801 -6.80714844004332
-9999 -9999 -9999 -9999 -9999 -9999 -9999 -9999 -9999 -9999 -9999 -9999 -9999 -9999 -9999 -9999 -9999 -9999 -9999 -9999 -9999 -9999 -2.06364582994139 -1.97139761483413 -2.03325304660316 -2.20783854319839 -2.56402998619298 -2.86944660489047 -3.14692708046936 -3.31104816262624 -3.29689453395734 -3.25302078512807 -9999 -9999 -9999 -9999 -9999 -9999 -9999 -9999 -9999 -9999 -9999 -9999 -9999 -9999 -9999 -9999 -9999 -9999 -9999 -9999 -5.07513886159803 -5.16761718721872 -5.29298831636322 -5.44377601170532 -5.62432290902252 -5.83781250042451 -6.06644535644207 -6.30615237393521 -6.46878907300992 -6.57464843822858 -6.70923830143574
-9999 -9999 -9999 -9999 -9999 -9999 -9999 -9999 -9999 -9999 -9999 -9999 -9999 -9999 -9999 -9999 -9999 -9999 -9999 -9999 -9999 -9999 -9999 -9999 -9999 -9999 -2.25885416691502 -2.59093748902281 -2.78281248438483 -2.75246094855825 -2.97980471356919 -3.09338539914226 -3.1316862053396 -3.43317709369729 -3.32231763827308 -9999 -9999 -9999 -9999 -9999 -9999 -9999 -9999 -9999 -9999 -9999 -9999 -9999 -9999 -9999 -9999 -9999 -4.99460933088267 -5.04779946310434 -5.14514323695728 -5.30001952474736 -5.47480468705763 -5.71261717184834 -5.96554688802066 -6.18896484930512 -6.36906251139071 -6.44615235106746 -6.64873048851105
-9999 -9999 -9999 -9999 -9999 -9999 -9999 -9999 -9999 -9999 -9999 -9999 -9999 -9999 -9999 -9999 -9999 -9999 -9999 -9999 -9999 -9999 -9999 -9999 -9999 -9999 -9999 -9999 -9999 -9999 -9999 -2.85807293901841 -2.98526043879489 -3.29848958210399 -9999 -9999 -3.65081379854023 -4.0030534128422 -3.96510416295496 -3.90708338903884 -9999 -9999 -9999 -9999 -9999 -9999 -9999 -9999 -9999 -9999 -9999 -9999 -9999 -4.91752611521686 -5.02160808978752 -5.16103517472822 -5.34660156314698 -5.57800781598696 -5.75289064657403 -5.9461327838802 -6.14837887898105 -6.35957029641178 -6.52048828210166
-9999 -9999 -9999 -9999 -9999 -9999 -9999 -9999 -9999 -9999 -9999 -9999 -9999 -9999 -9999 -9999 -0.431614531669769 -0.581145806373873 -9999 -9999 -9999 -9999 -9999 -9999 -9999 -9999 -9999 -9999 -9999 -9999 -9999 -9999 -9999 -9999 -9999 -9999 -3.42166673392057 -3.7293749836584 -3.91749999640645 -3.88680339197587 -4.0402604400138 -4.3713867055162 -4.35009772839866 -4.37548173487505 -4.28046218949592 -4.69411457863559 -4.56497397356239 -4.39833340708477 -9999 -9999 -9999 -9999 -4.59368485035929 -4.7758658605141 -4.91082034943237 -5.05971350181277 -5.17358071269596 -5.35505860658973 -5.58564457113778 -5.78245441278479 -6.00634111719588 -6.19110674920657 -6.41673177501764
-9999 -9999 -9999 -9999 -9999 -9999 -9999 -9999 -9999 -9999 -9999 -9999 -9999 -9999 -9999 -0.110657502686069 -0.459739561063275 -0.572356773974935 -0.456263001943812 -0.452777730507983 -9999 -9999 -9999 -9999 -9999 -9999 -9999 -9999 -9999 -9999 -9999 -9999 -9999 -9999 -9999 -9999 -9999 -3.24624991168578 -9999 -3.73281903148334 -3.83582683423243 -4.32552732255892 -4.72775391519088 -4.96434895610085 -5.03854819419052 -4.88981767642855 -4.54657548884086 -4.30725913304458 -4.23985673771422 -4.49052079021931 -4.27276042949717 -4.13458322733641 -9999 -4.61416664083178 -4.76984382575999 -4.73574870826087 -4.96850262452211 -5.10712893682109 -5.29453126959567 -5.55391928984001 -5.82210285576062 -5.99085284087674 -6.20241538906481
-9999 -9999 -9999 -9999 -9999 -9999 0.93338542361743 0.787135436510049 0.954531284049157 0.968958296347409 0.947552098892629 -9999 -9999 -9999 -9999 0.164036434687052 0.0158333439224652 -0.0884114562844262 -0.182239606355628 -9999 -9999 -0.330520872492346 -0.588489588379171 -0.680190996991268 -0.975230064867011 -1.19669268709304 -1.28886064927274 -1.4220833281676 -9999 -1.39999998128042 -1.77773434622215 -1.96763022430241 -1.89028645586222 -2.03832683949306 -2.41416667180617 -2.69913414854389 -2.85520835004169 -2.94835941885529 -3.03067708977809 -3.25080077520353 -3.452578133967 -3.61316404390627 -4.02249996413363 -4.3819140584567 -4.53888672994359 -4.70068359983117 -4.52138672833227 -4.44063149500291 -4.48801436372937 -4.62166015065174 -4.47552733865057 -4.46552736609053 -4.42871093462389 -4.3400390362625 -4.36585936359673 -4.35145831822108 -4.76027347064528 -4.86619793939213 -5.06291666642925 -5.33309246435486 -5.5946549449865 -5.95321615166548 -6.15708334745036
-9999 -9999 -9999 -9999 -9999 -9999 0.93338542361743 1.26787761054569 0.975214875774887 0.775345041515764 0.768352860091064 0.920651025934303 -9999 -9999 -9999 -9999 -9999 -9999 -9999 0.103880238564058 -0.293463532502463 -0.339993495848583 -0.653860659599272 -0.643993064633396 -0.914305552657259 -1.03317709861149 -1.0376887850184 -0.975000003313957 -1.03526041094059 -1.31158204905411 -1.66746091532868 -1.83940754991242 -1.77723959431166 -1.90438153601019 -2.49619791158659 -2.88985676079757 -3.05436847300254 -2.9490169279921 -2.88387364145441 -3.17400391703055 -3.45628908420662 -3.65029294084602 -3.70730469722076 -3.62402347126475 -3.57966799428346 -4.14162107256119 -4.36761718644071 -4.40459637997757 -4.53190106128267 -4.45013668961979 -5.14839842790983 -5.83734375382139 -5.55056635895298 -4.96462886793264 -4.46773436466058 -4.16621311186856 -4.3752235036704 -4.57918615884845 -4.8276432173395 -5.13645183709673 -5.4088541782152 -5.5809505092206 -5.79964194887206
1.91263676297365 -9999 -9999 -9999 -9999 -9999 -9999 1.83416666721183 1.6784830574382 1.47235025888819 1.22065102118843 0.970052060195788 -9999 -9999 -9999 0.70093751337844 0.59089846483781 0.481458345532895 0.304563831117206 0.254674456965707 0.0202018394466742 -0.161940114574096 -0.276119799765465 -0.408463538780949 -0.563170599557471 -0.644707055041749 -0.731113265299754 -0.94079426509248 -1.10022785289155 -1.35520180951675 -1.48311196016874 -1.64547527761205 -1.82629557417779 -1.80386716093473 -1.94976562775262 -2.41605468029318 -2.65837889117893 -2.89557293021956 -2.82369791948961 -3.08605470321359 -3.23351563846215 -3.42090493436757 -3.57635413753574 -3.40282549999479 -3.23114586741017 -3.62524088123541 -3.86791666496826 -4.09983724466862 -4.35841147348222 -4.38555339030281 -5.44863933358169 -6.11502606333217 -5.5408463851155 -4.37145182685896 -4.13152993730581 -4.23860027355633 -4.23502601931477 -4.39955728356212 -4.60059247649127 -4.81891922219022 -5.04827476187717 -5.20406250861429 -5.42601558364814
1.68378903189219 1.93489583021268 -9999 -9999 -9999 -9999 2.03187497126664 2.06627605617116 2.03285806114702 1.96634114194968 -9999 -9999 -9999 -9999 1.14727863843854 0.810175786269706 0.176367227808529 0.326712233805035 0.550286429057617 0.557994791762994 0.475924476913318 0.309075515426272 0.233509126513015 0.0274544095210753 -0.275494782123767 -0.389589880715826 -0.607070335530894 -0.781341160894016 -0.961165368527143 -0.96170571911593 -1.05885416934234 -1.21194010742213 -1.17402995562586 -1.3500390614905 -1.56830077617914 -1.81687501512752 -2.15242185955315 -2.48891276309354 -2.65908854022898 -2.73080078361892 -2.81503905108858 -2.91281903794839 -2.85779947825508 -2.92210284594645 -3.06184897091277 -3.20363931249777 -3.30205735203437 -3.47661462622703 -3.97044269731355 -4.81832680155134 -5.42092446411849 -5.83170568716737 -5.06879557368606 -4.315944002031 -3.86895181252227 -3.75779947222207 -3.83338541027387 -3.9640494324389 -4.16385417005866 -4.38930989713311 -4.5913606961123 -4.72798828995599 -4.94056640907465
2.12922090912712 2.27055551028914 -9999 2.66430990670398 2.64649742275999 -9999 -9999 2.35430337846852 2.19199868126623 2.08445316362049 2.00658205055049 1.90457029667393 1.78720703759549 1.65768231667402 1.53572916941549 1.20147132189307 0.593541643394138 0.658183609199857 0.536992161877398 0.505058596083875 0.533925774165091 0.429375017309565 0.353593712683972 0.442779938893432 0.274654970011838 0.0518945442675006 -0.189355409660031 -0.534270827813148 -0.510364598247743 -0.53309249040178 -0.574576839559016 -0.629270856152313 -0.722063802495744 -0.892467389571789 -1.14738926194334 -1.46291667057303 -1.75869796003222 -1.89180992883266 -2.09805990412517 -2.27858067432511 -2.22969403167855 -2.20997399707254 -2.3424348928593 -2.62774085010818 -2.66725261563112 -2.9432682053999 -3.53912761239188 -4.05303383936705 -4.24733071603116 -4.25296875792746 -3.64257813094877 -3.49282546671496 -3.22171227904286 -3.1793293939944 -3.17884115855161 -3.30191409188904 -3.52937500145478 -3.58452465916679 -3.72024745606969 -3.92203123832787 -4.10681641464202 -4.30695316576516 -4.59269523917878
2.67118054069579 2.90046872912596 2.8407812420434 2.72675130440632 2.70817706596628 2.68727212919672 2.65916667547329 2.42341148859292 2.24845049746095 2.15376954377323 2.11269531810044 1.91357423359428 1.90759764761331 1.66205728720128 1.48766274354658 1.37647133955067 1.0359635354246 0.954902320486234 0.825097622236268 0.584687465429336 0.595332004900563 0.598671899049117 0.454101596308204 0.734225249303803 0.631725262137371 0.354804646324993 0.0821484123715273 -0.113177090755897 -0.0620247446115462 0.000481744671806797 -0.0366666534272203 -0.0927864430110576 -0.143450530098771 -0.369186198708505 -0.746158853943771 -0.855475272047917 -1.32205727226622 -1.52329430092248 -1.49628251757939 -1.56973305931851 -1.85190103968315 -2.05075521223781 -2.05753250945888 -2.31053384831421 -3.07865882625098 -3.8214518472613 -3.15279948447042 -2.7317643068352 -2.56324868442221 -2.33667972634849 -2.35330079010902 -2.42327475451483 -2.57702475272002 -2.67175134039625 -2.77380206370737 -3.02599611267686 -3.19960934357847 -3.29177081774876 -3.43839194614493 -3.57625001561408 -3.77292969652857 -3.99033198835526 -3.98642573133496
2.84421876567388 2.83121741242112 2.90611979522414 2.73080726897799 2.63229168946467 2.82225259207569 2.83404948701128 2.73636067220991 2.6252083039135 2.45354818738984 2.25134112815985 2.16613932206786 2.07026040311322 1.87839191830227 1.71259113310487 1.5348828073649 1.27210940189005 1.1347330606456 1.16953777849028 1.14776695829829 1.12690758185613 1.08211589185551 0.944986946632727 1.14000653686672 0.702272114499044 0.477070274917646 0.497402345657161 0.445709626390537 0.481432271061164 0.319166665731378 0.232740890411201 0.232773426385843 0.326679647875431 0.233274727782603 -0.105397159677762 -0.528248695778219 -0.931276057747253 -1.06179683668076 -1.58806639089588 -2.14323565598222 -2.49895832102362 -2.7293554966484 -3.31609373305735 -3.63728520246738 -3.58482421248096 -2.61674482379757 -1.89723309803475 -1.93863283770305 -1.90003907317702 -1.81431641914839 -1.93035153555552 -2.05571612410071 -2.18575515319624 -2.27794264864319 -2.43071613404877 -2.64992839984645 -2.67069010854878 -2.85398438434916 -3.04558592171559 -3.24889973276069 -3.37718100663863 -3.43155599028644 -3.59136067645076
2.78108722789892 2.72051431780854 2.85617838487294 2.71805340301223 2.69266277054682 2.94729164835862 2.99078777664925 2.89362627585727 2.74526691213911 2.53264977510346 2.43743490784547 2.25330730550992 2.08055340560913 1.8296223880109 1.64331379776598 1.44535158573815 1.2971875380053 1.15731119060135 0.939694014551239 1.05555991001831 1.38995440987025 1.27106119769196 1.4024674558286 1.29807288282734 1.17188145770494 1.05574221027277 1.01255861761107 0.868483082842196 0.646276055396573 0.548951850097371 0.609127607477093 0.564589806460585 0.648710915893249 0.607200526441373 0.0288215862743865 -0.315338531560465 -0.803737009513544 -1.92779298269157 -4.01822268585228 -4.8454622552654 -4.24657554266633 -4.51947266558166 -3.57257812670906 -1.68972655868084 -1.6717773556558 -1.62418617217585 -1.6212760292623 -1.7955859578982 -1.43109380217311 -1.50525393208162 -1.63851558582238 -1.69690752147077 -1.7975324808605 -1.94421223775321 -2.17866537613253 -2.3408072554893 -2.36098313760885 -2.46863281607941 -2.60732423341997 -2.93124352330705 -3.11407558006144 -3.12555987537879 -3.22325523425465
3.38576822659293 3.14113935716033 2.97350260034948 2.94260415611232 3.04203779834853 3.129635398695 3.10016272784015 2.96124352387936 2.80165365877908 2.66763672938868 2.62751953940376 2.50097659950896 2.0439257584587 1.81510413533883 1.83598307068067 1.68574869324758 1.54674480394041 1.45043619631725 1.11828777792136 0.903242160583954 1.11681641265859 1.17647785230045 1.1900911285779 1.23056634532826 1.20517576182163 1.25188150333343 1.27119791247248 1.03278643515425 0.735208319351407 0.709537764294695 0.747389289182665 0.814531226126383 0.666875045347233 0.576061225741776 0.512721397207026 -0.09004558670346 -1.28262367026611 -3.07371744052759 -4.00053385152862 -3.12014322664265 -2.51674478032724 -2.09772134175807 -1.3936783819806 -1.05530599688328 -1.22522789257461 -1.22082681168137 -1.13317056032594 -1.17137365641952 -1.16141275033164 -1.1076106605673 -1.21563804639095 -1.29747395673774 -1.43630203152603 -1.57063803714733 -1.69341146214959 -1.89514324957564 -2.05139321844717 -2.22031249967139 -2.37119138620527 -2.54515627401707 -2.66292964440577 -2.71402344698188 -2.88275391223586
3.53281898835331 3.59754552004151 3.55518228515326 3.38584637010416 3.28424481331187 3.1843619768299 3.15992842158904 3.13682939773638 2.95591144229929 2.65542970385195 2.61296876444192 2.53697263723989 2.36275390243632 1.93908854605056 1.84348306936921 1.90860025181363 2.03221354027316 1.81949869592317 1.59815103231284 1.43249997270152 1.24552735468026 1.49317705309642 1.42376301267011 1.03023437047346 1.35669925027173 1.5403971495802 1.42488933475972 1.28460284506476 1.09003256568216 0.999713537277626 1.03006506840683 0.932597653697164 0.816171895508159 0.751490821070206 0.57735025557047 0.0215168813819904 -0.540885435431859 -1.93760418761265 -2.23190105073779 -1.29090494484912 -0.369928380829779 -0.148287737740698 -0.310201788616387 -0.605950523400524 -0.719563796123111 -1.01569009067439 -0.963424484460118 -1.1640885311704 -1.00629556295223 -0.777005215065576 -0.789348964897418 -0.877415391454521 -1.29222005119641 -1.47977868505089 -1.44399742131867 -1.52072912634649 -1.69209636126484 -1.82757811765833 -2.05908205125521 -2.2433398647038 -2.36410155361812 -2.42027345698979 -2.57927734352957
3.7905208148463 3.7893294553824 3.8081575713933 3.64136718397355 3.40640626923403 3.24571613898804 3.1044661374083 3.12501303504201 3.0820833373656 2.85248695623155 2.5738736940847 2.31574868216914 2.29199869573857 2.38304688125839 2.26902344100944 2.17338539933331 2.10096355321541 2.10919272536897 1.96911456037056 1.98225263447632 1.93858072318107 1.9894271098951 2.01382161863728 1.70858076084605 1.59287760891734 1.67573572214606 1.75141930125753 1.55717450061186 1.28522136854261 1.11797530411239 1.08565103922615 1.10473310415475 1.21242841541966 1.0456575785573 0.451809870609296 -0.0683072784303957 -0.712350224034561 -2.05322917282213 -1.07678385969524 -0.406393178290652 -0.169459636075999 0.104622401162455 -0.0238150850792192 -0.246959643168403 -0.441178398690768 -0.466406263708214 -0.408144525101865 -0.375286452426636 -0.296809910103974 -0.289069017042805 -0.363561206080696 -0.491790406574029 -0.66098957640124 -0.733502614486333 -0.881451793329023 -0.958821617438052 -1.08530599298626 -1.32452477339516 -1.51630210540137 -1.63917320675084 -1.83413409635785 -1.97287109484417 -2.09482413818003
3.93124344849202 4.01854820204373 4.04733721362126 3.88947264262282 3.51611328009954 3.35995443803499 2.97190757332489 3.02013023473141 2.94614584488763 2.81203777853401 2.75619788192406 2.6227408714336 2.53395181575485 2.46437499226282 2.62421879479257 2.49887370328306 2.36287762348365 2.44862630318349 2.39632162630229 2.40555333848843 2.44906904523498 2.4080403744056 2.36663408338076 2.19545570933419 1.99649092121308 1.90159505479332 1.90514978189301 1.92104168845484 1.77043622177031 1.52207683899119 1.46367836191738 1.35578777078571 1.27024089733199 1.06432947378713 0.350598946400791 0.0307552404440217 -0.784615842741772 -1.5155924216386 -0.252858075752657 0.366243474600705 0.356263060784878 0.519563807018231 0.147962218362022 0.24057944079724 0.281087237423662 0.224062472564916 0.105722640847899 0.153541689934903 0.140494796456045 0.0369856516708331 -0.315123735920659 -0.294348972627667 -0.429388058719217 -0.591432292890938 -0.571861956605937 -0.756399803227152 -0.835774763400837 -0.993626299578032 -1.14362635282947 -1.33882161883584 -1.47313801546676 -1.58738280820608 -1.71794921975773
3.90155601006769 3.98393229053651 3.97559241433311 4.02354166876898 4.11451822869386 3.9351692255066 3.56899738571119 3.25625649387021 3.17789715161567 3.01458332592724 2.94882162929213 2.943170636429 2.83078778115104 2.64097008583361 2.72305990573792 2.5098567638038 2.55112628355936 2.6214193116911 2.63042319681246 2.80533202955472 2.88457032871973 2.77277997171864 2.60014321459325 2.52637366430283 2.35438150619416 2.01277342593087 1.90167972643494 1.92358072709499 1.71518232629461 1.39523436857446 1.36367184098607 1.56275388448357 1.4864257468547 1.39526694877162 1.04241535819759 0.372669268823232 0.158899710793371 -0.687330737288947 -0.256158861984839 0.582180984170092 0.447747353767093 0.552291632239422 0.715904935727311 0.592877628764795 0.493951880630442 0.316679663289202 0.415527342438855 0.561295570002165 0.473561171760078 0.432226532320407 0.0776757951991177 -0.0805598774175401 -0.152083347543099 -0.298808606965847 -0.327031241122174 -0.253697871293761 -0.395143215034053 -0.523378844893352 -0.599121099822736 -0.765312510126413 -0.910605508375247 -1.00436851570346 -1.09735682705928
4.08723960248372 3.71803387142622 3.73418620844588 3.99399085457079 4.19078776357495 4.12011066563252 4.0429231587739 3.9108658588753 3.76020180450055 3.52774739027051 3.18858724118167 2.99488932954247 2.88385418293121 2.82641928231837 2.88249348206878 2.85561849676393 3.07384113009167 3.19964195636968 3.17970051551401 3.29195310354701 3.18164060158273 3.01985023664542 2.91858075164475 2.90490883342299 2.8265494774041 2.53810543581566 2.37580077811164 2.3419401104269 2.18088542110052 1.94312499294561 1.90500001285247 1.85806640625156 1.78232424567019 1.59897785319677 1.21852863362457 0.865266885403363 0.330286458284681 -0.465670566850291 -0.0639713444742187 0.797552100750744 0.99305990123389 0.969576850604362 1.00399086463643 0.772447909194057 0.501373710378109 0.560703171326241 0.614609357168211 0.730709635571898 0.480904967653563 0.609179697156735 0.632500024832655 0.731842468786908 0.580865883546154 0.366523445574932 0.292539110210141 0.357083327709782 0.172513029178172 0.00781244216517189 -0.128925803561038 -0.222851588516645 -0.361171813634611 -0.498821639444097 -0.57845051235238
