2050_A2_MR/TMEAN.asc
NCOLS 720 
NROWS 360 
XLLCORNER -180 
YLLCORNER -90 
CELLSIZE 0.5 
NODATA_value -9999 
[rows 112 to 139 of 360, columns 126 to 188 of 720]
17.8333463515783 21.1577603612027 22.0782746655463 24.0704231226633 24.4822655882163 23.84910156502 22.8410221745753 21.6031510722919 21.8340950516264 22.7715754900243 21.2665560314593 19.0922005660128 16.8272786390538 15.1491731830404 11.2632551945681 9.38505211748919 10.1295637926092 10.0203841401612 10.6970638599998 13.7529426470477 15.9617317514771 15.0148566848674 13.7505598944834 14.9823177187749 16.9475585857695 17.0963476102065 16.339960991209 16.2110741785129 16.4701432308469 16.9861979550798 17.4570833479076 17.6755598816402 18.3295377545057 18.9242447939696 19.4084831180196 19.4396354368673 19.7567968905765 19.6993944700797 19.710234352294 19.5955859350017 19.601347694902 19.2237499662052 19.2708072894386 19.3484439825473 19.1984504880156 19.2263997221045 19.1271028517637 18.9768489144916 18.9015234136707 18.9631249814776 19.1700911141107 19.3068489462288 19.3087760580792 19.2961002722824 18.7680013245685 18.7671810003262 18.8397982309491 18.385266951234 17.9270182894608 17.9975065737314 17.9922786372043 17.8216732283337 17.3979167163994
17.0940299047169 21.4127214235772 24.5401496951125 24.0090169806975 24.3686718393645 23.9623241786673 24.1948111972019 24.1741667660753 23.8346810199504 23.329114600863 23.3361263175078 22.0190560212166 19.6956770933591 18.2844075313034 15.1127669504453 14.2065755383931 12.5188216722908 11.2149739594571 11.6294466181512 16.4057552263761 15.9575521564271 17.1215169092363 12.7758723516668 14.1872200310168 17.2136133036131 17.55675782507 16.6193359650682 16.5679687733973 17.0190689963784 17.5615494561578 17.9301497968805 18.7005794662347 19.02715496186 19.4313737131948 19.9228190768102 19.699850251756 19.8912695345373 19.861992155199 19.9749609571966 19.9089453807275 19.9883398588013 19.4972461329023 19.4006314319249 19.5294790940852 19.8101106497998 19.8000325754575 19.7106575779414 19.4098762317191 19.3544141450772 19.2334960935309 19.332005294318 19.6729035721734 19.709322889447 19.5462955063781 18.9492317541698 18.82138023944 18.9896223792464 18.9595442348813 18.9039322510429 18.7225260740368 18.506712244357 18.1049543960871 17.6234830484583
17.8872655882682 18.7013280819253 23.6440494186189 24.7196940216279 24.7335937431839 24.9386523617302 25.2368098345652 25.1295247788015 24.264960906786 22.9332226206113 23.2643293168913 22.4770637884248 20.2307225993043 17.8869335582334 18.0157031211369 17.6735157241685 15.4780013285629 14.1482357109108 14.4038476368969 16.6231054833642 16.7211588529606 17.7719987024058 13.8734570052808 14.7242772867711 17.2190560071458 18.0932356390948 17.7707682254397 17.9035807433846 18.3452929832604 18.5124999803826 18.7805403407498 19.2460286328732 19.3996354633245 19.9378581025386 20.1891991210534 19.965039093065 19.82692055049 20.1330729716071 20.1588020527027 20.5710286255488 20.6309374929486 20.0820703215894 19.9230273787952 19.8825585475657 20.2807942505029 20.2856575604842 20.1466275842394 19.7825455077575 19.8118750510975 19.9371874990018 20.0224935391187 20.0281379905345 19.9476952907094 19.7057812402437 19.2973046102936 19.0919335802513 19.1105142526349 19.3108072815373 19.3860807573983 19.3304167556121 19.0472200586239 18.78526688866 18.6007681164999
17.8008594460929 16.0663867070073 20.0016471915718 24.1637760833536 24.7139257302793 24.4715625334333 24.1847590795704 24.4276302026017 23.4939843585136 22.6121874419677 22.2159310255887 22.0916537099741 20.6783203054271 18.1486133018841 17.7448242200773 17.774414088478 17.1621809891862 16.8841145634477 17.3739257600724 17.403652356085 17.909420563021 18.2352799279991 16.9012109280495 17.4999609175221 16.7489778774277 19.1825716081115 19.1361392996433 19.126686221199 19.2136132915194 19.3679883215616 19.4602278103104 19.6087240439897 19.6583659469824 19.6079557467848 19.9156640723146 19.8742578215738 19.6861588990668 19.9413932655605 20.4348958713251 20.7178059508574 20.7484765262794 20.7557226584294 20.6916601148053 20.5494725607872 20.3046810301706 20.3548372505576 20.3667252512944 20.1396939666453 20.2170898384931 20.4264257273867 20.5560091282466 20.4629231621026 20.2053711436237 20.0077539168257 19.6811132851434 19.404023413038 19.4395963660045 19.5621353887043 19.6341666306896 19.7403385240445 19.7994271080053 19.7003060788768 19.4640495029824
17.7466450040309 16.7012739197984 16.9240495098728 22.2555729198056 23.8980013091197 23.9941146393393 23.8310871800996 23.5939192500869 22.9165429992114 22.3984374486454 21.009661474334 19.553723978856 18.5556510655201 18.5285416815418 17.8469141213374 16.3628710228057 16.9014388887056 17.6462239406019 18.4225911715719 18.7031770316598 18.9996484170877 18.9859374167595 17.5512109626317 18.3934765409405 17.9595378141366 19.354205690858 20.1131900866969 20.0100846180102 19.7541145930346 19.8533137863484 19.5393749249463 19.3434180372914 19.7051107037615 20.2156770172033 20.2163281275423 20.1956054285993 20.0671419440761 20.1710872745393 20.48755211604 20.9196614703244 20.9631510389975 21.0481510464684 21.0763541472583 20.9188345970643 20.6093879992172 20.331419238867 20.2340103363967 20.5555337707829 20.7931249989685 20.6773242232673 20.8363867441517 20.6787109258909 20.195527311838 20.1933984744113 19.999583338363 19.9515950527864 19.6758267986324 19.8402213187818 19.8109114803252 19.7459114956924 19.7422070824617 19.757011699776 19.9534960850903
17.7517882424834 17.7904730835688 16.6974674117907 19.4373307128936 22.701289142667 -9999 23.6525716599277 23.3695052399258 22.9991405827242 22.0522460729078 21.0319856596571 19.2602864930467 17.9170571757928 18.056119800692 18.1207030266675 18.6070507602518 16.8170052402053 18.614016962327 18.7697982108076 19.3308724196242 19.4120117782739 18.6911914297295 18.4102733907914 17.7689453578518 18.2628190418905 18.9113542023951 20.0207681756046 20.280592368824 20.5094075610739 20.6669661492413 19.8087890305224 19.5370702736637 20.1644661393277 20.4270052183233 20.2259570278079 20.2071679634894 20.3825716268534 20.3730794218994 20.9084506122333 21.161790344235 21.4517056867068 21.2060612781609 21.0743424878374 20.9153581095258 20.9870246830205 20.694466120347 20.5064517220095 20.7915299683315 21.1338867529443 21.0300390607778 21.0504492491149 20.7169922589098 20.3556640061278 20.5832812948288 20.6615560214438 20.4364388141255 20.0823502603395 20.2891080772726 20.4007160501862 20.0199543851724 19.91935551686 20.0939452875452 20.5204492376725
-9999 19.1693054437637 17.8399479828524 17.436217455313 21.4942708536888 -9999 -9999 23.4906249046326 23.4302343067648 22.7417382204806 22.4951692664551 21.4272005745048 19.7861914099096 18.9735546630441 18.7906510429388 19.6308463176156 18.2350195006695 18.2607812846664 18.327565085164 19.33352206011 19.4194335886351 18.4726953280182 17.7168879770385 17.8466927680837 18.6203254777524 17.390110654564 18.4125977402941 19.4803712285589 20.0240168838364 20.4659505491313 20.4331576006775 20.0558529201583 20.1963476709144 20.1418359578732 20.0052669059332 20.0936458773724 20.5333463486432 20.5208854436966 21.1059960617574 21.4487499678734 21.7994335905299 21.7608399116149 21.5051497250618 21.1152474108456 20.9169661781774 20.9763996179159 20.9582616941376 21.1632030861592 21.2897591602754 21.3284114603948 21.3077668973541 21.1288996733972 20.9921158898686 20.9419792047039 20.994212344295 20.9215363921724 20.8200195627811 20.9057032004904 21.0136653863451 20.8767708812597 20.6767578343453 20.7268164349085 20.9082030998841
-9999 -9999 20.1531510366628 18.8395767706679 20.5314127791031 -9999 -9999 -9999 23.1021093177957 22.4126757445207 21.8060090227534 21.9001302703408 21.1478516700095 20.7943554428355 20.8475065984693 20.2669791683647 17.8240819976694 16.0540038695743 17.9719791497788 19.0452603599647 18.9216600908478 18.5387694713756 18.351048163477 18.4718293400349 18.6227669485086 17.9425716310503 17.9422850727854 18.6374609713563 19.3098567320355 20.7202865021683 21.2753450308469 21.0851887880861 20.7912304507488 20.2550195753148 19.8553450291495 20.0359504982249 20.4599479170254 20.8487955406229 21.5765234609589 21.6224414123263 21.8244921952603 21.8372265311756 21.6197395980225 21.5290755207997 21.5255794396745 21.4591535506906 21.3982617061666 21.59107413772 21.5794662007906 21.4849934852325 21.5209505416186 21.5056184816131 21.5639128000105 21.7270572835043 21.4272590918944 21.4299347790592 21.2245312891901 21.1212500631809 21.4269662544538 21.3668880986512 21.0527343352636 21.0703906690081 21.2333007807631
-9999 -9999 20.8152278367465 20.2581445572576 20.0441862136496 21.2352602996762 21.8133332331975 -9999 23.7820898390309 23.2069922011953 22.4886587351375 22.8755924673214 23.2874673978306 22.8761002165936 22.5417773437946 22.4599218604199 17.9948762497776 14.4640755130331 15.365963564715 17.1674674636147 17.3846028407631 18.1155599604566 19.0737630469396 19.6302083155103 20.9562434937679 20.8254622241563 20.0754557363494 20.6334244308342 21.4435937192504 22.2174413850649 22.7387956239682 22.4903776027577 21.7880078108764 20.8418945123395 20.3713801035291 20.952923240218 21.1624284067875 21.5917447537408 21.8584700675175 21.8102864839825 21.8920768930884 21.7985221214348 21.9099804599722 22.0925000058942 22.0802474092558 22.0010871567389 21.8511978598932 21.8212760488192 21.7188996749692 21.5536262422375 21.6116276076402 21.8163737645599 21.9201562441988 22.1195898346883 22.0140277934976 21.7334027268542 -9999 -9999 -9999 -9999 -9999 -9999 -9999
-9999 -9999 -9999 20.9331250240405 21.2421940101762 20.3347916318746 21.624309805009 22.5823567594397 24.2149609017195 24.3345702961554 25.1523697539887 25.2980144226646 25.291783787553 24.7056315226314 24.3475780662286 23.5834569427374 20.1871223399525 15.1199934511734 14.3579752524907 15.3993424900982 15.721009097974 17.8676497587155 19.9282747783147 20.4837825431145 21.2843099581339 20.9762826040743 21.7106315526364 21.9412956234548 21.4656445126112 21.0243749883372 22.7947917183479 23.2988347702867 22.9932617127827 22.2747265617803 22.2493878892911 22.4869270302411 22.4955729623006 22.4593033772849 22.381165356352 22.2970638730845 22.1815103727046 22.0640494775745 22.0260351540855 22.1018944996684 22.3283724373564 22.1475520431995 -9999 -9999 21.7442705159386 21.6306769226988 21.7394791965683 22.0088736370164 22.1603906723653 22.2335547042752 22.1241579978321 22.2249392821048 -9999 -9999 -9999 -9999 -9999 -9999 -9999
-9999 -9999 -9999 -9999 -9999 21.9991601013472 21.027682324203 22.2148501552954 23.8445832679669 24.5955207894246 26.0305859374098 26.3412304842398 25.9705859549139 25.7700390765829 25.387636740639 23.0963672781674 19.8709961539497 16.1438867058202 15.686432330894 15.3449283605273 15.6717707615537 17.9132161356284 20.5030925150538 20.5702799192963 20.5644465856 19.7504817209344 20.5603840958328 22.2484309446076 21.5668945641441 20.5306445054493 22.447200382466 23.318587252665 23.6012044421175 23.4517903272173 23.3300130075602 23.1695442282437 23.0291732014609 22.9398762894199 22.8683984604251 22.9083398188924 22.7672135022594 22.5769986530645 22.4093316081497 -9999 -9999 -9999 -9999 -9999 -9999 -9999 -9999 -9999 -9999 -9999 -9999 -9999 -9999 -9999 -9999 -9999 -9999 -9999 -9999
-9999 -9999 -9999 20.350416580836 -9999 22.6562500681559 21.8344010100929 21.5019401048115 23.0956509583268 -9999 26.2180858446998 26.2335937796435 26.2449218933061 26.3549804861414 26.1504687449225 23.1912890766576 20.0486328514641 16.6183007674999 14.511744787399 15.0119400887918 16.6882942597113 18.4822590679379 20.4313150574408 20.7006510592037 19.8238215680924 19.9634700235221 20.3875911832175 20.7859310736989 20.9238672031377 20.5961328049549 23.0609114640873 23.4130403337404 23.5330598989629 23.9746223773001 23.9231575785958 23.7643880537485 23.4217317854468 23.3113411886666 23.3072657145533 23.1994335670441 22.995690050993 22.8017252670849 -9999 -9999 -9999 -9999 -9999 -9999 -9999 -9999 -9999 -9999 -9999 -9999 -9999 -9999 -9999 -9999 -9999 -9999 -9999 -9999 -9999
-9999 -9999 -9999 -9999 21.4147524929744 22.0579556585837 22.7070507496383 22.1330273883589 22.8597200830375 -9999 -9999 26.641250093778 26.7470833360387 26.8605012006147 26.7811718491953 24.8738672296765 22.8924348352028 18.7334895681513 14.8061132900297 14.9605273249915 17.0024739573818 19.1248763096142 19.8590364140736 20.3399153390239 20.1028190041974 19.9476432756728 20.2497265156209 21.1006249546579 20.5237370028267 20.5568424472055 22.0867838862851 23.8065299382651 23.9385091210355 24.1004817287708 24.4921678894956 24.2356640699866 23.5291276365943 23.5969987112087 23.7234180019425 23.5577148224634 -9999 -9999 -9999 -9999 -9999 -9999 -9999 -9999 -9999 -9999 -9999 -9999 -9999 -9999 -9999 -9999 -9999 -9999 -9999 -9999 -9999 -9999 -9999
-9999 -9999 -9999 -9999 21.098932229988 21.6408267403664 21.9644921783324 22.6057031200851 22.4330403592687 23.7955404235855 -9999 -9999 27.110149793361 27.1927278493825 27.0868750975926 26.6335743130087 24.3340559295336 20.5475325281868 18.9521679674237 16.2272851527974 17.3055793636131 19.0421419141066 19.4848958564896 20.0419466898058 20.1870572876165 19.5731510867257 20.0394922488062 20.8596874865407 20.421471353178 20.7964713457099 22.3356119947577 24.0060807241593 24.1502669885595 24.3015168822766 24.8444531222879 24.6591991844277 23.7772330512457 24.0259829733963 23.9641405913908 23.8252147988481 -9999 -9999 -9999 -9999 -9999 -9999 -9999 -9999 -9999 -9999 -9999 -9999 -9999 -9999 -9999 -9999 -9999 -9999 -9999 -9999 -9999 -9999 -9999
-9999 -9999 -9999 -9999 -9999 -9999 21.951111074951 22.8255837655139 22.2112369771353 22.2886979279958 24.3507986591311 24.8792622711132 -9999 -9999 26.1712240303556 26.2458593289855 26.0210612411048 25.2319595907697 22.4965689696028 17.5827408825827 16.5086848672077 17.4054622560804 18.2164127943708 19.8060221795522 20.3362695785858 20.8176367155035 21.0622786628733 20.9633919050068 21.0965885835377 21.8357096410179 22.0144140109782 22.1258008079778 23.1420638507091 24.052825477639 24.9209570898671 24.7308203215938 24.328313765776 24.2823958362489 24.039485705761 23.7462043799022 -9999 -9999 -9999 -9999 -9999 -9999 -9999 -9999 -9999 -9999 -9999 -9999 -9999 -9999 -9999 -9999 -9999 -9999 -9999 -9999 -9999 -9999 -9999
-9999 -9999 -9999 -9999 -9999 -9999 -9999 -9999 23.1832877375619 23.2105338360197 23.2298807145924 24.3137153154289 -9999 -9999 -9999 26.3593163689513 26.3313932827201 25.3495768584718 23.2643032919967 19.790709564114 15.7937434997872 14.510891953927 17.573092472879 19.0095963211729 20.3076562919331 21.5320508030763 22.0353450874815 21.9109114674123 21.9161588101862 21.3194596502619 21.1791992098812 21.6794726233972 22.4361654021131 23.1751302110924 23.8926171804966 25.0351367470302 25.1792513166329 24.7323762476436 24.4097200850273 24.1167904466382 -9999 -9999 -9999 -9999 -9999 -9999 -9999 -9999 -9999 -9999 -9999 -9999 -9999 -9999 -9999 -9999 -9999 -9999 -9999 -9999 -9999 -9999 -9999
-9999 -9999 -9999 -9999 -9999 -9999 -9999 -9999 -9999 24.1218359671857 23.6563802324219 23.9914712686823 -9999 -9999 -9999 26.4095246754446 26.7465364517173 26.8645768905141 25.2153515708093 22.3521679730188 16.8419401554852 15.1020768249075 17.062291704212 19.4054362216297 20.2060417177013 21.4664909888017 22.1996744998423 22.9687566339289 23.0897395884808 22.7348568111977 21.9665690255493 21.6796744700922 21.1091471362712 23.1031119822782 24.4298437262098 25.1257030735459 25.0490950909055 24.9226106839186 24.7389322853603 24.5346353984105 -9999 -9999 -9999 -9999 -9999 -9999 -9999 -9999 -9999 -9999 -9999 -9999 -9999 -9999 -9999 -9999 -9999 -9999 -9999 -9999 -9999 -9999 -9999
-9999 -9999 -9999 -9999 -9999 -9999 -9999 -9999 -9999 23.6696613833388 23.6683528882511 23.1653776008081 23.8247916499774 -9999 -9999 -9999 26.7219856412832 26.7723893462382 26.339101505461 25.0734764524668 21.6182291679121 16.2504166406636 16.0860222157412 18.0519401705014 19.9920182500026 22.3208072891988 22.5107487200684 22.1959635441187 22.530325513818 22.5260091194059 21.2233464011705 20.3687369448559 18.0072526306797 18.770162803077 24.2372265853811 25.0183398327231 25.2004818343834 24.9814192788737 24.8375260251387 24.5940883606672 -9999 -9999 -9999 -9999 -9999 -9999 -9999 -9999 -9999 -9999 -9999 -9999 -9999 -9999 -9999 -9999 -9999 -9999 -9999 -9999 -9999 -9999 -9999
-9999 -9999 -9999 -9999 -9999 -9999 -9999 -9999 -9999 23.2340276108848 23.0668945092687 23.1956444675848 23.4637304238931 -9999 -9999 -9999 -9999 26.8070834080378 27.0219271002388 27.0846418947249 25.3474088502003 20.0390689586913 15.3350520589135 16.2616341378298 18.9502604392125 20.6699870047688 20.9918684923104 21.9166341219449 22.5794075721286 21.607727907965 21.1837565204644 20.729850291115 19.6030728832259 18.2014909224804 21.8710872540583 24.4209113783457 24.1689518413542 24.8661980052632 25.0666209917283 -9999 -9999 -9999 -9999 -9999 -9999 -9999 -9999 -9999 -9999 -9999 -9999 -9999 -9999 -9999 -9999 -9999 -9999 -9999 -9999 -9999 -9999 -9999 -9999
-9999 -9999 -9999 -9999 -9999 -9999 -9999 -9999 -9999 -9999 22.8918749988079 23.6111912406762 23.8998393604499 24.3210503814949 24.7081247766813 -9999 -9999 -9999 27.0457356690185 27.2310091932977 26.4564713857374 22.3606119706295 16.8891731364206 14.9655794616042 17.9113932777362 19.1352995115011 17.9778451121641 19.7042903977614 21.0425911252231 20.7754426801841 20.227975262375 19.5593815112148 19.7864713776943 19.5005143062171 20.3256771124992 24.6139778949034 25.1327214534499 25.1950455672462 25.2231706050543 -9999 -9999 -9999 -9999 -9999 -9999 -9999 -9999 -9999 -9999 -9999 -9999 -9999 -9999 -9999 -9999 -9999 -9999 -9999 -9999 -9999 -9999 -9999 -9999
-9999 -9999 -9999 -9999 -9999 -9999 -9999 -9999 -9999 -9999 -9999 -9999 24.3247591430557 23.5890755565845 23.8183767133986 -9999 -9999 -9999 -9999 -9999 27.1354296558448 25.2738085077925 19.9341861743226 15.6281509991259 16.500025996516 18.812135442641 17.4903320296592 19.0015625425567 18.913300755943 19.0565233491596 18.982721324909 19.0369010247728 19.349908816382 20.023404928673 17.8299349331356 23.2066731173694 25.9569726910132 25.3625781589986 25.2121614456187 -9999 -9999 -9999 -9999 -9999 -9999 -9999 -9999 -9999 -9999 -9999 -9999 -9999 -9999 -9999 -9999 -9999 -9999 -9999 -9999 -9999 -9999 -9999 -9999
-9999 -9999 -9999 -9999 -9999 -9999 -9999 -9999 -9999 -9999 -9999 -9999 -9999 23.9898958968254 23.5498220343996 25.0945225391946 -9999 -9999 -9999 -9999 26.9375193299947 26.5856640237522 24.261315072996 20.6521939735526 17.8523306805379 17.6512369208767 17.2318749948785 17.6524413847407 18.485859315924 19.3707031257753 19.062643243864 18.7364323204689 19.9167252490149 21.5356315530642 20.4064974213032 22.5704230822221 26.0607227350888 24.1234180166832 24.9376627277333 -9999 -9999 -9999 -9999 -9999 -9999 -9999 -9999 -9999 -9999 -9999 -9999 -9999 -9999 -9999 -9999 -9999 -9999 -9999 -9999 -9999 -9999 -9999 -9999
-9999 -9999 -9999 -9999 -9999 -9999 -9999 -9999 -9999 -9999 -9999 -9999 -9999 -9999 24.6462499300639 -9999 -9999 -9999 -9999 -9999 -9999 26.8174997170766 26.5168033703226 23.6496158348768 20.2937891491101 19.5877344098812 18.1397590994975 17.2343684881714 18.0975976536452 18.6732031030798 18.7280859467915 19.4730468815598 20.6177409028396 22.7484244506318 23.116575522873 24.9390365015301 26.8625846590469 25.6150846436517 25.05670581713 -9999 -9999 -9999 -9999 -9999 -9999 -9999 -9999 -9999 -9999 -9999 -9999 -9999 -9999 -9999 -9999 -9999 -9999 -9999 -9999 -9999 -9999 -9999 -9999
-9999 -9999 -9999 -9999 -9999 -9999 -9999 -9999 -9999 -9999 -9999 -9999 -9999 -9999 -9999 -9999 -9999 -9999 -9999 -9999 -9999 -9999 26.7366665769416 25.7468228785697 22.1051367019201 21.168984383483 19.2084700216939 18.9786653134641 18.7343164537334 18.6016406587692 18.3776367029661 18.7657616866261 20.101510398449 23.1000261152716 23.1542317855032 24.4743685242023 26.1365494471743 26.0516080202796 25.4566972402359 -9999 -9999 -9999 -9999 -9999 -9999 -9999 -9999 -9999 -9999 -9999 -9999 -9999 -9999 -9999 -9999 -9999 -9999 -9999 -9999 -9999 -9999 -9999 -9999
-9999 -9999 -9999 -9999 -9999 -9999 -9999 -9999 -9999 -9999 -9999 -9999 -9999 -9999 -9999 -9999 -9999 -9999 -9999 -9999 -9999 -9999 26.8504948664393 26.6983723667038 24.4956900349217 21.9394400916107 20.5143489161977 19.1382746948757 20.1652148456075 19.50789064778 18.5776171534054 18.2239257516453 19.4769661477882 21.2284700660059 23.2446223587951 24.5160090357853 26.5236197344133 26.0911588206495 25.736542936018 25.7535157319257 -9999 -9999 -9999 -9999 -9999 -9999 -9999 -9999 -9999 -9999 -9999 -9999 -9999 -9999 -9999 -9999 27.0956771638658 26.7997396257189 26.5397915840149 26.4893750150998 -9999 -9999 -9999
-9999 -9999 -9999 -9999 -9999 -9999 -9999 -9999 -9999 -9999 -9999 -9999 -9999 -9999 -9999 -9999 -9999 -9999 -9999 -9999 -9999 -9999 -9999 26.6836783927981 23.371666569528 22.748014346407 21.4956575064158 20.6086653399139 20.000742136839 19.9400195415673 19.5733398381306 18.2646288830439 19.2985286888576 19.6222786858608 21.5168489234616 22.2781184859561 25.1104166362924 25.8062369453539 25.488867197684 25.7791796610309 -9999 -9999 -9999 -9999 -9999 -9999 -9999 -9999 -9999 -9999 -9999 -9999 -9999 27.4158332745234 27.0574219773213 27.1821094254653 27.226360696199 26.8575910581105 26.5445768162508 26.5326172199441 26.686770879351 -9999 -9999
-9999 -9999 -9999 -9999 -9999 -9999 -9999 -9999 -9999 -9999 -9999 -9999 -9999 -9999 -9999 -9999 -9999 -9999 -9999 -9999 -9999 -9999 26.1795704356004 26.0189453783405 22.3894726609912 21.4825976341188 22.1389583724483 20.9964973802123 20.3807746985105 19.6493684875927 21.2914844042484 20.5844140700648 19.9386588803313 18.6679166998082 19.5424870532004 19.3897331411443 19.5062565101878 23.2031901308363 25.6421614158428 25.7786652919998 -9999 -9999 -9999 -9999 -9999 -9999 -9999 -9999 -9999 -9999 -9999 -9999 27.9850000216153 27.9031641140435 27.613509168981 27.5986849019149 27.5474022886821 27.0019726825114 26.7807096201897 26.8912890288762 27.0852082367384 -9999 -9999
-9999 -9999 -9999 -9999 -9999 -9999 -9999 -9999 -9999 -9999 -9999 -9999 -9999 -9999 -9999 -9999 -9999 -9999 -9999 -9999 -9999 -9999 26.3915625457827 25.6551953936535 22.0583984560059 21.1904882863837 20.3165169318838 20.6192708380512 20.9737630114233 21.0709309905555 21.093066384914 20.5449023515489 19.3845768657383 17.6222916581928 17.4723502044697 17.9181901113473 16.5422330760568 17.5650650821981 23.0796614597508 25.3598176346622 26.5122396267689 -9999 -9999 -9999 -9999 -9999 -9999 -9999 -9999 -9999 -9999 -9999 28.2555860057002 28.3289257845518 27.8498763355084 27.4600521131033 27.562441378883 27.2946288991994 27.1391927335445 27.1221938765682 -9999 -9999 -9999
