2050_A2_MR/TMEAN.asc
NCOLS 720 
NROWS 360 
XLLCORNER -180 
YLLCORNER -90 
CELLSIZE 0.5 
NODATA_value -9999 
[rows 112 to 139 of 360, columns 567 to 629 of 720]
5.60376303293456 7.87789717106139 10.4562369830906 12.4661457940123 13.798841138478 13.5168099218332 11.4897005173124 10.7562239748544 9.34005209933561 10.4395052057342 11.0266341527332 11.669114589833 12.7713215582186 13.0659765408708 12.9025194938636 12.4362565566783 12.5341666595116 13.0359049207979 15.4334049567266 16.3030338490761 16.4446940013126 16.4069335710366 16.4176366929176 16.5803124627466 16.754824193917 16.9108788640608 17.0369531102422 17.035891935439 16.7934114655593 16.5256053864285 16.2631835997439 16.0562629732706 15.9462825116878 15.8846354526528 15.8890104152139 -9999 -9999 -9999 -9999 -9999 -9999 -9999 -9999 -9999 -9999 15.9434375841324 15.7055208289531 -9999 -9999 -9999 -9999 -9999 17.5384245209501 16.4759895769504 16.9340690151837 16.6140299939169 16.9456510234877 16.69781249358 15.5782226082049 14.4937803543502 14.3435069705496 14.6837043863525 -9999
4.20278645440937 8.19623698949551 11.1467643067196 12.7022591303642 14.2915365064621 14.6882552285544 14.1367707983633 14.9630208144143 14.8889973653339 13.9764388006005 13.2062435174804 13.6547981945682 13.9171810325047 14.2306835380144 14.4910936991043 15.4679557087999 15.494440086896 15.5544986341544 16.3411392409082 16.3535025996411 16.5511197987055 16.6665429562248 16.7508984406465 16.9290233551146 17.1265038665617 17.2236133823563 17.2886328456869 17.2550521606747 17.0813021068813 16.8287499642217 16.6252733886319 16.4481574791283 16.2785872285193 16.1565104152324 16.1219792356052 -9999 -9999 -9999 -9999 -9999 -9999 -9999 -9999 -9999 -9999 16.4360547093139 16.3566536250545 -9999 -9999 -9999 -9999 17.2774088867186 17.2847135587478 17.2113216156515 15.888502578687 14.6339127584893 16.8892838956797 16.5290624468983 16.2212564692366 16.9694184297424 16.9999653150638 -9999 -9999
3.56317059787467 8.12544919290025 12.4675390520314 15.1062759878233 16.4943033540014 14.7743945321514 13.9234765774209 13.8998176760069 13.9865560208722 15.3399739825726 16.1161653543045 15.8942773611218 15.5658202881236 15.7691471252778 16.2021939862688 16.3433984170421 16.9026562859727 17.1518880443572 17.1004818397059 16.6601301446696 16.5363801790452 16.9211718850063 17.0822461144819 17.2506119465748 17.4116080658955 17.4296679942069 17.3581640404273 17.1986848197854 17.1079817686775 16.9274479152533 16.8382096217502 16.7951041501174 16.5903775995411 16.3470312676044 16.2971289211971 -9999 -9999 -9999 -9999 -9999 -9999 -9999 -9999 -9999 -9999 -9999 -9999 -9999 -9999 -9999 17.7781770663618 17.697916607062 17.7221875364582 17.5413216243587 16.5948437224043 14.2193945423886 16.6323046885914 -9999 17.9312239630769 -9999 -9999 -9999 -9999
6.25531900614651 11.5918945086221 14.3575195368368 16.7352799330205 17.697213578263 16.353300769743 15.8204296726043 15.0543684725892 14.9152278817363 14.3532942835079 13.6470052020843 13.8049805151162 15.3685155646446 15.8521549052349 15.1469010395848 15.7502929846997 17.272363342726 17.6333528114296 17.4106185295768 16.6241145818785 16.6656575856743 17.1911328497301 17.3908788265177 17.4981900615095 17.5217838749148 17.5272264880217 17.480918020246 17.3368880217533 17.2601888912892 17.1695963385403 17.1830142426728 17.08572919615 16.9692447864686 16.7020312659874 16.5662304460987 16.6041276260425 -9999 -9999 -9999 -9999 -9999 -9999 -9999 -9999 -9999 -9999 -9999 -9999 -9999 -9999 -9999 -9999 -9999 17.8282551660418 15.9050781139117 15.5254036702347 17.753391979522 -9999 -9999 -9999 -9999 -9999 -9999
8.62585286849984 14.483476575417 17.5636523381327 18.2963541593578 18.4004361822845 18.3493033492256 18.0601041932106 17.6478320357598 16.475136698773 15.3125260503821 12.8096549065897 11.6498763001933 13.2112630435321 12.8026367061263 13.2370703266513 14.4281054716063 16.3507617414822 17.8919206073379 17.4984245215546 17.4914062636891 17.1358593240538 17.116022112796 17.4037174657452 17.0721809854229 16.8363607115837 17.3944856194261 17.5813020757422 17.7349283602443 17.672408864037 17.6618489285029 17.4904622505826 17.3530077817237 17.2786328667986 17.0827409039347 16.9996940104299 17.1093359305865 17.1809178936563 -9999 -9999 -9999 -9999 -9999 -9999 -9999 -9999 -9999 -9999 -9999 -9999 -9999 -9999 -9999 -9999 18.0196289548733 17.1815625063918 17.9423307485533 18.6688151096685 -9999 -9999 -9999 -9999 -9999 -9999
12.9747395662003 17.6396484495847 18.4367187950349 18.6245182891806 18.9214323007982 19.1179166691133 18.9233463801739 18.8903711533978 18.1754687198868 17.7435221475596 16.8663346089671 15.9214583605649 15.9796810009288 14.2591210306017 14.3617382768216 14.7000390744286 16.9479492146598 17.9258267854082 17.7093424732327 17.5780077868534 18.1052928961964 17.9514323077219 18.0359831058797 16.9005598234106 15.4908723878561 15.5815755181328 16.9566146096168 18.0119596175409 18.0808072847414 17.9943490117379 17.8612240156045 17.5811523496915 17.3050390641265 17.4520963330524 17.3090493800819 17.558691455512 17.6557813520475 -9999 -9999 -9999 -9999 -9999 -9999 -9999 -9999 -9999 -9999 -9999 -9999 -9999 -9999 -9999 -9999 19.0290625799233 18.5010742545876 18.4197330720424 -9999 -9999 -9999 -9999 -9999 -9999 -9999
18.0461197791723 18.1447070786589 18.2824023320943 18.8317968878576 19.1449219123991 19.4214518103079 19.4505924715805 18.852109365912 18.4537500160731 18.224355511437 17.7086523633345 15.9790820214206 15.3134765331877 14.3999023123272 15.4506054767099 17.5852604858807 18.3387955875632 18.3157812772844 18.3012695125882 18.3220898124676 18.497500019029 18.7589583072344 18.7911653537974 17.917226587976 16.9234961534628 16.0568228714308 17.8661197582198 18.3156055146546 17.9733984756857 17.7019336262181 17.5341406419558 17.3274022616692 17.5268749130535 17.9301627501914 17.8525065081655 17.8456748951305 17.7364757313496 -9999 -9999 -9999 -9999 -9999 -9999 -9999 -9999 -9999 -9999 -9999 -9999 -9999 -9999 -9999 -9999 -9999 19.7601562142373 20.6220832665761 -9999 -9999 -9999 -9999 -9999 -9999 -9999
18.6435807547569 18.393242122919 18.7254101813801 19.1839258210861 19.7225781456543 19.9355923657063 19.2893228876037 19.0471484484874 18.8663477170969 16.6261523147887 14.7191405992204 15.0831445331254 14.9396679761004 13.9069726409119 14.2497461373198 17.3104167014941 18.6252213718166 18.4578710227232 18.4479296177434 18.5550195257113 18.7038867278616 18.9233723984102 18.8666341107663 18.6275390381529 17.9249023572239 18.4949673846553 18.688014274198 17.9037891438047 16.9380859294957 16.4734570026885 16.0471484058662 16.6426367448792 17.7869922487927 18.396022144463 18.4091276209678 18.1773675702715 18.0484027465184 17.9958333969116 -9999 -9999 -9999 -9999 -9999 -9999 -9999 -9999 -9999 -9999 -9999 -9999 -9999 -9999 -9999 17.4744921419701 19.7633202504299 -9999 -9999 -9999 -9999 -9999 -9999 -9999 -9999
18.9937890461189 18.9117513065026 19.3831185264282 19.6867513232607 19.9063801703178 20.1917903785072 19.951536434569 19.2105077939436 17.3420703401164 15.4601497337388 15.9413802115656 16.1899739816147 15.4213997224249 15.9437174237325 16.8037760297644 18.0278776158377 18.7982291203288 18.7039453470848 18.6666601337471 18.7062629674462 18.6480403982108 18.4985677171999 18.156360691626 18.5711132722688 18.8034179943859 19.0789062450905 18.7323633235643 18.0161979453529 17.512018227994 17.343404925926 17.0167643595889 17.5022981638038 17.6963215420705 18.1710091276402 18.021360687643 17.2781445125913 18.0591015739172 18.2205468689402 -9999 -9999 -9999 -9999 -9999 -9999 -9999 -9999 -9999 -9999 -9999 -9999 -9999 -9999 -9999 -9999 -9999 -9999 -9999 -9999 -9999 -9999 -9999 -9999 -9999
18.4599218060405 19.6305794474865 20.0736459183403 20.2080794228092 20.1485091054728 20.5021419721677 19.4841145350527 17.100996093058 16.0330077915813 16.7982552071494 16.1381965932805 17.2963606680915 17.3623958781327 17.6680338089281 17.5423697702536 18.6424088693805 18.9780533589588 19.004296846217 19.0169335942309 18.7526692607625 17.995188813756 17.7402864801678 18.080403670661 17.925722619546 18.9404297466773 19.3801171810119 19.4662890077311 19.1167643718805 18.5524088310771 17.5329752502992 17.5146549973895 18.8066341274382 18.6318099247987 18.2736652953356 17.5008724166501 17.3826757513975 18.2815039446941 -9999 -9999 -9999 -9999 -9999 -9999 -9999 -9999 -9999 -9999 -9999 -9999 -9999 -9999 -9999 -9999 -9999 -9999 -9999 -9999 -9999 -9999 -9999 -9999 -9999 -9999
16.5618685286325 18.2538021172576 20.0464192485584 20.1294792092951 19.8545376865498 18.3694271049103 18.4192903778162 16.2582161670262 16.6456185114647 16.8324869537762 16.7485221040532 17.9004882743042 17.9821680409142 17.5177994461138 18.023639292579 18.7504231937309 19.0406184969833 19.2172851271674 19.3207031678585 18.9212109416417 18.1237109410285 17.6950651703262 17.2489127965202 18.4893619270225 19.3500456032391 19.7743490023772 19.8916535893969 19.6683853090569 18.6562564788778 18.7261328209113 18.4267773434681 17.6888541662351 18.4451432204615 17.9412955359169 17.3751236636383 18.4394075720825 18.7449934891515 -9999 -9999 -9999 -9999 -9999 -9999 -9999 -9999 -9999 -9999 -9999 -9999 -9999 -9999 -9999 -9999 -9999 -9999 -9999 -9999 -9999 -9999 -9999 -9999 -9999 -9999
14.8289388059473 17.2815755035378 18.5429817486455 18.2090299569466 17.3132292049054 17.5538020676573 17.2857942966674 16.944270809798 17.0679426710887 17.5282681924502 16.9013737348529 17.5812109527291 18.1888866650078 18.5122135223017 17.8939908513969 17.7650911636981 17.8916926903471 19.0279687601121 19.5153515715754 19.2219726421919 18.6069922229115 18.2623697911152 19.1652798962089 19.7712565592208 19.9828385822776 20.0316146025561 20.1009310096453 19.9538932473326 19.4553385198513 18.540058604908 17.1867773626606 17.7216471273793 18.0967839219672 18.0758268542827 18.3101041636566 19.1056184963015 19.0039193813912 -9999 -9999 -9999 -9999 -9999 -9999 -9999 -9999 -9999 -9999 -9999 -9999 -9999 -9999 22.4111328610049 22.1330859326588 -9999 -9999 -9999 -9999 -9999 -9999 -9999 -9999 -9999 -9999
14.2068294486213 15.1397004984049 15.7961262839122 15.6255924576677 16.3660416546498 17.2609309932009 17.3288411538669 17.4287825521689 17.6791341096631 17.9272395820843 17.1363997630748 18.0997591414251 18.7144075371864 18.5040820530165 16.8721875382362 18.0115950675726 18.4514388026477 19.3291276130225 19.6714713694007 19.4380534147229 18.9401628016668 18.8320832490662 19.686224027283 20.053287759377 19.7524088873136 20.0301236993187 19.8541471491891 18.624472656148 17.9003125394965 18.8153059836705 18.7589192581605 16.4710677318726 17.2502668978789 18.4501041632865 19.7405338320496 19.422500093778 -9999 -9999 -9999 -9999 -9999 -9999 -9999 -9999 -9999 -9999 -9999 -9999 -9999 -9999 22.8460416197777 -9999 -9999 -9999 -9999 -9999 -9999 -9999 -9999 -9999 -9999 -9999 -9999
13.8754036756927 13.6913606874553 14.3140364174593 14.9736588399861 15.4753971254695 16.890657503569 17.3354426946408 17.4143489962762 17.5913411976946 17.4741927101032 17.8593294292431 17.7969271146902 18.5369075125561 17.5157813228565 17.6701172418294 18.6569660710449 18.8966536745559 19.4184244581734 19.6186784066671 19.4397135677703 18.5810025517276 18.7473372583849 20.064016893262 20.2685611894241 19.6437760666243 19.2444791832215 19.9295377601487 19.0812500629243 19.5805273363079 19.757512973442 18.6620247282046 16.9229622592484 17.9030208338518 19.0225064947643 19.4569791451092 -9999 -9999 -9999 -9999 -9999 -9999 -9999 -9999 -9999 -9999 -9999 -9999 -9999 -9999 -9999 -9999 -9999 -9999 -9999 -9999 -9999 -9999 -9999 -9999 -9999 -9999 -9999 -9999
14.2333007687584 13.5376692892315 13.913509132763 15.2345833458873 16.4906575085616 17.1893294296051 17.1260482260122 16.9332226545704 17.5814257899196 17.5870508203595 17.1488671828696 18.0305924314325 18.4105729022581 17.3247786445645 18.1210090335436 18.5692122227203 19.5184700507451 19.9340429960731 20.0794140445144 19.6507617035727 18.7991015732557 18.6854687164177 20.2985547087419 20.1569336054201 19.3316600982512 19.860325499549 19.2582161647416 19.526341132014 20.2478059823364 19.9059830630004 18.2629362218861 18.1925650893327 19.6759309422645 19.7736110752549 -9999 -9999 -9999 -9999 -9999 -9999 -9999 -9999 -9999 -9999 -9999 -9999 -9999 -9999 -9999 22.9667708495675 -9999 -9999 -9999 -9999 -9999 -9999 -9999 -9999 -9999 -9999 -9999 -9999 -9999
15.0484570585346 14.9969661139902 15.728528600666 17.1179426833949 17.2339582835303 17.5914583421918 17.5049154066369 17.4127734194072 18.0374804399284 17.4162304940899 17.6735546533004 18.0719401365563 18.0858853929259 16.0334504760337 16.7829231586464 19.1437825783347 19.0589779285458 18.9588476429682 19.7710156537252 19.6702929350592 16.9596289380824 17.9249023641156 20.0961523389155 20.3146484418876 20.2748828437146 20.0999544463116 19.8261458381556 19.9302669315983 19.7737044502157 20.0677018442338 19.7905924703765 19.9703580633153 19.9505793513043 -9999 -9999 -9999 -9999 -9999 -9999 -9999 -9999 -9999 -9999 -9999 -9999 -9999 -9999 -9999 23.884140489686 -9999 -9999 -9999 -9999 -9999 -9999 -9999 -9999 -9999 -9999 -9999 -9999 -9999 -9999
16.2742317953168 15.6238021006893 16.3048958578563 18.0842643372692 19.3961979140314 18.634440114571 18.872565111414 18.6247265876496 18.6289453251871 18.8753776176743 18.9181119796744 19.371497371952 18.8901692066553 17.9467122345881 18.7811458246434 18.894388057539 19.0452864584284 19.6949610017254 19.7623437507317 18.9390755290152 17.6752473219733 19.3133788893317 20.9334375022095 20.7018945437372 20.7562499759614 20.0724804571914 19.6042578323759 19.734212176383 19.5814583623637 19.2613997501858 19.9530989683553 20.8632465205181 21.24021920826 -9999 -9999 -9999 -9999 -9999 -9999 -9999 -9999 -9999 -9999 -9999 -9999 -9999 -9999 -9999 -9999 -9999 -9999 -9999 -9999 -9999 -9999 -9999 -9999 -9999 -9999 -9999 -9999 -9999 -9999
16.7720832922787 16.4909114952795 17.806048179077 18.1259440146789 20.4031510028605 20.330279945361 21.0259049711428 20.0553710560129 19.513378895808 20.2001236886027 19.3071159131451 20.5426888098576 19.7797590646449 20.7516146139534 18.9589973697761 19.4841145553865 18.7502474053997 18.6978319988932 19.7965820023489 19.4708138003238 20.1928450285429 20.2930664380081 21.2326171768573 20.5828710943054 20.4328516269858 20.6004883095816 19.8240038778001 20.0784504991736 19.7027473789383 20.9710286115737 21.6549934748433 22.0025564110411 21.3603298779991 -9999 -9999 22.9297917063037 22.3833854819338 -9999 -9999 -9999 -9999 -9999 -9999 -9999 -9999 -9999 -9999 -9999 -9999 -9999 -9999 -9999 -9999 -9999 -9999 -9999 -9999 -9999 -9999 -9999 -9999 -9999 -9999
16.921054667847 18.0849934262632 19.5349739450551 20.3631509778543 21.072174473703 20.9727409411014 20.6828385553963 21.0304882786875 21.3952343488897 22.0277213485918 21.5717252697136 21.9281249935937 21.2819726340184 20.5518424975031 20.6729557186481 19.6944010744131 19.6272526354599 19.8745768132646 19.1399869470834 20.228470076764 21.3921028672538 20.8416992120888 20.88912118125 21.2467773877211 21.1533399005851 21.7194466324768 21.4041926391784 20.7186327954766 21.2979491906746 22.3089192534493 22.8348762805728 -9999 -9999 -9999 23.1274023125092 20.0238802088221 21.1268489807278 -9999 -9999 -9999 -9999 -9999 -9999 24.9445833365122 -9999 -9999 -9999 -9999 -9999 -9999 -9999 -9999 -9999 -9999 -9999 -9999 -9999 -9999 -9999 -9999 -9999 -9999 -9999
17.9393945492772 18.8555404184091 19.2599153735018 20.2088932308091 21.6985026050411 22.252721323062 21.6576627059735 22.1305273760749 21.5850195262735 22.2872134701734 22.0314909008869 22.2832812018117 22.4301953042759 20.0777408917539 21.1123307550854 21.2441080256835 20.9112956320643 20.7435807005129 21.3680142959345 22.060911381202 22.0489778391062 21.1547265950357 21.8216601799305 22.2169726895007 22.4306250024158 22.2147590503534 21.6918489837162 21.3494139887704 22.4895898751017 22.87302088204 -9999 -9999 -9999 23.7362499757686 22.152669243016 14.6526692294459 19.5377865027062 -9999 -9999 -9999 24.4598177321546 -9999 -9999 -9999 -9999 -9999 -9999 -9999 -9999 -9999 -9999 -9999 -9999 -9999 -9999 -9999 -9999 -9999 -9999 -9999 -9999 -9999 -9999
18.5698632564801 18.2010546504592 18.2596484428017 18.8927083361235 20.6717903110812 22.4612109384998 23.5804297718704 23.3226561797621 22.9630078050057 22.8492253254731 22.7584245165218 23.0602670016415 22.1858920029489 21.8726041525879 22.5906704983856 22.420305945776 22.7639778159593 22.6408203131336 22.4154101942842 22.8455794099909 22.103255190464 22.2930859837746 22.6829492269007 22.0064648691302 22.0483008540341 22.3102994549881 22.4410936549708 22.3542708139931 22.638020917629 -9999 -9999 -9999 -9999 24.4442644198273 20.9840103839669 16.7803190320736 22.359342551624 -9999 -9999 -9999 -9999 -9999 -9999 -9999 -9999 -9999 -9999 -9999 -9999 -9999 -9999 -9999 -9999 -9999 -9999 -9999 -9999 -9999 -9999 -9999 -9999 -9999 -9999
18.56783200077 18.1657812691331 19.6115234873314 19.9220052304504 20.7859700639849 20.7341016073595 22.1124804939171 23.1344336135686 23.7302147924832 23.6172330748636 23.2395573337643 23.1725130293606 23.3757356659794 23.4197721258452 23.4593228490236 23.401653673118 23.2463411651314 23.3124219073011 23.739160190604 23.7751106978809 23.6051302437908 23.4762499594922 23.0033789215142 22.3998437505893 22.3042773303064 22.8005534125838 23.1053711599857 22.6458333581686 -9999 -9999 -9999 -9999 -9999 24.7481510938732 18.084576820377 19.3759635398237 22.9800259968051 -9999 -9999 -9999 -9999 -9999 -9999 -9999 -9999 -9999 -9999 -9999 -9999 -9999 -9999 -9999 -9999 -9999 -9999 -9999 -9999 -9999 -9999 -9999 -9999 -9999 -9999
21.6366146193008 20.6541992021082 21.435000029267 22.7209765034409 21.6294531240478 22.5508072847559 23.1280338077204 23.6186718947222 23.9040428730569 23.9766080319947 23.7464518167949 23.5792773826393 23.18570316981 22.8176562558597 23.1018359608426 22.9566081079947 23.4596158763949 23.5972851504786 23.9232421702166 24.0987890275032 24.0553710672452 23.7474999274645 23.551035166458 23.4217707365751 23.3795833835999 23.0446354697148 -9999 -9999 -9999 -9999 -9999 -9999 -9999 25.3667317500513 20.6426301834037 23.2283333142598 -9999 -9999 -9999 -9999 -9999 -9999 -9999 -9999 -9999 -9999 -9999 -9999 -9999 -9999 -9999 -9999 -9999 -9999 -9999 -9999 -9999 -9999 -9999 -9999 -9999 -9999 -9999
20.4121614327436 22.9226562424489 24.1289061795963 23.8542968148832 22.8707030791184 23.2717838154827 23.7597721333995 24.0048437755858 23.655585884179 23.6959440370008 23.9819401100686 23.790976593973 23.4360741896849 23.6020313221924 24.0712500091732 22.64049478867 23.5897525967237 23.4840429921948 23.89589845037 24.1198957798722 23.6455207543267 23.7322069603446 23.8229687263568 -9999 -9999 -9999 -9999 -9999 -9999 -9999 -9999 -9999 -9999 25.565520743529 24.3164974048548 -9999 -9999 -9999 -9999 -9999 -9999 -9999 -9999 -9999 -9999 -9999 -9999 -9999 -9999 -9999 -9999 -9999 -9999 -9999 -9999 -9999 -9999 -9999 -9999 -9999 -9999 -9999 -9999
22.0633137853847 19.0588216403574 23.7794075328012 24.4969009816625 24.2762955757743 23.7989909488403 23.3250846248359 22.8445247532903 23.0318294275636 24.0035546770684 24.4113476130118 24.4122481749048 24.302397970911 24.5253644957779 24.7477083004598 24.0858658771798 24.1122721307315 23.9383332977692 23.7723958219091 -9999 -9999 -9999 -9999 -9999 -9999 -9999 -9999 -9999 -9999 -9999 -9999 -9999 -9999 -9999 25.8745834827423 -9999 -9999 -9999 -9999 -9999 -9999 -9999 -9999 -9999 -9999 -9999 -9999 -9999 -9999 -9999 -9999 -9999 -9999 -9999 -9999 -9999 -9999 -9999 -9999 -9999 -9999 -9999 -9999
22.1100521210157 21.7744466279131 22.7726888094861 24.6864127223482 25.2578190356859 25.351354169119 24.386607997364 24.1192903836575 24.4537824645673 24.5509373943011 24.5778125325839 24.6418054915137 24.8449045725288 25.0072786754853 24.9252864500318 24.5693229536215 24.2151041726271 -9999 -9999 -9999 -9999 -9999 -9999 -9999 -9999 -9999 -9999 -9999 -9999 -9999 -9999 -9999 -9999 -9999 -9999 -9999 -9999 -9999 -9999 -9999 -9999 -9999 -9999 -9999 -9999 -9999 -9999 -9999 -9999 -9999 -9999 -9999 -9999 -9999 -9999 -9999 -9999 -9999 -9999 -9999 -9999 -9999 -9999
21.6586133264288 21.9800780935545 22.2601366818498 23.9211327956953 25.5365234073654 25.9047330906622 25.6499088548699 25.0391667683919 -9999 -9999 -9999 -9999 25.1648111539777 25.1479817271235 25.1996224162319 -9999 -9999 -9999 -9999 -9999 -9999 -9999 -9999 -9999 -9999 -9999 -9999 -9999 -9999 -9999 -9999 -9999 -9999 -9999 -9999 -9999 -9999 -9999 -9999 -9999 -9999 -9999 -9999 -9999 -9999 -9999 -9999 -9999 -9999 -9999 -9999 -9999 -9999 -9999 -9999 -9999 -9999 -9999 -9999 -9999 -9999 -9999 -9999
20.9462499849737 21.0349609382505 22.5853906416772 24.3341211591704 25.6599413917232 26.0726237476721 26.0466667425818 -9999 -9999 -9999 -9999 -9999 -9999 25.4193294555531 25.4775520425164 -9999 -9999 -9999 -9999 -9999 -9999 -9999 -9999 -9999 -9999 -9999 -9999 -9999 -9999 -9999 -9999 -9999 -9999 -9999 -9999 -9999 -9999 -9999 -9999 -9999 -9999 -9999 -9999 -9999 -9999 -9999 -9999 -9999 -9999 -9999 -9999 -9999 -9999 -9999 -9999 -9999 -9999 -9999 -9999 -9999 -9999 -9999 -9999
