2050_A2_MR/TMIN.asc
NCOLS 720 
NROWS 360 
XLLCORNER -180 
YLLCORNER -90 
CELLSIZE 0.5 
NODATA_value -9999 
[rows 224 to 251 of 360, columns 567 to 629 of 720]
-9999 -9999 -9999 -9999 -9999 -9999 -9999 -9999 -9999 -9999 -9999 -9999 -9999 -9999 -9999 -9999 -9999 -9999 -9999 -9999 12.4831252543514 12.7865625172775 13.0684375765661 13.0954686852866 13.0710937533114 12.7054687589886 11.7735939770473 11.4495313020849 11.4434377261314 11.7698438041536 11.6254688070219 11.0031249675666 10.0328125206209 9.46656237534293 9.82796871705953 10.2871874279163 10.4953124977198 10.8901562400444 11.2806250757783 11.1425000582507 10.9774999025315 10.783593625067 10.72499991982 10.7109374556316 10.6242185537082 10.5979686980961 10.5670312052912 10.3456249538671 10.3104688379091 10.1057813319156 9.81281244773196 9.40140621385429 8.73812493691659 8.07781258244158 7.57109374562481 7.46359372905507 7.43500003985418 7.35890622460519 7.26187494461031 7.57703127082343 7.82921866438665 7.68750005319546 7.62375002449085
-9999 -9999 -9999 -9999 -9999 -9999 -9999 -9999 -9999 -9999 -9999 -9999 -9999 -9999 -9999 -9999 -9999 -9999 -9999 -9999 12.661875193233 12.57515615261 12.7051563564328 12.628593862583 12.6014062319783 12.5564061107267 11.8903126268088 11.4106249658622 10.5818750864487 10.2351562681582 9.88968734575119 10.1293750863484 10.0435937496259 9.61703108234229 9.33015635649237 9.59484379046143 9.85921867228422 10.1659374986527 10.3735938080637 10.5743751084021 10.4304686493051 10.3040626203716 10.301718727177 10.2848437879298 10.2431249769895 10.1399998369029 10.1540624351329 9.95515620738035 9.8328126077982 9.67593739973092 9.48140639103796 9.0700000676952 8.50515626400162 7.94749982658183 7.47875000542402 7.23109374957886 7.11531250955717 7.03218750686868 6.82125005136038 6.56265616471601 6.47453124937037 6.40921867003815 6.50015619490739
-9999 -9999 -9999 -9999 -9999 -9999 -9999 -9999 -9999 -9999 -9999 -9999 -9999 -9999 -9999 -9999 -9999 -9999 -9999 -9999 12.5262501587283 12.3473436832404 12.1889061783969 11.9889062202047 11.5609375542402 11.5270312888423 11.7754687082587 11.584687516367 10.8623437729587 10.2859373990177 9.15156249689616 8.97640626149618 9.28015632969891 9.19453124786684 8.86687496373029 8.88546879636882 9.29515633024489 9.71374999038032 9.88812500266264 9.91578139410945 9.82109369384254 9.72765626056689 9.71359370694618 9.78437523590139 9.76937489240969 9.82078121633433 9.92718744334426 9.7646873745361 9.43749994064564 9.1087499710753 8.94281256210615 8.53640615971612 7.90078118503167 7.32796874710027 6.82593756241195 6.38562496855104 6.10578125113412 6.05874999758365 5.90546883792927 5.66812501221886 5.19703123045947 4.98312501640301 5.24703127141309
-9999 -9999 -9999 -9999 -9999 -9999 -9999 -9999 -9999 -9999 -9999 -9999 -9999 -9999 -9999 -9999 -9999 -9999 -9999 -9999 12.4725000113998 12.2160937639298 11.6596875194369 11.3007812952471 10.9614062611321 10.6715624929831 10.4728125045731 10.5534374281292 10.5595313616548 9.8242188547316 9.0835937114933 8.6815625134328 8.51281236197447 8.34750005659307 8.31796862208011 8.47109361014671 8.69796888592263 9.04062509597582 9.31062501737257 9.35234369385213 9.19578118679787 9.15015631966943 9.22187496757936 9.27109386066091 9.29125003566905 9.45796881645677 9.25781250055065 9.22140625179503 9.15156228862969 8.85609370484007 8.58749997663236 8.0451563154721 7.40671877585696 6.72562500122163 6.0689063301127 5.46359369208894 4.93343751184745 4.80718750569507 4.91125001773937 4.73296883739015 4.89468748845517 5.21937508065839 5.70828125553546
-9999 -9999 -9999 -9999 -9999 -9999 -9999 -9999 -9999 -9999 -9999 -9999 -9999 -9999 -9999 -9999 -9999 -9999 -9999 12.3244270434431 12.2734895400628 11.8367188575629 11.1340624394755 10.7239061747804 10.5542187693885 10.2257812770671 9.98953114499678 9.47421878609022 9.30734385649969 9.0864062323133 8.54312493031493 7.9132811736923 7.65312498145918 7.64718746429543 7.77000002591623 7.94109359406995 8.07234378180592 8.31046859208336 8.59265631475804 8.69625003689707 8.67984376913468 8.64218743197578 8.69093747489113 8.707656324469 8.71843741884721 8.9614063208367 8.71906252234461 8.86781249966996 8.83781248357671 8.58390617384838 8.35890627685307 7.80843750423673 7.32890623103526 6.6196874901823 5.74406252025401 5.12796875055881 4.69859373559298 4.64843749975266 4.94281257635333 5.05531256570473 5.19687499789076 5.57359378753241 6.1168750447993
-9999 -9999 -9999 -9999 -9999 -9999 -9999 -9999 -9999 -9999 -9999 -9999 -9999 -9999 -9999 -9999 -9999 -9999 -9999 12.1458330949685 11.9467707776054 11.476250082577 10.8720312716198 10.3840626032014 10.2593748869249 9.88828119666992 9.44531241099789 9.04953131117288 8.54937501277446 8.11468752496082 7.36328128796411 6.75265622958572 6.91437510440412 7.20984374023563 7.35937492588821 7.56562496760526 7.70671872833641 7.76812501308163 8.04468747280661 8.08921877341547 8.03906253765777 8.09234377035769 8.11156242384702 8.06078120372304 8.1728125367575 8.34921880117506 8.2489061509481 8.57296888552514 8.48953135342705 8.24875005375875 7.65953125142515 7.04812503695739 6.62624999211431 6.28687497281743 5.81765630114888 5.2460937501388 4.70421877512623 4.70843748763041 5.10687503245023 5.61781254392906 5.74812498659225 5.97156250442557 6.26593758161339
-9999 -9999 -9999 -9999 -9999 -9999 -9999 -9999 -9999 -9999 -9999 -9999 -9999 -9999 -9999 -9999 -9999 -9999 -9999 -9999 11.5156248810104 11.1054688396676 10.5935937467586 10.1803124105554 9.89859391797552 9.47828120045104 9.16984365931921 8.88796876418006 8.48390609066095 7.93515631584272 7.09843743594509 6.59203132239412 6.60562498108532 6.78453126532319 6.84640625113873 7.06984379916121 7.19781250530307 7.36437507004991 7.56546875115781 7.65921869158409 7.55000003463463 7.5549999926412 7.57937499168216 7.57921875304496 7.75781256739708 7.70906250981258 7.72359371245708 7.79390622015359 7.84218747982363 7.67484370677603 6.91359378434664 6.08156254161546 5.60437493822359 5.42312494738084 5.13953123305315 4.72203121383733 4.35265627529613 4.65171879539314 5.19546876838542 5.71562499547089 6.01187498121217 6.23984380043269 6.39406248154061
-9999 -9999 -9999 -9999 -9999 -9999 -9999 -9999 -9999 -9999 -9999 -9999 -9999 -9999 -9999 -9999 -9999 -9999 11.6568747758773 11.4043749571659 11.1643751863254 10.7168749127606 10.1698437038716 9.67687509981121 9.36843751409622 9.04937501270514 8.86890619991436 8.69156230971464 8.47453114351888 7.96093755183474 7.29718749190432 6.69890624269703 6.62531248490725 6.74187502289347 6.78406246022068 6.82000000787509 7.01828121399858 7.16656244547563 7.18484366721477 7.23312497924755 7.14359380335585 7.06468753558476 7.20015621215304 7.20749996627524 7.20046882388982 7.03874995612514 6.99421871513294 7.04250000456103 7.14703127787856 7.0153125380522 6.48187503252583 5.80968751039033 5.13843752469548 4.73828125785238 4.41109380182375 4.15109374418804 4.06015624127911 4.45437497668757 5.06562501967694 5.63546872158028 5.90499994922621 6.28531258568847 6.66593753529665
-9999 -9999 -9999 -9999 -9999 -9999 -9999 -9999 -9999 -9999 -9999 -9999 -9999 -9999 -9999 -9999 -9999 -9999 -9999 11.2349999448279 10.7475001714486 10.2409377399536 9.72765614119957 9.28890623184169 8.9570312353257 8.71265624482554 8.70046873423052 8.56968736683165 8.44453124724356 8.39125003648764 7.79781254375556 6.93843750654572 6.64171878236532 6.54265626507229 6.57499990629803 6.65124993043484 6.77828131635419 6.98390622484912 6.94078126593018 6.84874991354594 6.80000011640748 6.85031247900186 6.83953127308581 6.73609383442168 6.58421877798456 6.64250011017975 6.55578123056964 6.76781249056324 6.80624999877136 6.48828133223555 6.11562502361112 5.49609367512887 4.83609370110303 4.42593752179823 4.24640625297428 3.7862500093791 3.67187506254858 4.06812499400193 4.96484379452894 5.71187495426097 6.05875002560195 6.42187501476275 6.67171876132258
-9999 -9999 -9999 -9999 -9999 -9999 -9999 -9999 -9999 -9999 -9999 -9999 -9999 -9999 -9999 -9999 -9999 -9999 -9999 -9999 10.5506250611334 9.93250010923905 9.42906248590806 8.93968740130934 8.65000006584117 8.53593751798108 8.35921888076959 8.11078123043811 8.11500005455618 8.40999990715478 7.87562505893496 6.91218746458887 6.41718744535189 6.43718760490523 6.39640631538441 6.43703123944984 6.39671886755487 6.45750008561807 6.52968751663207 6.51406246451481 6.41046873526016 6.53531242197418 6.37265622648712 6.33343753246718 6.31937497870797 6.38046878598285 6.13343749240582 6.39515620521045 6.54609373973406 6.20796880889079 6.1615624578356 5.61515626328246 5.09718750406342 4.81687499559148 4.75124996863135 4.49406254995948 4.50906258017381 4.72671877548248 5.13265629102677 5.76812503491784 6.35125001504583 6.63703122713629 6.81656254059453
-9999 -9999 -9999 -9999 -9999 -9999 -9999 -9999 -9999 -9999 -9999 -9999 -9999 -9999 -9999 -9999 -9999 -9999 -9999 -9999 10.1499996185303 9.87609377487562 9.25500002509817 8.79687495530873 8.46171876797391 8.25484371220246 7.98296881480944 7.94796867677575 8.14718765027254 8.06234387336573 7.61562500191219 6.80031248948063 6.13187500094299 5.86218751959767 6.1809374616483 6.35031247130259 6.15390624083219 6.18843752906272 6.26156261592511 6.21234373775906 5.99671874204589 6.16906248042682 6.05140617515736 6.06468749071255 6.09750007104575 6.01812498295626 5.89906248488666 5.98421870928478 6.12671877482711 5.7967186944203 5.95140622567145 5.60062499331806 5.17828127701974 5.09046877907551 4.96437498157283 4.98531243173107 5.00406248099667 5.23531249124397 5.55265621799587 5.96828120170553 6.27156248657653 6.56078130754221 6.91328130672153
-9999 -9999 -9999 -9999 -9999 -9999 -9999 -9999 -9999 -9999 -9999 -9999 -9999 -9999 -9999 -9999 -9999 -9999 -9999 -9999 -9999 10.0476562677601 9.14109380555354 8.66890609283967 8.21000015767345 7.76968746676407 7.4739063091026 7.57953126034488 7.86734373161113 7.84203124799082 7.1871875080246 6.59734374296866 6.18765620873325 6.10921881314879 6.24656251052907 6.5073437614544 6.42765627034476 6.12562495464861 5.96109371652085 6.00421875721584 5.98406249277577 5.97593750826469 5.82734379927981 5.87015625841252 5.91281247902487 5.81750001766876 5.63937500868232 5.70203127746554 5.78828126208333 5.55906250351463 5.72499995704589 5.49749998032521 5.29874996861084 5.28124997001771 5.21562503262091 5.24921873200804 5.29750003640676 5.61781250664258 5.92812488953317 6.31421877418707 6.59218744912408 6.68828125274922 6.96906246971209
-9999 -9999 -9999 -9999 -9999 -9999 -9999 -9999 -9999 -9999 -9999 -9999 -9999 -9999 -9999 -9999 -9999 -9999 -9999 -9999 -9999 10.038333202276 9.01786447527782 8.5326561330768 8.05078130244828 7.48421876899822 7.26531255994067 7.33859373645289 7.55750001273899 7.24593750439281 6.93656259804204 6.7334374559184 6.61953128101797 6.53874997794628 6.45906248636237 6.47953122091156 6.59999993461737 6.48171873377366 6.0607812552268 5.80656238656415 5.66546878245488 5.7618750484592 5.83218748151801 5.79937502750634 5.85093745591233 5.60250001398883 5.56500007228585 5.57624999442879 5.59078124173062 5.48953131571032 5.47453126298757 5.42812500149009 5.25000003734414 5.36468757692192 5.28265621502408 5.50609377762569 5.6729687076328 5.91656238549066 6.19546869379906 6.57749999302384 6.84328129123288 6.8387500344065 7.28828124690345
-9999 -9999 -9999 -9999 -9999 -9999 -9999 -9999 -9999 -9999 -9999 -9999 -9999 -9999 -9999 -9999 -9999 -9999 -9999 -9999 -9999 9.99083344134769 9.52739580923476 8.58328108491103 7.86515621096575 7.35437501965739 7.07921879764874 7.08593747044482 6.87171875744508 6.59718740784696 6.51421870330578 6.74000001724812 6.80890630182344 6.64328118396782 6.833593770779 6.89390620540206 6.66421876819163 6.62328121056463 6.1193750277586 5.83843742294776 5.67062499346556 5.67937501515371 5.70609377315711 5.8837498573205 5.9212499334074 5.785312428793 5.66343743321787 5.64515627900387 5.62593749152344 5.60296870764961 5.44312500971262 5.40328115228854 5.31937508264729 5.44906249625544 5.55265629258557 5.66828127933223 6.00671868006774 6.17484375829235 6.43265623578141 6.77156248669444 6.99656254047506 7.08203128702321 7.46124993248302
-9999 -9999 -9999 -9999 -9999 -9999 -9999 -9999 -9999 -9999 -9999 -9999 -9999 -9999 -9999 -9999 -9999 -9999 -9999 -9999 -9999 -9999 9.99000024795532 9.19078132461724 8.01046885521974 7.47562497110685 7.0171874386346 6.81296876085354 6.5035937428361 6.37375005339451 6.09437496267112 6.26718751424712 6.49687504077438 6.4171875269627 6.54656255979835 6.67093749349642 6.75859380534369 6.5321874692537 6.10609375682504 5.86046878989957 5.57874998457838 5.51671872295624 5.72343746580142 5.94218758467811 6.11093742401769 6.08124994493222 5.97812499862176 5.87234383090716 5.7443749458142 5.6104687675176 5.59921871108236 5.49921867974457 5.50250000484869 5.64562499526187 5.79234372831763 5.91796879445026 6.22265624976945 6.37312497925499 6.58546871676295 6.83156260111303 7.02656254925699 7.26156250401491 7.29249997448792
-9999 -9999 -9999 -9999 -9999 -9999 -9999 -9999 -9999 -9999 -9999 -9999 -9999 -9999 -9999 -9999 -9999 -9999 -9999 -9999 -9999 -9999 10.4899997711182 9.67640635341424 8.2542188464472 7.49015624072281 7.19203125684322 6.77875003211715 6.55515628300897 6.22187497486396 5.64859374632391 5.39718740489987 5.89265629692353 6.16921873416529 6.42515621364238 6.5617186800874 6.55234373373158 6.51109375067969 6.11312501134296 5.72781249905664 5.63312506659439 5.68546876276555 5.84156255397643 6.09875011444695 6.02843761456 5.91906242092028 5.78781250138655 5.68156259523372 5.63515633356785 5.62500005964685 5.68125000600267 5.64921880511243 5.66375005240988 5.72296877189921 5.79937493792675 6.06187500806776 6.4650000034165 6.52171877765812 6.64968746160777 6.71250001351959 6.80906248864392 6.95312491839938 7.0121874291056
-9999 -9999 -9999 -9999 -9999 -9999 -9999 -9999 -9999 -9999 -9999 -9999 -9999 -9999 -9999 -9999 -9999 -9999 -9999 -9999 -9999 -9999 -9999 9.4764062014368 8.08562497057985 7.28671874129452 7.15546870979467 6.93640624003178 6.5285937487876 5.98218748712335 5.65828128876071 5.55750004179881 5.63250003750885 5.91718753442449 6.15015622976675 6.4403124376966 6.36015625285322 6.26171884692444 6.13093755414211 5.86953122906246 5.86062497637801 5.93203122163595 6.07453121991093 6.03406260169054 5.91312492631311 5.81312493969409 5.74750000223388 5.69906254845002 5.66625007971991 5.67671883089173 5.78453133983692 5.78999995417999 5.70140621057601 5.66484374564765 5.94093753405432 6.37640630438721 6.52734372727624 6.59984378519153 6.56093753883772 6.55062499659808 6.54640628394383 6.55656252815097 6.59218749422141
-9999 -9999 -9999 -9999 -9999 -9999 -9999 -9999 -9999 -9999 -9999 -9999 -9999 -9999 -9999 -9999 -9999 -9999 -9999 -9999 -9999 -9999 -9999 9.89640633722984 8.39171879681239 7.12874995173822 7.1353124231145 6.79531241214459 6.5885937138635 6.23437501455943 5.9385937897665 5.87812498182786 5.86874999072359 5.93781251441879 6.12859375030029 6.52750003325571 6.4164063781867 6.21625003964307 6.04468750202471 5.83109376593236 5.89390622826904 6.0726562215147 6.0914062708234 6.02421880508559 6.03125005949074 5.98562502098879 5.93406250312988 5.90156244466937 5.84062500285134 5.92421872891283 6.11078129673173 6.123750060485 5.94796876578376 5.7590625506937 6.01687500605768 6.5301562248709 6.83156248915577 6.65421866614381 6.51406251637179 6.45078128574856 6.48875003320347 6.46093755217054 6.35593751837575
-9999 -9999 -9999 -9999 -9999 -9999 -9999 -9999 -9999 -9999 -9999 -9999 -9999 -9999 -9999 -9999 -9999 -9999 -9999 -9999 -9999 -9999 -9999 10.1243752240627 9.25625015730072 7.3592188058886 6.85953129130363 6.59406244774665 6.47546871032864 6.34656248267215 5.91156254001813 5.7190624625223 5.87187501796807 5.99406243862367 6.13984369500094 6.36796879790265 6.51187503348321 6.37171883886247 6.19359371827066 5.98843745886533 6.09859372672206 6.1743750125349 6.11765623826278 6.11906252788418 6.16078131632693 6.19015628076952 6.18828132726114 6.20765635341546 6.29296886130518 6.47921877298571 6.76046875049947 6.75984385542455 6.55546880459707 6.38843760585782 6.49953121647934 6.7378125113883 6.90468748663229 6.96109386518031 6.72765625250512 6.54437501724947 6.40609375383619 6.30578122283729 6.19046874328882
-9999 -9999 -9999 -9999 -9999 -9999 -9999 -9999 -9999 -9999 -9999 -9999 -9999 -9999 -9999 -9999 -9999 -9999 -9999 -9999 -9999 -9999 -9999 -9999 9.94343765035721 7.38875006148504 6.11843754421613 6.09343756795073 6.10281242463138 6.04375000320669 5.64390631024612 5.58921878053173 5.79968749734611 5.9762499779582 6.25984380361666 6.4476562883981 6.54796871526765 6.32765622438861 6.00890623791588 5.97765625270681 6.17359372219668 6.15468748660237 6.20765624192432 6.28828128413336 6.36937503496709 6.47562508262101 6.5454687770747 6.74296881202988 6.98437495464988 7.29328124896471 7.63781251687962 7.18125009536741 6.89249992370605 6.72500014305115 6.77562496066094 6.88500005006791 7.00406263748559 7.13265624630527 7.05390625412839 6.75859375267551 6.52468744650335 6.52281250029358 6.35546885420009
-9999 -9999 -9999 -9999 -9999 -9999 -9999 -9999 -9999 -9999 -9999 -9999 -9999 -9999 -9999 -9999 -9999 -9999 -9999 -9999 -9999 -9999 -9999 -9999 9.73140628684685 6.77671865462751 5.73234377836848 5.88843748710924 5.64984373004803 5.84234375512359 5.71765621750581 5.69125001846944 5.87921871222996 6.23984363633004 6.58250001798333 6.54749999907416 6.63281257406459 6.40625003694092 6.14421869018308 6.23624998308786 6.16921878586249 6.22921873615204 6.35109366459972 6.51697921486404 6.6726041558287 6.84124991297725 7.15249997377396 7.27749999364218 7.47999997933706 7.61999988555908 -9999 -9999 -9999 -9999 -9999 -9999 -9999 -9999 7.28000020980835 7.15000015497206 7.21562509177218 7.32968751261625 6.8920311848231
-9999 -9999 -9999 -9999 -9999 -9999 -9999 -9999 -9999 -9999 -9999 -9999 -9999 -9999 -9999 -9999 -9999 -9999 -9999 -9999 -9999 -9999 -9999 -9999 8.71171879872572 5.82515619011818 5.59218749390771 5.98171872638432 5.7670311627765 5.83109374340425 5.87234381562835 5.95562505710791 6.19984369696179 6.70625005630745 7.03343746759457 7.17937502198025 7.20703123463151 6.87968755469731 6.69921869747785 6.6609375472349 6.51093744452354 6.51890622792511 6.65953127262562 6.74979166419518 6.80416663487753 -9999 -9999 -9999 -9999 -9999 -9999 -9999 -9999 -9999 -9999 -9999 -9999 -9999 -9999 -9999 -9999 8.33374985973116 7.48359374658944
-9999 -9999 -9999 -9999 -9999 -9999 -9999 -9999 -9999 -9999 -9999 -9999 -9999 -9999 -9999 -9999 -9999 -9999 -9999 -9999 -9999 -9999 -9999 9.60416642824793 7.33776045144215 5.3265625163189 5.6425000500499 6.19140624237146 6.16421874589014 6.07031247741051 6.19874996673038 6.36671873896768 6.63953122453409 7.02859383003257 7.55687494514542 7.90234360030093 7.96515621910143 7.75062502850919 7.35640630806002 7.19312498669173 7.06421875891721 7.28500008583069 -9999 -9999 -9999 -9999 -9999 -9999 -9999 -9999 -9999 -9999 -9999 -9999 -9999 -9999 -9999 -9999 -9999 -9999 -9999 8.66375017166134 8.11953121396472
-9999 -9999 -9999 -9999 -9999 -9999 -9999 -9999 -9999 -9999 -9999 -9999 -9999 -9999 -9999 -9999 -9999 -9999 -9999 -9999 -9999 -9999 -9999 9.38401028051767 7.0726042115832 5.74328123719871 6.09015624186342 6.3760937004155 6.39671879248701 6.38765620414109 6.49359384896712 6.8082812201048 7.52546875082739 8.22859371338012 8.54312501009039 8.81031234488334 8.99359376646593 8.68015625251329 8.22406245696656 7.88406247586275 7.82124990167708 -9999 -9999 -9999 -9999 -9999 -9999 -9999 -9999 -9999 -9999 -9999 -9999 -9999 -9999 -9999 -9999 -9999 -9999 -9999 -9999 -9999 -9999
-9999 -9999 -9999 -9999 -9999 -9999 -9999 -9999 -9999 -9999 -9999 -9999 -9999 -9999 -9999 -9999 -9999 -9999 -9999 -9999 -9999 -9999 -9999 10.2415623664429 8.12000003361638 6.91625010852743 6.86140622121288 6.91703119823425 6.94046876538197 7.00328123541815 7.24093744841998 7.86906252762518 8.2375001310715 -9999 -9999 -9999 -9999 -9999 -9999 -9999 -9999 -9999 -9999 -9999 -9999 -9999 -9999 -9999 -9999 -9999 -9999 -9999 -9999 -9999 -9999 -9999 -9999 -9999 -9999 -9999 -9999 -9999 -9999
-9999 -9999 -9999 -9999 -9999 -9999 -9999 -9999 -9999 -9999 -9999 -9999 -9999 -9999 -9999 -9999 -9999 -9999 -9999 -9999 -9999 -9999 -9999 -9999 8.85734389702365 8.37640625124614 8.02343735739534 7.92015613509322 7.95343754323597 7.86625006687786 7.74390622211478 8.11750024557116 -9999 -9999 -9999 -9999 -9999 -9999 -9999 -9999 -9999 -9999 -9999 -9999 -9999 -9999 -9999 -9999 -9999 -9999 -9999 -9999 -9999 -9999 -9999 -9999 -9999 -9999 -9999 -9999 -9999 -9999 -9999
-9999 -9999 -9999 -9999 -9999 -9999 -9999 -9999 -9999 -9999 -9999 -9999 -9999 -9999 -9999 -9999 -9999 -9999 -9999 -9999 -9999 -9999 -9999 -9999 -9999 -9999 -9999 -9999 8.8162500858307 -9999 -9999 -9999 -9999 -9999 -9999 -9999 -9999 -9999 -9999 -9999 -9999 -9999 -9999 -9999 -9999 -9999 -9999 -9999 -9999 -9999 -9999 -9999 -9999 -9999 -9999 -9999 -9999 -9999 -9999 -9999 -9999 -9999 -9999
-9999 -9999 -9999 -9999 -9999 -9999 -9999 -9999 -9999 -9999 -9999 -9999 -9999 -9999 -9999 -9999 -9999 -9999 -9999 -9999 -9999 -9999 -9999 -9999 -9999 -9999 -9999 -9999 -9999 -9999 -9999 -9999 -9999 -9999 -9999 -9999 -9999 -9999 -9999 -9999 -9999 -9999 -9999 -9999 -9999 -9999 -9999 -9999 -9999 -9999 -9999 -9999 -9999 -9999 -9999 -9999 -9999 -9999 -9999 -9999 -9999 -9999 -9999
