2050_A2_MR/TMIN.asc
NCOLS 720 
NROWS 360 
XLLCORNER -180 
YLLCORNER -90 
CELLSIZE 0.5 
NODATA_value -9999 
[rows 28 to 55 of 360, columns 441 to 503 of 720]
-9999 -9999 -9999 -9999 -9999 -9999 -9999 -9999 -9999 -9999 -9999 -9999 -9999 -9999 -9999 -9999 -9999 -9999 -9999 -9999 -9999 -9999 -9999 -9999 -9999 -9999 -9999 -9999 -9999 -9999 -9999 -9999 -9999 -9999 -9999 -23.2803124786274 -23.8714062555859 -24.3126562779812 -24.5024998145967 -25.0078126167178 -25.0406248868192 -25.0618749583622 -24.9798438004199 -24.5792187502791 -24.0514059707678 -23.2226561348391 -22.9639062891326 -22.3800001144409 -21.8193751573563 -22.0212500095367 -21.3912506103515 -21.0799999237061 -9999 -9999 -9999 -9999 -9999 -9999 -9999 -9999 -9999 -9999 -9999
-9999 -9999 -9999 -9999 -9999 -9999 -9999 -9999 -9999 -9999 -9999 -9999 -9999 -9999 -9999 -9999 -9999 -9999 -9999 -9999 -9999 -9999 -9999 -9999 -9999 -9999 -9999 -9999 -9999 -9999 -20.0699996948242 -20.4450001716614 -21.3724999427796 -22.7093750238419 -23.5389064234968 -23.8554688378335 -24.8501562168442 -25.1132813725249 -24.2709376561927 -24.0614065279257 -23.1815623092403 -22.4926564139247 -22.6398436138544 -22.6325000524521 -22.3212504386902 -21.6612496376038 -9999 -9999 -9999 -9999 -9999 -9999 -9999 -9999 -9999 -9999 -9999 -9999 -9999 -9999 -9999 -9999 -9999
-9999 -9999 -9999 -9999 -9999 -9999 -9999 -9999 -9999 -9999 -9999 -9999 -9999 -9999 -9999 -9999 -9999 -9999 -9999 -9999 -9999 -9999 -9999 -9999 -9999 -9999 -9999 -9999 -9999 -9999 -19.6379164059957 -20.3420314778004 -21.496093749822 -23.0715624997404 -23.8942188068177 -23.6024999073588 -22.7610937392031 -22.2698437304177 -22.2553128618406 -21.9656249284744 -9999 -9999 -9999 -9999 -9999 -9999 -9999 -9999 -9999 -9999 -9999 -9999 -9999 -9999 -9999 -9999 -9999 -9999 -9999 -9999 -9999 -9999 -9999
-9999 -9999 -9999 -9999 -9999 -9999 -9999 -9999 -9999 -9999 -9999 -9999 -9999 -9999 -9999 -9999 -9999 -9999 -9999 -9999 -9999 -9999 -9999 -9999 -9999 -9999 -9999 -9999 -18.8499994277954 -19.0465104480653 -19.5972915193493 -20.5393750971301 -21.5181251467483 -21.5973438947299 -21.2893750691168 -20.671874972654 -21.2198440437275 -21.0824999809265 -21.5475006103515 -9999 -9999 -9999 -9999 -9999 -9999 -9999 -9999 -9999 -9999 -9999 -9999 -9999 -9999 -9999 -9999 -9999 -9999 -9999 -9999 -9999 -9999 -9999 -9999
-9999 -9999 -9999 -9999 -9999 -9999 -9999 -9999 -9999 -9999 -9999 -9999 -9999 -9999 -9999 -9999 -9999 -9999 -9999 -9999 -9999 -9999 -9999 -9999 -9999 -9999 -17.2249994277954 -17.9689064036919 -18.3171872197785 -18.9375000283351 -19.8642188020914 -20.3673439915134 -20.5379689652199 -20.2478123026652 -19.8987493817478 -9999 -9999 -9999 -9999 -9999 -9999 -9999 -9999 -9999 -9999 -9999 -9999 -9999 -9999 -9999 -9999 -9999 -9999 -9999 -9999 -9999 -9999 -9999 -9999 -21.8250000476837 -22.076250076294 -9999 -9999
-9999 -9999 -9999 -9999 -9999 -9999 -9999 -9999 -9999 -9999 -9999 -9999 -9999 -9999 -9999 -9999 -9999 -9999 -9999 -9999 -9999 -9999 -9999 -9999 -9999 -16.3931248188019 -17.3849999904633 -18.3148437718509 -18.9781251831557 -19.7737500362708 -19.4981248975908 -19.4392187624021 -19.014999510939 -19.5699999332428 -9999 -9999 -9999 -9999 -9999 -9999 -9999 -9999 -9999 -9999 -9999 -9999 -9999 -9999 -9999 -9999 -9999 -9999 -9999 -9999 -9999 -9999 -9999 -9999 -21.8799991607666 -21.9187502262568 -22.2445313330141 -22.561874985401 -9999
-9999 -9999 -9999 -9999 -9999 -9999 -9999 -9999 -9999 -9999 -9999 -9999 -9999 -9999 -9999 -9999 -9999 -9999 -9999 -9999 -9999 -9999 -9999 -9999 -16.0460937779149 -16.7973434928506 -17.3814061277898 -17.9085938322503 -18.5962501771848 -18.4049998328557 -18.5371874076618 -18.4750003814697 -9999 -9999 -9999 -9999 -9999 -9999 -9999 -9999 -9999 -9999 -9999 -9999 -9999 -9999 -9999 -9999 -9999 -9999 -9999 -9999 -9999 -9999 -9999 -9999 -9999 -21.8907811336877 -22.2203125051309 -22.595781385128 -22.970781385128 -23.3064061394943 -23.7081251435363
-9999 -9999 -9999 -9999 -9999 -9999 -9999 -9999 -9999 -9999 -9999 -9999 -9999 -9999 -9999 -9999 -9999 -9999 -9999 -9999 -9999 -9999 -15.700000166893 -15.4391669432322 -15.8966667294644 -16.9698436848434 -17.7634375389767 -18.1007815308439 -18.0389063663062 -17.8532810617246 -17.7224998277551 -9999 -9999 -9999 -9999 -9999 -9999 -9999 -9999 -9999 -9999 -9999 -9999 -9999 -9999 -9999 -9999 -9999 -9999 -9999 -9999 -9999 -9999 -9999 -9999 -9999 -22.0940625960483 -22.4725001446241 -22.88875019462 -23.249218552401 -23.5918748668569 -23.9739063075353 -24.3292188039518
-9999 -9999 -9999 -9999 -9999 -9999 -9999 -9999 -9999 -9999 -9999 -9999 -9999 -9999 -9999 -9999 -9999 -9999 -9999 -9999 -9999 -15.7106249034069 -15.7856250552263 -15.7545312943075 -16.1206250194999 -16.8123435243066 -17.3270313160105 -17.5493749983633 -17.7171876726307 -17.8192187540684 -18.1060937640795 -9999 -9999 -9999 -9999 -9999 -9999 -9999 -9999 -9999 -9999 -9999 -9999 -9999 -9999 -9999 -9999 -9999 -9999 -9999 -9999 -9999 -9999 -9999 -22.3275001049042 -22.483594149215 -22.639218776822 -23.0665625626371 -23.5189065629299 -23.8540626459063 -24.1240624777925 -24.4510937326219 -24.7510934466346
-9999 -9999 -9999 -9999 -9999 -9999 -9999 -9999 -9999 -9999 -9999 -9999 -9999 -9999 -9999 -9999 -9999 -9999 -9999 -9999 -9999 -9999 -15.8662501573563 -15.7090626656172 -16.1056248541773 -16.2435940653616 -16.6303128601547 -17.1879687013 -17.8817185757572 -18.4531248202678 -18.6584376978958 -18.9049997329712 -9999 -9999 -9999 -9999 -9999 -9999 -9999 -9999 -9999 -9999 -9999 -9999 -9999 -9999 -9999 -9999 -9999 -9999 -9999 -9999 -22.2000001271566 -22.3359372614547 -22.5375001723178 -22.8218750052335 -23.1617188446297 -23.5456249409083 -23.9585941130563 -24.3678124243075 -24.6715627604203 -24.9339062864109 -25.1987497502835
-9999 -9999 -9999 -9999 -9999 -9999 -9999 -9999 -9999 -9999 -9999 -9999 -9999 -9999 -9999 -9999 -9999 -9999 -9999 -9999 -9999 -9999 -9999 -9999 -9999 -9999 -17.0149998664856 -17.5818754434586 -18.1425000429154 -18.4915624260974 -18.9176560046043 -19.2139059603727 -19.5481246708439 -20.2300002576639 -20.1962498426151 -9999 -9999 -9999 -9999 -9999 -9999 -9999 -9999 -9999 -9999 -9999 -9999 -9999 -9999 -9999 -9999 -9999 -22.4524999856949 -22.744531422141 -23.0196878010624 -23.327500074529 -23.6349998706381 -24.0190626377696 -24.3964062627681 -24.7409374411459 -25.0962499376197 -25.2703125172632 -25.5890625710506
-9999 -9999 -9999 -9999 -9999 -9999 -9999 -9999 -9999 -9999 -9999 -9999 -9999 -9999 -9999 -9999 -9999 -9999 -9999 -9999 -9999 -9999 -9999 -9999 -9999 -9999 -9999 -9999 -9999 -9999 -9999 -19.1937501430512 -19.6025002002716 -20.1624994277954 -9999 -9999 -21.0150003134918 -21.4742188450708 -21.6500000953674 -21.7299995422363 -9999 -9999 -9999 -9999 -9999 -9999 -9999 -9999 -9999 -9999 -9999 -9999 -9999 -23.2207812363878 -23.4776564830224 -23.7723437244073 -24.0826558167473 -24.4315626019839 -24.7048440273181 -25.0062501130153 -25.339062362683 -25.6542187925568 -25.9420311744752
-9999 -9999 -9999 -9999 -9999 -9999 -9999 -9999 -9999 -9999 -9999 -9999 -9999 -9999 -9999 -9999 -15.6462498903275 -15.9949998855591 -9999 -9999 -9999 -9999 -9999 -9999 -9999 -9999 -9999 -9999 -9999 -9999 -9999 -9999 -9999 -9999 -9999 -9999 -20.8700008392334 -21.2587504386902 -21.6449996232987 -21.8034376206987 -22.0481249990695 -22.3476560412399 -22.3387498549387 -22.3996876466899 -22.327968953971 -22.8093749284744 -22.8468754291534 -22.9037506580353 -9999 -9999 -9999 -9999 -23.433124840017 -23.6812497374447 -23.8960934578481 -24.197499722152 -24.4234372968757 -24.698281347408 -25.0203125475006 -25.3093750473936 -25.6374998685226 -25.9379686710662 -26.2496875819809
-9999 -9999 -9999 -9999 -9999 -9999 -9999 -9999 -9999 -9999 -9999 -9999 -9999 -9999 -9999 -15.413281574818 -15.8159373398299 -16.1299999352852 -16.2818750142766 -16.4399998982747 -9999 -9999 -9999 -9999 -9999 -9999 -9999 -9999 -9999 -9999 -9999 -9999 -9999 -9999 -9999 -9999 -9999 -20.9799995422363 -9999 -21.681562334311 -21.8235937956069 -22.323749959673 -22.7310939131399 -23.0404688114939 -23.2485941039796 -23.2359372664618 -23.0835936957564 -23.0265624818076 -23.1324994563154 -23.5437498092651 -23.5687503814697 -23.5499992370605 -9999 -23.7974998950958 -23.931250333786 -24.3043750224694 -24.6639061866778 -24.8839064835232 -25.1468751727158 -25.4800000189311 -25.8489062188169 -26.0992188750166 -26.415156096074
-9999 -9999 -9999 -9999 -9999 -9999 -12.0575001239777 -12.4824998378754 -12.5762499570847 -12.8025002479553 -13.2450000047684 -9999 -9999 -9999 -9999 -15.2843747138977 -15.6537501215935 -15.9281252026558 -16.1625003814697 -9999 -9999 -17.2875001430512 -17.7112498283386 -17.9391666253408 -18.2490107615042 -18.5128125844325 -18.6471872329262 -18.7099990844727 -9999 -19.1993751525879 -19.6287499666214 -19.8987499475479 -19.9231247901917 -20.0929691195358 -20.3835942442364 -20.5879688256127 -20.7304688688977 -20.8881249428127 -21.203750371933 -21.5221877693822 -21.6890623865308 -21.9584375617827 -22.5026560725523 -23.0046876078262 -23.2939062718925 -23.5973436234545 -23.5776562978463 -23.6793749916485 -23.8579687170375 -24.0878126615441 -24.1131253833942 -24.267968772791 -24.3893745825426 -24.4571870854126 -24.690624833107 -24.6474995613098 -24.7906250355875 -25.0323437152694 -25.2793749867732 -25.6085938213799 -25.953593760441 -26.4174999892238 -26.6767189504481
-9999 -9999 -9999 -9999 -9999 -9999 -12.0575001239777 -12.1309376069832 -12.6550000605981 -13.151250048592 -13.5993750682474 -13.9624998569489 -9999 -9999 -9999 -9999 -9999 -9999 -9999 -16.822499871254 -17.2912502288819 -17.4149999317291 -17.9217183882649 -18.069635649193 -18.4652605846781 -18.6867191491182 -18.7367190120795 -18.7462499141693 -18.8474999666214 -19.1689063311392 -19.582812309381 -19.8514064551594 -19.8856252730839 -20.0296878518401 -20.6015621721059 -20.953125118968 -21.1378125541197 -21.1575001174023 -21.2481251358844 -21.6965624685964 -22.1535938968676 -22.5303125071077 -22.7834373107671 -22.8790627715772 -23.0107813182296 -23.6943748592715 -24.0487500129522 -24.2067187427138 -24.4837498060768 -24.5364061290464 -25.2999998305716 -26.0515625740354 -25.8326561428691 -25.3506248282063 -24.9526563578194 -24.7293228605496 -24.9146354595619 -25.1101560294262 -25.3754687009953 -25.7389064429358 -26.0628126859783 -26.3129687610399 -26.5946877003024
-12.046406312907 -9999 -9999 -9999 -9999 -9999 -9999 -11.8632812348427 -12.2879687099433 -12.8467187585536 -13.4856249690056 -14.1362500190735 -9999 -9999 -9999 -16.0712498426437 -16.2470309131534 -16.4507812557327 -16.7456246910827 -16.9349997935602 -17.304843693987 -17.5901564360078 -17.8498437108935 -18.1495311859091 -18.4795313179481 -18.6256247755655 -18.6968749759362 -18.9179688095114 -19.0750002560261 -19.3756251632695 -19.5706248877403 -19.8239063621972 -20.0620311801328 -20.1307815019459 -20.3079688548723 -20.8078124227666 -21.1490626334979 -21.5095314083866 -21.6093750291413 -22.0642187592405 -22.4504688381311 -22.845937490409 -23.1843749583853 -23.2132813633326 -23.2343753273534 -23.7407808896563 -24.1106248796175 -24.4692190890419 -24.813749999044 -25.0026561319155 -26.0709375137173 -26.7425001860704 -26.2615624956848 -25.1962501706251 -24.9735938313279 -25.0918746890337 -25.0796876252052 -25.2485936285494 -25.4693752826299 -25.7110935450745 -26.0049997272562 -26.2323437335007 -26.5117186905854
-12.4893750098877 -12.2725000531047 -9999 -9999 -9999 -9999 -11.9593749640534 -12.0953125205341 -12.4651560631135 -12.9485937502037 -9999 -9999 -9999 -9999 -15.6934374271622 -16.2015625533167 -17.0424995409121 -17.0292190301075 -16.9307812449312 -17.0118753016136 -17.2256250979354 -17.5001563431682 -17.6824999751546 -18.0262499749943 -18.4490623176876 -18.6181249621923 -18.8567187188253 -19.015937566604 -19.2123441099402 -19.2640624347624 -19.4253127282576 -19.687500030005 -19.7104687694917 -19.9503128230972 -20.2835937441326 -20.5945311191537 -21.0890626014952 -21.5254688264153 -21.875625044098 -22.1387502850186 -22.4771873057054 -22.7643750908583 -22.8904687768564 -23.1209373773629 -23.4021876454848 -23.69625014111 -23.9226562981373 -24.2067189814392 -24.8339064416407 -25.7203123552122 -26.3892184493794 -26.8498436208805 -26.1720312545388 -25.4484373621199 -24.9867186841368 -24.8898439112707 -24.9718753399821 -25.1093745531725 -25.3301564755518 -25.5662497880572 -25.8067188563496 -26.0106250945429 -26.2900000516276
-12.3397394329508 -12.1233332951864 -9999 -12.0687496661669 -12.1324996947772 -9999 -9999 -12.732343941809 -12.9020313466777 -13.3554685109617 -13.8954685772781 -14.4721877123394 -14.9798436906163 -15.3721874648154 -15.7368749969338 -16.2745316324255 -17.0845314860944 -17.1423436996228 -17.363125174692 -17.5107811980662 -17.5792186551297 -17.7451562874214 -17.904531627182 -17.8725000022713 -18.1087497773044 -18.376093983849 -18.6620310545191 -19.0120311977208 -19.0120313763795 -19.0965627430482 -19.2254686355932 -19.3835937979954 -19.5499998333939 -19.7970309260741 -20.1954687836526 -20.633906275442 -21.0670318012256 -21.3584374192928 -21.7268750371477 -22.095312447012 -22.2560937111513 -22.4185938536286 -22.7125000359368 -23.1462499207648 -23.3262502852065 -23.7256249176394 -24.3959375595687 -25.0037501156754 -25.3281251214107 -25.4803125298457 -25.0392189641788 -25.041406454301 -24.7549999065773 -24.6267183723476 -24.562030911468 -24.6526561676315 -24.8753125963643 -24.9464058878378 -25.0982815924211 -25.3195309344988 -25.5529687704643 -25.7914064827627 -26.1021876931873
-11.9358330567678 -12.3674998283386 -12.2287502288818 -12.2140624967028 -12.2426561412907 -12.3342187701987 -12.6262500882149 -12.9354686733152 -13.3835937820536 -13.8218751991262 -14.2760938401096 -14.9067186259787 -15.3075001086305 -15.8606250130987 -16.3439065060568 -16.6748436383689 -17.1571875212159 -17.3434373138387 -17.5684376359291 -17.8820312914662 -17.9434376058779 -18.0081253350438 -18.2167184054136 -17.9400000273618 -18.0440624951683 -18.3718752263098 -18.6901562510994 -18.9164060652925 -18.9220308365515 -18.9006247824762 -19.0253126327895 -19.1778125764982 -19.2950000766461 -19.6039060653864 -20.0867187082756 -20.3348439935285 -20.9564062354942 -21.3124998507489 -21.4292188590333 -21.6964064541918 -22.1328125892262 -22.4903121887675 -22.6590622067052 -23.056250094959 -23.887343822209 -24.7179689395458 -24.215468796975 -23.9565624322465 -23.9420309377531 -23.8546876017857 -24.0281248694191 -24.1845312421589 -24.3017185632253 -24.3370316629489 -24.3637498621914 -24.5654689076885 -24.7234371608287 -24.8081248701746 -24.9839060306514 -25.1474999487682 -25.3865623774328 -25.6324999035344 -25.7262503505129
-12.717343821073 -12.6389064033064 -12.457031264183 -12.6054688088091 -12.6954686781625 -12.5909375986423 -12.7573437686013 -13.0835938001965 -13.5293749716343 -14.0590624359583 -14.6285936677851 -15.1181250355059 -15.6515626306499 -16.2407813809565 -16.74656227153 -17.0731249742537 -17.4265624280363 -17.6242187614581 -17.6434375935966 -17.7109375595461 -17.8131245376414 -17.9340622428805 -18.1525000936862 -17.9140621423464 -18.3007814290237 -18.5434376899903 -18.5982813541842 -18.6903125947119 -18.7259375157104 -18.9531249997891 -19.1120311320988 -19.2062501311443 -19.1889065205664 -19.3659375608881 -19.8276562390076 -20.4162500798562 -20.966562748117 -21.2293747055642 -21.9118749468953 -22.5518747837754 -23.0032809064107 -23.3418748943729 -24.0046870983502 -24.4226565673516 -24.5234374439547 -23.7512500901035 -23.1821877959179 -23.3528127074124 -23.4160937970458 -23.4379685523949 -23.67796894939 -23.8615624908686 -23.9689061943735 -24.0521876815051 -24.1689061525097 -24.3193751575765 -24.3409378830016 -24.5260936623487 -24.7581248585534 -24.9973437489872 -25.1440626384163 -25.2887500228888 -25.507187694515
-13.3103124196971 -13.3017187410695 -13.0214062624219 -13.1206250036812 -13.1304686663746 -12.9518751352979 -13.1084374632366 -13.4351562108465 -13.8978125000277 -14.4635936908425 -14.9459375736736 -15.5475000736899 -16.1695312998512 -16.9228126397338 -17.4510936429249 -17.7556248595335 -17.8587497168331 -18.0395313793639 -18.2500000288668 -18.170781283482 -17.8623437878511 -18.0423438244598 -17.9795311388652 -18.0200001893042 -18.0762501362494 -18.2467186751917 -18.3606251181388 -18.550624847225 -18.8450000579027 -19.0374997854233 -19.0487500429574 -19.2034373879363 -19.211406052095 -19.3434375822193 -20.0737499889204 -20.5854689474793 -21.2440623930501 -22.547969219958 -24.7154691179699 -25.4557815150031 -24.9129686620531 -25.2431251390251 -24.482812763362 -22.8748437786432 -22.927812397908 -22.9623436630602 -23.0331250132066 -23.2675003113608 -23.0200002793847 -23.1632812027197 -23.3653125171594 -23.5109373335771 -23.5957810586028 -23.7437501852375 -23.9532811346441 -24.098124832247 -24.1028127076791 -24.2162497045715 -24.4018749301436 -24.7554689351989 -24.9879691603361 -25.0829686227209 -25.2859377268461
-13.2215623557404 -13.3749999854864 -13.3937500121404 -13.3471875635319 -13.2323437776885 -13.2350000884281 -13.428593933238 -13.8207812157301 -14.2834375496641 -14.7542187417203 -15.1920312936114 -15.7318748232808 -16.6834374662129 -17.4637503021426 -17.7867188451071 -17.9154686632679 -18.0064061885889 -18.0526562932597 -18.3681249321114 -18.5903126892883 -18.392968892338 -18.3454685209139 -18.3717189425926 -18.3025001281017 -18.3198435603977 -18.2967187763906 -18.3145310578805 -18.6495311262733 -19.0385940376084 -19.1628124418279 -19.2242185772364 -19.2550001737421 -19.5376561875851 -19.7401562923959 -19.9571874138635 -20.7276561556974 -22.1217188251202 -24.1043745577242 -25.0770311675686 -24.2396875349995 -23.7226565218007 -23.4292185635912 -22.8549999903777 -22.5842192175584 -22.76281303225 -22.7764062884166 -22.6953122911806 -22.7565621135215 -22.7926558851717 -22.7889062467867 -22.9323439902188 -23.071718633699 -23.1743749084423 -23.3518751265813 -23.4765627089968 -23.6649999621565 -23.8346874119836 -24.0495313409714 -24.2187500300731 -24.4448437693034 -24.6323436798684 -24.7678125800593 -24.9984377625896
-13.340624943096 -13.2123438120063 -13.1129686837216 -13.2656251196567 -13.3687498420337 -13.5903124953267 -13.7403123970489 -14.0157813427933 -14.4700001179566 -15.1015624847656 -15.5337500419651 -16.0220315005033 -16.631874949276 -17.5129684811125 -17.8767189383868 -17.8671876488415 -17.7007811667364 -17.8839060962957 -18.0896874076482 -18.2457816909926 -18.4562498038592 -18.2235939507784 -18.3103126294241 -18.7131249602835 -18.3676561712624 -18.2146874368587 -18.3899998366879 -18.5918748079659 -18.8712498546672 -19.0760936736816 -19.1712500453415 -19.3928121625981 -19.6473436059094 -19.8737501503901 -20.1976563033518 -20.9395314451036 -21.7064064739376 -23.2962498387012 -23.7021873307447 -22.8751563435669 -22.1246875826528 -21.9967186753304 -22.1959373360248 -22.4782813489495 -22.5556249915948 -22.7824999985236 -22.7014062704531 -22.8310935497832 -22.6717186573651 -22.4762501720761 -22.4889063542072 -22.6006250983994 -22.9732811155603 -23.2079689802126 -23.2018747332741 -23.2862501448817 -23.4854689843201 -23.6614060407847 -23.9389063124141 -24.182343841022 -24.3923437301294 -24.5095312301876 -24.6937499050613
-13.03234387972 -13.0774999413775 -13.010937393021 -13.2118751406949 -13.509531229403 -13.7874999339791 -14.0907812853344 -14.2939063749693 -14.6042187800793 -15.1782810536437 -15.7806249561065 -16.4342186008028 -16.8017190097844 -17.06843742708 -17.4129689641207 -17.6142188613728 -17.727187246547 -17.7145308559138 -17.8584377174888 -17.8414064948244 -17.8709373479307 -17.8449997606359 -17.8412502113167 -18.1279686696505 -18.2653123444056 -18.2412495317028 -18.2215624751265 -18.4951560203621 -18.8617186848361 -19.1332813803137 -19.3381249013447 -19.4606247842498 -19.4967185554947 -19.8382813032058 -20.60750013508 -21.3064061991495 -22.1703121953489 -23.7348440000509 -22.9023439894616 -22.4293747555173 -22.3309373259475 -22.1459376215911 -22.2392185920588 -22.4221872394968 -22.5398434106826 -22.4656250779884 -22.3362501560944 -22.2389061454342 -22.1034375134828 -22.0756255094376 -22.127187848219 -22.2407812478054 -22.4015623332861 -22.4568751159493 -22.6303125626191 -22.7489063743719 -22.9040623312321 -23.1596876687107 -23.4001564687333 -23.5931251351809 -23.8696873491275 -24.046718776804 -24.2384376233042
-12.8335938454823 -12.8496875913738 -12.8478125483749 -13.1124999227322 -13.5746874065902 -13.8906250151008 -14.4667186737978 -14.640312418279 -14.9885937720154 -15.4178124215813 -15.7895312753944 -16.2382811755696 -16.6142184739904 -16.9695314173399 -16.9948433342602 -17.2345313434162 -17.4501561822747 -17.409843623897 -17.4946879748267 -17.5067192021874 -17.4743749801987 -17.5342184608449 -17.5684377256654 -17.7571875157038 -17.9817185403251 -18.10296860352 -18.170468360152 -18.2237499060614 -18.4932812457435 -18.8576562407708 -19.1131248476814 -19.395469010019 -19.6467185912741 -20.028124749628 -20.9196874499762 -21.4385938648947 -22.4937499462212 -23.4892187413617 -22.4218752385671 -22.0271873473216 -22.1903122369026 -22.0732809605037 -22.3746876719098 -22.2253124713132 -22.0743749148936 -22.0043752497881 -21.9790627965931 -21.8479686385735 -21.8123433593452 -21.8417190016976 -22.1239062546488 -22.1306248010041 -22.2590624691797 -22.4099999366194 -22.3879684507557 -22.5951565205923 -22.6996873915172 -22.8718751073766 -23.0406251254808 -23.2776562276578 -23.4853124920848 -23.6299999658843 -23.8414062266236
-12.7954687921768 -12.8678124394355 -12.9742187557531 -13.0859374550671 -13.1693750319502 -13.4970312566944 -14.0567188718512 -14.6137500413931 -14.9428124729086 -15.3896876575439 -15.7098437248931 -15.9829689264912 -16.3607814909267 -16.7549998464981 -16.8365625145901 -17.185312599516 -17.2298442429796 -17.2378121321878 -17.2692182962216 -17.1453119521354 -17.1021871273453 -17.2281250359481 -17.4114061895311 -17.5162499252457 -17.7009376294342 -18.0887497674434 -18.2509372240345 -18.3020311002863 -18.6287499074338 -19.0910938685281 -19.3010935790858 -19.2970314626501 -19.514531612826 -19.7617185714838 -20.344374746441 -21.2420316049958 -21.7210938935018 -22.8707814225221 -22.7067187426725 -22.1274998486552 -22.4256246096145 -22.32453149576 -22.0732814671775 -22.0565624835632 -21.9942186474441 -22.0432814957553 -21.8093751670737 -21.5651565792667 -21.5679688752729 -21.5506251159759 -21.8618749090939 -22.0181247897178 -22.1207809751397 -22.2501564625528 -22.2956247334531 -22.2749997681072 -22.4334376757404 -22.5692185764792 -22.6465625767597 -22.8010937873777 -22.9848436121957 -23.0842190389371 -23.2051565355207
-12.5521874733242 -13.1331249323554 -13.2873437697002 -13.2134375571349 -13.2012499572419 -13.4810937046022 -13.7384376227185 -14.100000217964 -14.5064061589593 -14.9926561721139 -15.5743749592798 -15.9928124993184 -16.2862498760825 -16.5276561680289 -16.5810937288881 -16.748906285076 -16.6246875533008 -16.6129684756244 -16.6992185721839 -16.6446878321395 -16.7843748632238 -17.0298438075246 -17.1554684642018 -17.1445311611631 -17.244843811235 -17.5534376206303 -17.7606250351812 -17.90359360029 -18.1628124721229 -18.5360936829098 -18.7615622287879 -18.9642185870475 -19.2196875515583 -19.5662501754227 -20.1826563179921 -20.8145315648247 -21.6676560637156 -22.7835938030001 -22.7151561678993 -22.1523438094925 -22.1439062953747 -22.1290627422885 -21.9523437918054 -22.0035937725284 -22.0804689226766 -21.9035935701547 -21.6724998058461 -21.4395313859599 -21.6012498138485 -21.4240626692471 -21.4231250586114 -21.3792186686047 -21.5479690441556 -21.7635936447444 -21.855468959221 -21.8479689364556 -22.0542185608908 -22.2274999621722 -22.369531333665 -22.4973437193328 -22.6276564304096 -22.7209379677467 -22.7884375457181
