2050_A2_MR/TMIN.asc
NCOLS 720 
NROWS 360 
XLLCORNER -180 
YLLCORNER -90 
CELLSIZE 0.5 
NODATA_value -9999 
[rows 56 to 83 of 360, columns 63 to 125 of 720]
-15.851250083667 -17.9746877681556 -19.9767189321606 -21.4440625633935 -21.6334376071675 -21.9915624889379 -22.1242186456119 -20.9664062584706 -20.6162499556508 -21.8321874540793 -22.7092186610289 -23.5118750434609 -24.3926564208287 -25.3648437863872 -26.0857816053338 -26.779218557434 -27.3332812221436 -27.2842188511274 -27.203125032683 -26.7590623819784 -26.2317188097986 -25.8756254029171 -25.9459376350355 -26.405937584251 -26.3862499029341 -25.5664063426465 -24.9279687134919 -24.5734371863459 -23.9626564393928 -23.4984376432243 -24.1518752572567 -26.3684375893344 -28.8171875810292 -29.1157813992899 -28.5162501054155 -27.9804686618268 -27.6007814119793 -27.1353125876021 -26.7851561908189 -26.1006251274431 -25.7392188309204 -26.5534372328812 -27.0639064011915 -27.336874872363 -27.5768749121729 -27.477343589858 -27.6540625408463 -27.788281084043 -27.0823437870945 -26.5106249757416 -26.4089064008719 -26.4795312294275 -26.8634371473357 -26.738906354348 -26.9587503079431 -27.0903124517036 -27.2590623805519 -27.3637497435051 -27.349218518314 -27.3481248921197 -27.380469024875 -27.5576564377622 -27.8196874267665
-13.61578113249 -13.9739063349953 -15.423281338309 -15.4796874941838 -16.0881249708393 -18.1590624364438 -18.5181250631874 -17.4489063979976 -17.1409376131033 -17.1146875634932 -16.9046877218674 -16.7525000935703 -19.230781026301 -21.7526562296433 -23.927656296939 -24.9899999811997 -25.5595312130798 -25.1209374387658 -24.9990625108858 -24.5362497897025 -24.3590624364613 -24.7023438530316 -24.7389063849624 -24.5951564634575 -23.9665625422211 -23.2484374667 -22.6057815282544 -22.9060937184725 -23.0223439646552 -23.3587502540863 -24.0895315114566 -25.5828126677063 -26.8432813001902 -27.241718830626 -27.0528128166086 -26.819375516606 -26.6604689372324 -26.6206247515391 -26.6909373400683 -26.3851564520672 -26.3021875905494 -26.7676561470434 -27.2148436902283 -27.46015599348 -27.3584375084944 -27.142656475339 -26.7090626367164 -26.6262500603339 -26.1593748352357 -25.5028125660755 -25.4207814055413 -25.5434372439248 -26.0426564222938 -26.4853123426322 -26.7881253362071 -26.8329685330932 -26.7542184296161 -26.7749994103656 -26.7674998647603 -26.8465622669833 -26.9407812062808 -27.0654687589517 -27.2515623874723
-7.76781252334458 -8.00749975880707 -8.52499961853027 -7.74703111643837 -8.28890629942721 -11.5670311413046 -13.4110935595262 -11.9612501879989 -12.5439062268448 -14.1184373573225 -14.9214061560762 -14.2165624537332 -16.6264063315292 -18.5896877394482 -20.4674999445308 -21.6265625972967 -22.4121876106331 -22.8276561850691 -22.8810936542583 -22.4539062102761 -21.9626561430305 -22.6595312394327 -22.8315624926399 -22.2134375307501 -21.3884374230064 -20.8548439750712 -20.5089062456444 -21.3749997641982 -21.9271872954535 -22.3901562706866 -23.0993750711511 -24.1923433862269 -25.0651561942077 -25.3343748475895 -25.2931254231359 -25.205000432553 -25.2982812246272 -25.8018749072182 -26.6901562817705 -27.0270313317658 -27.2843749809781 -27.4201560609905 -27.5935935075326 -27.6199995277473 -27.3246874217657 -26.6142187724798 -25.9926563518547 -25.8662499208416 -25.3684375600199 -24.4764061283722 -24.1206250498232 -25.2285938867736 -26.1281249828452 -26.5596872572109 -26.7621876899958 -26.8687499167834 -26.8429687020875 -26.7071872951279 -26.5843751136857 -26.5715624398218 -26.5921877331457 -26.6573435969294 -26.8162500865297
-5.47796875491684 -4.61062495519228 -4.2824999690056 -4.51874998220123 -4.87125000365892 -7.03749996423722 -8.68750000000007 -6.2903125255777 -6.39578132338754 -6.70374991318642 -7.11859381744007 -7.68359376219954 -10.6362499546019 -13.2609373713575 -13.8084374799857 -15.5295315067835 -16.3896875930659 -17.7975000063259 -18.230625086271 -19.2659376321707 -18.7775001278852 -19.2728125796622 -19.6051559791628 -19.6184372336142 -19.1337499048969 -19.3370310691775 -19.5198439081735 -19.7390627278908 -20.6132813707436 -20.781406106893 -21.3907812855555 -22.1368754236455 -22.8395313052854 -23.1790624586122 -23.2573435333161 -23.2700001324719 -23.4814064824803 -24.3262496612831 -25.9134374570195 -27.4489065105233 -28.1492188563095 -27.8387500938081 -27.7168747188359 -27.6687497497248 -26.9867188934356 -25.6509376479654 -24.4485935589454 -24.0976562822317 -23.7053126717444 -23.0668749832216 -23.4353123314549 -24.4996874937586 -25.4821876296021 -26.1171874112793 -26.5165625216069 -26.6114059988689 -26.6517187065891 -26.3898436135187 -26.4160935878513 -26.3676561712037 -26.3418749570112 -26.5771872992166 -26.6700001355589
-9999 -3.22750002145767 -9999 -9999 -9999 -9999 -9999 -9999 -9999 -9999 -9999 -9999 -9999 -9999 -6.91000008583069 -7.59812510013582 -7.80625003576277 -8.39249976803067 -10.1995312508497 -13.1275000358938 -14.0317189602635 -15.4251563318675 -15.8812501017837 -16.5715626070858 -15.7203123950366 -15.9617187172025 -16.4960938299955 -17.9431250716703 -18.9279687433874 -18.511093590345 -19.3262498111472 -19.948906275228 -20.3365621000391 -20.8929686869329 -21.257656129307 -21.4039065263885 -21.5028126258583 -22.1306250119649 -24.231093379231 -26.5346876712715 -27.5973440138321 -27.2484377342701 -26.8626559693924 -26.615625414085 -25.5229686533747 -23.9478125013794 -22.9601564436979 -22.2899998145319 -22.0992186678283 -22.3581250016182 -23.3443750442037 -24.4298439322952 -25.2721875604371 -25.6937502620955 -25.9285935763084 -26.0278125411519 -25.9425002343741 -25.9431253081006 -25.9309375293639 -25.932031244634 -25.9343748701068 -25.7849997895255 -25.3889067187333
-9999 -9999 -9999 -9999 -9999 -9999 -9999 -9999 -9999 -9999 -9999 -9999 -9999 -9999 -9999 -9999 -9999 -5.02124989032746 -6.68062496185311 -7.30593753434822 -8.82890640887186 -12.6998438983093 -12.8057814579187 -12.5468750803588 -10.7942187674529 -10.8017188049353 -11.4078127066056 -14.9839061396558 -16.4145313384458 -15.7004686775018 -16.2878125502374 -17.4162499046596 -18.0303126004152 -18.7817185547682 -19.6343751866446 -19.8434374646479 -19.9310935755262 -20.3835938293231 -22.340625169152 -24.1717184807853 -25.3285938529103 -25.513125124017 -25.1442187451235 -24.4110936846194 -23.3226563055064 -21.471406164068 -20.9407813568716 -21.0243749036476 -21.4031248990974 -22.1748435795524 -23.0949999695177 -24.2892187540141 -25.1399998075623 -25.5217184728265 -25.6735935511891 -25.7025003732988 -25.3626560873749 -25.2910939763561 -25.1579683434371 -25.0629688814643 -24.799531342132 -24.5217187716317 -24.3323438179038
-9999 -9999 -9999 -9999 -9999 -9999 -9999 -9999 -9999 -9999 -9999 -9999 -9999 -9999 -9999 -9999 -9999 -9999 -9999 -9999 -9999 -7.73046875339219 -10.000156272683 -6.64781251271773 -4.89015626523179 -6.53343746519063 -7.31625007398732 -9.31406264995069 -13.1442188250994 -12.9048438730012 -13.3192188754165 -14.4873436560139 -15.6742188658697 -16.7123435159749 -17.9376563447255 -18.6931252790036 -19.2837500276509 -19.9093751910361 -21.0793750596859 -22.4243752380151 -23.3899998983782 -23.6914063710246 -23.2976564782034 -22.6787500105444 -22.1064064817842 -20.6459374421201 -20.5606248658886 -21.188281206765 -21.2628124646877 -21.7600000208087 -22.639843881889 -23.8349996523781 -24.4049996450749 -24.636718781378 -24.8143753424629 -24.7084375037693 -24.4501563320059 -24.333437413728 -24.2110936349158 -24.117656142098 -24.0112500494646 -23.7975000148482 -23.4014063189066
-9999 -9999 -9999 -9999 -9999 -9999 -9999 -9999 -9999 -9999 -9999 -9999 -9999 -9999 -9999 -9999 -9999 -9999 -9999 -9999 -9999 -9999 -6.74187503755103 -2.85281248846419 -2.95843748857401 -4.10437503222563 -4.63687498095662 -5.18531242774295 -7.02656251905206 -8.95187501208185 -11.0860937724667 -12.5898435887236 -13.9975000038419 -14.8106248255889 -16.1259377029341 -17.5737499609447 -18.5018751935942 -19.169218899317 -19.8948437885617 -20.801562519847 -21.5449996912598 -22.0948434492753 -22.0160937919421 -21.5720311408205 -20.9687499414522 -20.6660937971009 -21.3373436032712 -21.9204687473459 -21.4521874192178 -21.2767188853385 -21.8134376717197 -22.3087503036493 -22.9926562030476 -23.3284374491536 -23.667812706304 -23.7414063820971 -23.7629686601286 -23.7268749780745 -23.6734376855328 -23.6100001639727 -23.6090625528416 -23.3878124360802 -22.9453125001526
-9999 -9999 -9999 -9999 -9999 -9999 -9999 -9999 -9999 -9999 -9999 -9999 -9999 -9999 -9999 -9999 -9999 -9999 -9999 -9999 -9999 -9999 -9999 -9999 -2.23656247898645 -3.17671878062794 -3.54843748838196 -3.54906248474261 -4.30562503472488 -5.57203128033923 -8.09906247890944 -10.6971875760116 -11.7701562963613 -12.1448437597224 -14.0793750755188 -15.5095313816455 -16.5398437264661 -17.3671875916597 -18.185156556083 -19.1154688017467 -19.7834374621999 -20.5226561443745 -20.8873438551499 -20.9504689586074 -20.3992188580078 -19.9831249421194 -20.3923439394248 -21.1364060360713 -21.4031250782453 -20.6951563957433 -20.3454686710857 -20.5039062223334 -20.9374999732574 -21.8304686869002 -22.7360938503179 -22.8621875061846 -22.9240625812455 -22.9760938003863 -22.8279688076617 -22.6943749202516 -22.88796916731 -23.0396875748759 -22.7490625385948
-9999 -9999 -9999 -9999 -9999 -9999 -9999 -9999 -9999 -9999 -9999 -9999 -9999 -9999 -9999 -9999 -9999 -9999 -9999 -9999 -9999 -9999 -9999 -9999 -9999 -1.94296876095517 -3.09937499095118 -2.8426562361249 -3.28140629867117 -3.35375005450868 -4.97937502586641 -7.55890624655879 -9.89609361668532 -9.36609372912597 -11.9868750600838 -12.9309375766602 -13.7629688267521 -15.1410936744608 -16.2220311042401 -17.3257811990115 -18.2637498698195 -19.2228126838763 -19.7421876801503 -19.9820316445534 -20.278749852946 -19.976093530141 -19.4993748675746 -19.9101561319217 -20.3385938722198 -19.9653126611993 -19.3484374895379 -18.4432812659683 -18.1189063527111 -18.8229686069983 -20.4781250100534 -21.1118752686591 -21.4648435137402 -21.627968432274 -21.5909373177813 -21.4517189281257 -21.4850002250495 -21.8710937220615 -22.1823435136981
-9999 -9999 -9999 -9999 -9999 -9999 -9999 -9999 -9999 -9999 -9999 -9999 -9999 -9999 -9999 -9999 -9999 -9999 -9999 -9999 -9999 -9999 -9999 -9999 -9999 -9999 -1.72140625620474 -2.39140627103818 -1.93531250849606 -2.12520832576325 -3.01333338082235 -3.91062495750799 -5.97031246219427 -6.84249999613735 -8.88296877932589 -9.6037499710508 -10.816406304268 -11.7682812551991 -13.5157812873313 -14.6915624324015 -16.1212502000314 -17.4843750618646 -18.5953122396938 -19.182812512983 -19.764531166026 -19.5760937336288 -18.9728128014931 -18.7712495335873 -18.7651561817396 -18.7225001479489 -17.9232815227144 -16.3301563874418 -15.1193749627035 -14.7765623797013 -16.8864060074576 -18.5229688612125 -19.743125142465 -20.4107814745054 -20.2935937063728 -19.6431251193432 -19.5217185045186 -20.3706250506104 -21.4937501854356
-9999 -9999 -9999 -9999 -9999 -9999 -9999 -9999 -9999 -9999 -9999 -9999 -9999 -9999 -9999 -9999 -9999 -9999 -9999 -9999 -9999 -9999 -9999 -9999 -9999 -9999 -9999 -1.15109376146473 -0.953124995076522 -1.08505207853722 -1.48380208076178 -2.08718751917689 -2.99187501772598 -4.3670312947038 -5.7381249782622 -6.70734379100383 -8.42343754687248 -9.3621875289214 -9.88484360758486 -12.0810936570052 -14.3573437199272 -15.6417188815287 -17.2532811177705 -18.1600002064458 -18.9175001098591 -19.0487500736714 -18.465156020064 -18.0601563163934 -16.7125000684444 -16.9670311378784 -16.0693753087319 -14.921562315889 -14.1762499662604 -13.9314064086987 -14.9893749669797 -16.4946874550753 -18.2056250889348 -18.9848437029809 -18.9056250171742 -17.694062354366 -17.5824999831324 -19.3304688640252 -21.1974998415059
-9999 -9999 -9999 -9999 -9999 -9999 -9999 -9999 -9999 -9999 -9999 -9999 -9999 -9999 -9999 -9999 -9999 -9999 -9999 -9999 -9999 -9999 -9999 -9999 -9999 -9999 -9999 -9999 0.0500000007450581 -0.167083334538049 -0.201302084709806 -0.895937502483627 -1.3587499910052 -2.04000002160712 -2.96734374276495 -3.82109372946683 -4.90062495533071 -7.13328128401896 -7.77593745411461 -9.33187512489271 -11.9985935565997 -13.8103126168698 -16.0570312013425 -17.1737498951353 -17.381875010077 -17.44796885736 -17.2557813388764 -17.014531136388 -16.2139062739394 -14.8667187990709 -14.7190626584672 -14.4632813196224 -13.5618750454529 -13.8154687437965 -14.4614061417846 -15.5390624562372 -16.7418752628684 -17.4246872980852 -17.6853125403789 -17.5029685487009 -18.0176562944694 -19.7517187886139 -21.3768749545325
-9999 -9999 -9999 -9999 -9999 -9999 -9999 -9999 -9999 -9999 -9999 -9999 -9999 -9999 -9999 -9999 -9999 -9999 -9999 -9999 -9999 -9999 -9999 -9999 -9999 -9999 -9999 -9999 -9999 0.641666662508813 0.596041665423022 0.198281253602344 -0.219062500827808 -0.672187479674479 -1.19734376566763 -2.00421874591851 -3.20890623711964 -4.62218750033252 -6.46437495396794 -8.67609372711952 -10.1235937345236 -11.6156250409944 -14.2828124784162 -15.9226562994589 -15.7721875033286 -15.628281282912 -15.4473437548758 -15.6542188400581 -15.3949998778926 -14.6885938795751 -13.2035938216741 -13.4329687966987 -13.8928124299108 -13.8253124054487 -14.3235937953659 -14.6840624224363 -15.2526563125764 -15.8445312250432 -16.948906332985 -18.2201562814897 -19.4899998590077 -19.9453126790728 -19.8056249348018
-9999 -9999 -9999 -9999 -9999 -9999 -9999 -9999 -9999 -9999 -9999 -9999 -9999 -9999 -9999 -9999 -9999 -9999 -9999 -9999 -9999 -9999 -9999 -9999 -9999 -9999 -9999 -9999 -9999 -9999 0.970000028610229 1.00312499701976 0.631874993443484 -9999 0.207499995827667 -0.874687506927369 -2.12859373207718 -4.26937500875006 -6.2212499920572 -6.50562501177472 -8.86390621513393 -11.0090624405133 -12.0346874890173 -14.1140625361058 -14.2026562094318 -14.1282810423157 -13.4092186696039 -13.7148437801001 -14.4146874555476 -14.2398437717346 -13.2160937641236 -12.6979687807169 -13.4971874954226 -14.1143748764627 -14.0304686281666 -14.0132811520871 -14.0076562922765 -14.3585938387737 -15.4568749707378 -16.669687439253 -17.8410939480831 -17.2693749435554 -16.7106251612047
-9999 -9999 -9999 -9999 -9999 -9999 -9999 -9999 -9999 -9999 -9999 -9999 -9999 -9999 -9999 -9999 -9999 -9999 -9999 -9999 -9999 -9999 -9999 -9999 -9999 -9999 -9999 -9999 -9999 -9999 1.97000002861023 1.16250002384185 0.656250014901153 1.18000000715256 -9999 -0.0243750005085887 -0.997031245820054 -2.80828123401845 -4.71093751290046 -5.30281251733292 -7.35734380844342 -9.51890632735901 -10.7020312284073 -12.1349999322759 -13.7423436355051 -14.1629686202397 -13.0121874067055 -13.129374996931 -13.6267185966634 -13.6510937517292 -12.9465625586435 -12.4143749783056 -13.3289062829945 -13.5129688094116 -13.2560938760706 -13.3603123884752 -13.2857811754779 -12.8417188985096 -12.4001561733333 -13.2576562801741 -14.1098437045004 -13.733593808359 -13.9974999299326
-9999 -9999 -9999 -9999 -9999 -9999 -9999 -9999 -9999 -9999 -9999 -9999 -9999 -9999 -9999 -9999 -9999 -9999 -9999 -9999 -9999 -9999 -9999 -9999 -9999 -9999 -9999 -9999 -9999 -9999 1.49000000953674 0.58640623899376 -0.164374994967089 0.613229167879646 -9999 1.74375000536659 0.803593742901625 -1.14765625423122 -2.60312496532178 -3.55156250854759 -6.16296871687114 -8.351249868954 -9.54046867975511 -10.531874971428 -11.9676565385518 -12.5610937937708 -12.90843753593 -12.9953124212539 -14.1559375210942 -14.1829686896585 -13.1090625366444 -12.1482812009044 -12.9268749805051 -12.8437499708109 -12.2526561017631 -12.1123437288344 -12.6153125917121 -12.5023438183271 -11.9571874270091 -12.5396875713784 -13.4809376586997 -13.9814063149783 -14.0404687365754
-9999 -9999 -9999 -9999 -9999 -9999 -9999 -9999 -9999 -9999 -9999 -9999 -9999 -9999 -9999 -9999 -9999 -9999 -9999 -9999 -9999 -9999 -9999 -9999 -9999 -9999 -9999 -9999 -9999 -9999 -9999 0.512656239236079 0.293906244065427 1.02114584691 -9999 -9999 1.90031249040607 0.833124989102947 -0.259531250701573 -1.66015625825625 -4.02406249956299 -5.3334375328909 -7.56890618338526 -9.30046852044137 -10.3396874996427 -11.1740625817265 -12.9726562788876 -14.3439062814229 -15.5003125353041 -15.4026562108731 -14.4384373850844 -12.6774999494853 -12.2396873995392 -12.2189062246507 -11.9146874857247 -12.2407813066229 -12.5229686942717 -12.5881250649825 -13.2495311637434 -13.7987499232325 -14.1535938823543 -14.6535936440787 -14.6775000834305
-9999 -9999 -9999 -9999 -9999 -9999 -9999 -9999 -9999 -9999 -9999 -9999 -9999 -9999 -9999 -9999 -9999 -9999 -9999 -9999 -9999 -9999 -9999 -9999 -9999 -9999 -9999 -9999 -9999 -9999 -9999 -9999 1.15666667620341 1.88817709436539 3.09333331864527 -9999 -9999 -9999 1.86687500151075 1.16234375149844 -0.158281248783711 -2.99421874873699 -5.23578126068766 -7.0490624852979 -8.61843752902268 -10.9014062745423 -13.0332812991391 -15.8367186340708 -17.5064063065238 -17.4985937913261 -16.6951561412093 -13.9199999863831 -11.5725000357196 -11.2190626126668 -11.4150001266843 -11.5762500475172 -12.4185937658089 -12.9734373103732 -13.1159375316075 -13.6698438830547 -14.1784374267866 -14.7879687550772 -15.7498436416084
-9999 -9999 -9999 -9999 -9999 -9999 -9999 -9999 -9999 -9999 -9999 -9999 -9999 -9999 -9999 -9999 -9999 -9999 -9999 -9999 -9999 -9999 -9999 -9999 -9999 -9999 -9999 -9999 -9999 -9999 -9999 -9999 -9999 2.21395835264549 3.3614583308941 -9999 -9999 -9999 -9999 2.89203122390716 2.59187497787117 0.35078126523983 -2.88921880728933 -5.37843753565906 -8.54390638298166 -9.80921885501044 -11.4165625584153 -14.6146875347877 -17.731406182212 -17.1123438496596 -15.6423438672481 -14.3700000489066 -10.9579687574632 -10.527656183084 -10.7939063316197 -10.8164062954834 -11.3521877388527 -11.9965624374357 -12.3007812215205 -12.9892188170456 -13.1954689346231 -14.5831250103108 -15.7474999730936
-9999 -9999 -9999 -9999 -9999 -9999 -9999 -9999 -9999 -9999 -9999 -9999 -9999 -9999 -9999 -9999 -9999 -9999 -9999 -9999 -9999 -9999 -9999 -9999 -9999 -9999 -9999 -9999 -9999 -9999 -9999 -9999 -9999 -9999 -9999 -9999 -9999 -9999 -9999 -9999 3.30604161325226 1.87734377685224 -1.18250001167821 -3.89859373647437 -6.85359368930321 -8.89781250342746 -10.8300001258577 -12.4743750399787 -15.4153124867382 -15.970312655756 -14.8621875473244 -13.8945313816887 -11.8798438158247 -10.8145312067193 -10.347187489682 -10.2990626548535 -10.5929687475139 -11.0334376409294 -10.8717188105731 -11.3965625187479 -12.0607812724008 -12.8340625616615 -13.9173439766773
-9999 -9999 -9999 -9999 -9999 -9999 -9999 -9999 -9999 -9999 -9999 -9999 -9999 -9999 -9999 -9999 -9999 -9999 -9999 -9999 -9999 -9999 -9999 -9999 -9999 -9999 -9999 -9999 -9999 -9999 -9999 -9999 -9999 -9999 -9999 -9999 -9999 -9999 -9999 -9999 -9999 3.02484383100049 1.02953124778568 -1.42218751521079 -3.70640623204725 -5.86546869078945 -8.40234370818903 -10.0935937514139 -13.4128125180015 -15.001406492311 -15.5132813161691 -14.5967188634096 -12.058906257065 -10.7742188130447 -9.58124998351932 -9.67421864073209 -9.79234375199565 -9.63281259126646 -9.58781249968572 -9.60265631447329 -10.3864063042794 -11.9078124631785 -12.9671874788259
-9999 -9999 -9999 -9999 -9999 -9999 -9999 -9999 -9999 -9999 -9999 -9999 -9999 -9999 -9999 -9999 -9999 -9999 -9999 -9999 -9999 -9999 -9999 -9999 -9999 -9999 -9999 -9999 -9999 -9999 -9999 -9999 -9999 -9999 -9999 -9999 -9999 -9999 -9999 -9999 2.91375000011222 2.19578123299598 2.30968745104122 2.15296872841562 0.346875003532897 -1.3373437396382 -4.17843749630626 -5.29375002161523 -9.44359372980093 -12.4806251275368 -12.7464063365855 -11.8156249708008 -10.6892187290675 -8.90281246588156 -8.05531253689795 -7.98656262363364 -8.20593741542997 -8.36656244133424 -7.21953131199538 -8.47265621482081 -9.43734364231136 -9.83796874698418 -11.4879687158775
-9999 -9999 -9999 -9999 -9999 -9999 -9999 -9999 -9999 -9999 -9999 -9999 -9999 -9999 -9999 -9999 -9999 -9999 -9999 -9999 -9999 -9999 -9999 -9999 -9999 -9999 -9999 -9999 -9999 -9999 -9999 -9999 -9999 -9999 -9999 -9999 -9999 -9999 -9999 -9999 -9999 2.22609372222956 1.84359376004955 1.20328123221579 0.0178125076539156 0.531093744458609 0.825000000731496 -0.0212500179929301 -4.09093758626757 -6.84812499317303 -8.90828139746959 -9.11046876292644 -9.69406250420102 -8.76171861636523 -7.48671876003897 -7.81640641525166 -8.21859373142433 -8.64171861758163 -7.56781255430646 -8.02265619385575 -8.56546882725754 -7.53406247029924 -10.0010936117956
-9999 -9999 -9999 -9999 -9999 -9999 -9999 -9999 -9999 -9999 -9999 -9999 -9999 -9999 -9999 -9999 -9999 -9999 -9999 -9999 -9999 -9999 -9999 -9999 -9999 -9999 -9999 -9999 -9999 -9999 -9999 -9999 -9999 -9999 -9999 -9999 -9999 -9999 -9999 -9999 -9999 -9999 2.38000011444092 2.24374999225873 0.862812491949258 -1.41187499780693 -0.526874990035462 1.54390621600308 1.48296873649564 -2.06640624768027 -4.06000000164188 -6.38734377693999 -5.62609372909275 -5.63156253572596 -7.46015625231266 -8.73671859390099 -9.60624994292614 -7.83140621973946 -7.98187508404977 -8.83390632425 -7.22843755006406 -8.39062497974568 -8.97468746033881
-9999 -9999 -9999 -9999 -9999 -9999 -9999 -9999 -9999 -9999 -9999 -9999 -9999 -9999 -9999 -9999 -9999 -9999 -9999 -9999 -9999 -9999 -9999 -9999 -9999 -9999 -9999 -9999 -9999 -9999 -9999 -9999 -9999 -9999 -9999 -9999 -9999 -9999 -9999 -9999 -9999 -9999 -9999 2.76124998182058 2.67968749919645 1.2675000266449 0.139218742279151 0.407656250436143 0.852968734243809 0.614374978695964 0.46015624824001 0.0453124869165633 -0.958281260070886 -2.20500000991212 -6.94875000753263 -9.73281247792683 -10.3956251726427 -8.40515627682652 -8.13515622161855 -7.59781249004498 -7.44781245269904 -6.81984378556547 -7.26749997661653
-9999 -9999 -9999 -9999 -9999 -9999 -9999 -9999 -9999 -9999 -9999 -9999 -9999 -9999 -9999 -9999 -9999 -9999 -9999 -9999 -9999 -9999 -9999 -9999 -9999 -9999 -9999 -9999 -9999 -9999 -9999 -9999 -9999 -9999 -9999 -9999 -9999 -9999 -9999 -9999 -9999 -9999 -9999 -9999 -9999 -9999 2.67250001430512 1.69203124350252 0.0628125005792839 0.762187488696422 2.80734381706343 2.39968747700872 0.533281252666288 -3.8876562658546 -6.04531243407633 -9.71781255385352 -10.8217187247335 -9.15874986408022 -7.80031263054475 -7.90781246872731 -7.01906253387588 -6.26718748280776 -6.88406243324271
-9999 -9999 -9999 -9999 -9999 -9999 -9999 -9999 -9999 -9999 -9999 -9999 -9999 -9999 -9999 -9999 -9999 -9999 -9999 -9999 -9999 -9999 -9999 -9999 -9999 -9999 -9999 -9999 -9999 -9999 -9999 -9999 -9999 -9999 -9999 -9999 -9999 -9999 -9999 -9999 -9999 -9999 -9999 -9999 -9999 -9999 -9999 2.69984372279583 1.62234373645542 0.62203125563163 1.95140627717194 2.82296876641191 2.18984375407257 -1.08312501484803 -5.75093740702111 -9.22187501227573 -9.41171868260115 -7.48203125185297 -6.73109370748513 -6.76593753215208 -6.30187502680788 -5.96859378517353 -5.40281250525149
