2050_A2_MR/TMIN.asc
NCOLS 720 
NROWS 360 
XLLCORNER -180 
YLLCORNER -90 
CELLSIZE 0.5 
NODATA_value -9999 
[rows 0 to 27 of 360, columns 252 to 314 of 720]
-9999 -9999 -9999 -9999 -9999 -9999 -9999 -9999 -9999 -9999 -9999 -9999 -9999 -9999 -9999 -9999 -9999 -9999 -9999 -9999 -9999 -9999 -9999 -9999 -9999 -9999 -9999 -9999 -9999 -9999 -9999 -9999 -9999 -9999 -9999 -9999 -9999 -9999 -9999 -9999 -9999 -9999 -9999 -9999 -9999 -9999 -9999 -9999 -9999 -9999 -9999 -9999 -9999 -9999 -9999 -9999 -9999 -9999 -9999 -9999 -9999 -9999 -9999
-9999 -9999 -9999 -9999 -9999 -9999 -9999 -9999 -9999 -9999 -9999 -9999 -9999 -9999 -9999 -9999 -9999 -9999 -9999 -9999 -9999 -9999 -9999 -9999 -9999 -9999 -9999 -9999 -9999 -9999 -9999 -9999 -9999 -9999 -9999 -9999 -9999 -9999 -9999 -9999 -9999 -9999 -9999 -9999 -9999 -9999 -9999 -9999 -9999 -9999 -9999 -9999 -9999 -9999 -9999 -9999 -9999 -9999 -9999 -9999 -9999 -9999 -9999
-9999 -9999 -9999 -9999 -9999 -9999 -9999 -9999 -9999 -9999 -9999 -9999 -9999 -9999 -9999 -9999 -9999 -9999 -9999 -9999 -9999 -9999 -9999 -9999 -9999 -9999 -9999 -9999 -9999 -9999 -9999 -9999 -9999 -9999 -9999 -9999 -9999 -9999 -9999 -9999 -9999 -9999 -9999 -9999 -9999 -9999 -9999 -9999 -9999 -9999 -9999 -9999 -9999 -9999 -9999 -9999 -9999 -9999 -9999 -9999 -9999 -9999 -9999
-9999 -9999 -9999 -9999 -9999 -9999 -9999 -9999 -9999 -9999 -9999 -9999 -9999 -9999 -9999 -9999 -9999 -9999 -9999 -9999 -9999 -9999 -9999 -9999 -9999 -9999 -9999 -9999 -9999 -9999 -9999 -9999 -9999 -9999 -9999 -9999 -9999 -9999 -9999 -9999 -9999 -9999 -9999 -9999 -9999 -9999 -9999 -9999 -9999 -9999 -9999 -9999 -9999 -9999 -9999 -9999 -9999 -9999 -9999 -9999 -9999 -9999 -9999
-9999 -9999 -9999 -9999 -9999 -9999 -9999 -9999 -9999 -9999 -9999 -9999 -9999 -9999 -9999 -9999 -9999 -9999 -9999 -9999 -9999 -9999 -9999 -9999 -9999 -9999 -9999 -9999 -9999 -9999 -9999 -9999 -9999 -9999 -9999 -9999 -9999 -9999 -9999 -9999 -9999 -9999 -9999 -9999 -9999 -9999 -9999 -9999 -9999 -9999 -9999 -9999 -9999 -9999 -9999 -9999 -9999 -9999 -9999 -9999 -9999 -9999 -9999
-9999 -9999 -9999 -9999 -9999 -9999 -9999 -9999 -9999 -9999 -9999 -9999 -9999 -9999 -9999 -9999 -9999 -9999 -9999 -9999 -9999 -9999 -9999 -9999 -9999 -9999 -9999 -9999 -9999 -9999 -9999 -9999 -9999 -9999 -9999 -9999 -9999 -9999 -9999 -9999 -9999 -9999 -9999 -9999 -9999 -9999 -9999 -9999 -9999 -9999 -9999 -9999 -9999 -9999 -9999 -9999 -9999 -9999 -9999 -9999 -9999 -9999 -9999
-9999 -9999 -9999 -9999 -9999 -9999 -9999 -9999 -9999 -9999 -9999 -9999 -9999 -9999 -9999 -9999 -9999 -9999 -9999 -9999 -9999 -9999 -9999 -9999 -9999 -9999 -9999 -9999 -9999 -9999 -9999 -9999 -9999 -9999 -9999 -9999 -9999 -9999 -9999 -9999 -9999 -9999 -9999 -9999 -9999 -9999 -9999 -9999 -9999 -9999 -9999 -9999 -9999 -9999 -9999 -9999 -9999 -9999 -9999 -9999 -9999 -9999 -9999
-9999 -9999 -9999 -9999 -9999 -9999 -9999 -9999 -9999 -9999 -9999 -9999 -9999 -9999 -9999 -9999 -9999 -9999 -9999 -9999 -9999 -9999 -9999 -9999 -9999 -9999 -9999 -9999 -9999 -9999 -9999 -9999 -9999 -9999 -9999 -9999 -9999 -9999 -9999 -9999 -9999 -9999 -9999 -9999 -9999 -9999 -9999 -9999 -9999 -9999 -9999 -9999 -9999 -9999 -9999 -9999 -9999 -9999 -9999 -9999 -9999 -9999 -9999
-9999 -9999 -9999 -9999 -9999 -9999 -9999 -9999 -9999 -9999 -9999 -9999 -9999 -9999 -9999 -9999 -9999 -9999 -9999 -9999 -9999 -9999 -9999 -9999 -9999 -9999 -9999 -9999 -9999 -9999 -9999 -9999 -9999 -9999 -9999 -9999 -9999 -9999 -9999 -9999 -9999 -9999 -9999 -9999 -9999 -9999 -9999 -9999 -9999 -9999 -9999 -9999 -9999 -9999 -9999 -9999 -9999 -9999 -9999 -9999 -9999 -9999 -9999
-9999 -9999 -9999 -9999 -9999 -9999 -9999 -9999 -9999 -9999 -9999 -9999 -9999 -9999 -9999 -9999 -9999 -9999 -9999 -9999 -9999 -9999 -9999 -9999 -9999 -9999 -9999 -9999 -9999 -9999 -9999 -9999 -9999 -9999 -9999 -9999 -9999 -9999 -9999 -9999 -9999 -9999 -9999 -9999 -9999 -9999 -9999 -9999 -9999 -9999 -9999 -9999 -9999 -9999 -9999 -9999 -9999 -9999 -9999 -9999 -9999 -9999 -9999
-9999 -9999 -9999 -9999 -9999 -9999 -9999 -9999 -9999 -9999 -9999 -9999 -9999 -9999 -9999 -9999 -9999 -9999 -9999 -9999 -9999 -9999 -9999 -9999 -9999 -9999 -9999 -9999 -9999 -9999 -9999 -9999 -9999 -9999 -9999 -9999 -9999 -9999 -9999 -9999 -9999 -9999 -9999 -9999 -9999 -9999 -9999 -9999 -9999 -9999 -9999 -9999 -9999 -9999 -9999 -9999 -9999 -9999 -9999 -9999 -9999 -9999 -9999
-9999 -9999 -9999 -9999 -9999 -9999 -9999 -9999 -9999 -9999 -9999 -9999 -9999 -9999 -9999 -9999 -9999 -9999 -9999 -9999 -9999 -9999 -9999 -9999 -9999 -9999 -9999 -9999 -9999 -9999 -9999 -9999 -9999 -9999 -9999 -9999 -9999 -9999 -9999 -9999 -9999 -9999 -9999 -9999 -9999 -9999 -9999 -9999 -9999 -9999 -9999 -9999 -9999 -9999 -9999 -9999 -9999 -9999 -9999 -9999 -9999 -9999 -9999
-9999 -9999 -9999 -9999 -9999 -9999 -9999 -9999 -9999 -9999 -9999 -9999 -9999 -9999 -9999 -9999 -9999 -9999 -9999 -9999 -9999 -9999 -9999 -9999 -9999 -9999 -9999 -9999 -9999 -9999 -9999 -9999 -9999 -9999 -9999 -9999 -9999 -9999 -9999 -9999 -9999 -9999 -9999 -9999 -9999 -9999 -9999 -9999 -9999 -9999 -9999 -9999 -9999 -9999 -9999 -9999 -9999 -9999 -9999 -9999 -9999 -9999 -9999
-9999 -9999 -9999 -9999 -9999 -9999 -9999 -9999 -9999 -9999 -9999 -9999 -9999 -9999 -9999 -30.8574998378754 -30.9675002098084 -31.5974996089936 -32.1974999904632 -31.3424997329712 -31.4418747425079 -31.3937499523163 -31.2406250238419 -31.0962499380112 -31.3256249427796 -31.9356245994568 -32.5900001525879 -32.6181254386902 -32.5165629982224 -32.0984370117986 -31.312656402674 -31.3693750203704 -31.4359374950156 -31.3895312551491 -31.5148435532984 -31.7026557917084 -32.0149998353402 -32.2606250923081 -32.5115626743315 -32.9300001247242 -32.5728120485414 -32.1275002665307 -31.8287499848773 -32.6204687058514 -32.7153120931344 -32.404063016638 -32.2059378635271 -32.3334376504297 -32.1650001987288 -32.1289058010442 -31.9010940174097 -31.1107813118203 -31.2939059430293 -31.560625074901 -31.315781294452 -31.5290625974784 -31.7662496566772 -31.3099997043609 -30.75 -9999 -9999 -9999 -9999
-9999 -9999 -9999 -9999 -9999 -9999 -30.3262498378754 -30.3675000667572 -30.3949995040894 -30.3312494754791 -30.9124996660645 -31.5003126570688 -31.3412499427795 -31.3731246018342 -31.451718839531 -31.5614060777374 -31.2324998666012 -31.0867187670802 -31.237239132925 -30.9775520066665 -30.9218751497742 -30.9893748174045 -30.833437472993 -30.8910937012201 -31.1698437331325 -31.4417186079329 -31.0743750034417 -31.0165623432842 -31.1856249558437 -31.2526562194797 -31.197499959405 -31.2181248060437 -31.354687451621 -31.6312498444897 -32.1229682865163 -32.3479686087552 -32.1603122644774 -32.049218385466 -31.8517185439246 -31.922968922741 -32.6610936224822 -33.5765623176951 -32.5442193443223 -31.812968878509 -31.824531166304 -32.0678118163452 -32.582031756713 -33.0137501070333 -33.5065622932861 -34.0207811003533 -33.7531245941103 -33.2060936078241 -33.0054685752389 -32.9239062651929 -32.9365620918373 -32.8053125766983 -32.3089061395169 -31.6118748507871 -30.9398437152651 -30.6501563788843 -30.4250002206169 -30.3776560129617 -30.2428127528508
-31.3175005912781 -31.5556252002716 -31.6572912136714 -31.3966666857402 -31.3812503814697 -30.6274995803833 -30.2221875789543 -30.2282810214876 -30.2445311550318 -30.2637498976591 -30.5932810316512 -30.6298437430621 -30.4900003074754 -30.5246875284883 -30.3857812586693 -31.0692191119224 -31.1950002622425 -30.937187494044 -30.8078648552734 -30.8280203743525 -30.7353124913892 -30.7015627918414 -30.92203137214 -31.3050000357608 -31.5246875576489 -31.8246870032809 -32.0001560724401 -32.1096872353918 -32.6940623792191 -33.166094061542 -33.0748440287983 -32.9534373245699 -32.977030601467 -33.0257811812719 -33.0731247337862 -32.9901567674353 -33.196718631104 -33.3106245374491 -33.2575001391625 -33.1909378150345 -33.3103122097548 -33.3018744272511 -33.1639062751128 -33.1385936418129 -33.1942189015847 -32.9495311659906 -32.9645312119568 -32.5928128065495 -33.0251563793145 -32.6703126460786 -33.2229688187411 -33.2356241955731 -33.0064065475408 -32.426093551351 -31.4759371908235 -30.9012498580255 -30.7948434973387 -30.518281460531 -30.5029686392685 -30.9135937384341 -30.5731246764702 -30.2979691922901 -30.1415626706111
-31.5423437946055 -30.9332808523815 -30.9903124248711 -30.8562498967749 -31.1762499197674 -30.8026559324553 -30.7837496967567 -30.4823437887497 -30.6737501884057 -31.366094051437 -32.4240625503584 -32.4193753004521 -32.4340624810432 -32.5029695036125 -32.3131253119161 -32.0257813323824 -31.2331244023611 -30.7676560844837 -30.7009371786941 -30.8429689082916 -31.2043751754366 -31.8437499686084 -32.6646875728494 -33.4901556369303 -34.1645306351818 -34.6501558427698 -35.1043753033479 -35.6284376392488 -35.9781249771117 -35.9973444348834 -35.8731249572485 -35.5515624281839 -35.1587496392777 -34.7007812250345 -34.1707820277999 -33.736718890738 -33.8529688703581 -33.8346872921115 -33.7960935238661 -33.8298439392657 -33.3459374310151 -33.0351560432052 -33.0000000939662 -32.8490622683832 -31.9567190106739 -31.2071878600312 -31.5490624593423 -32.1307817387173 -32.5076565429061 -33.1845310326455 -33.745938242567 -33.8059374702993 -33.6823431855651 -33.6537503023841 -33.0754684540439 -32.6114060587025 -32.897239794306 -32.3084896392447 -32.5954688477481 -32.9362502098083 -31.3928123675366 -31.1978126427312 -30.9037496981231
-32.1479690661882 -32.2617188091225 -32.338906465802 -32.4481248534415 -32.6565625941972 -32.7962499832507 -32.8668743643215 -32.9634371971906 -32.9631246600994 -32.8712501499603 -32.8693746909726 -32.7845312346848 -32.6862500302111 -32.6834374659348 -32.7106251114172 -32.7635933747942 -32.7789056884087 -32.7971869091255 -32.7826555644383 -32.7700002764907 -32.8060946444001 -32.9349997328644 -33.2679687733052 -33.7179694173031 -34.2564059490485 -34.8446873416646 -35.3996875868788 -35.8914062364195 -36.2992190104596 -36.6109381891705 -36.6971875405728 -36.575312790838 -36.2073438742982 -35.766249774191 -35.3140623557516 -34.8954685918889 -34.5589066141471 -34.2678127282001 -33.9760931721879 -33.7356252663645 -33.4284371729922 -32.9418756052037 -32.4754686323948 -32.3118756979611 -32.4703125347985 -32.3704690020108 -32.541875599506 -32.8606246702833 -33.1587498186185 -33.382812440264 -33.3868757485005 -33.3343750834019 -33.2224997288027 -33.0504682060276 -32.8364063773167 -33.0853126924297 -33.2961458752216 -33.0730213118399 -33.666093765052 -33.4007819878693 -32.7292190791949 -32.6804686784434 -32.3400002742264
-33.8949999789073 -33.9006245711225 -33.8775002933229 -33.8732811783532 -33.974218783151 -34.1040627333446 -34.234999654084 -34.1703129979744 -34.0254682871611 -33.884843823692 -33.7203128312794 -33.5731248236631 -33.4948437785855 -33.4831253862171 -33.5901562550777 -33.6801565269194 -33.8420317154186 -33.9184376577881 -33.9676566103857 -34.1129681447534 -34.3307816365128 -34.534218964844 -34.8745311480219 -35.2612495407912 -35.70781224898 -36.1695307495276 -36.5698437105391 -36.7503132833912 -36.7401565329065 -36.6960937398075 -36.564530970397 -36.3906245845392 -36.0681252494945 -35.7123434554064 -35.4025006897522 -35.0443753605861 -34.7084375028073 -34.3699999454755 -34.1287505628114 -33.9764055609988 -33.8262495996547 -33.6021876935323 -33.3948440558451 -33.2673429258301 -33.2537502057031 -33.2903122906841 -33.3976556066596 -33.654062271378 -33.9257819057736 -34.0514062047636 -34.0117183328083 -33.9465626480645 -33.5404686328693 -33.1345311398214 -32.8481249806593 -32.6807814246283 -32.5309380901831 -32.5759378699385 -32.7339060939107 -32.0007813909348 -31.4193750937311 -31.2360937592905 -31.2698437235457
-35.0396881093512 -35.0607815375342 -35.1787495005887 -35.3742187008626 -35.6476559620958 -35.9265626051715 -36.1460936045022 -36.0996878123289 -35.9159378386438 -35.6740621307185 -35.4003124813865 -35.1673431377353 -35.0248448236412 -34.9568762168369 -34.9003128991624 -34.9270312773517 -35.0026555645592 -35.1226559865156 -35.2346870885887 -35.4925001247711 -35.7839066368994 -36.1223443725855 -36.425624725955 -36.7181240892292 -36.8674998259624 -36.8932815769045 -36.8070318085904 -36.5909373154618 -36.350156008655 -36.1767184730775 -35.9523441194339 -35.7053126693142 -35.4971875548042 -35.2679684759458 -34.9937497380953 -34.7621876599109 -34.4665625097516 -34.1689057948391 -33.9257817272287 -33.7017182118693 -33.4400000580405 -33.1681245572726 -32.8679687984037 -32.6687502273177 -32.5651565205653 -32.5918743623869 -32.6739056721607 -32.9317188875425 -33.2320312278638 -33.4378122702877 -33.5096869481509 -33.4768744120991 -33.3703119762325 -33.1837491396844 -32.9118751884495 -32.5350001452377 -32.0903123913936 -31.5896875558579 -31.2146873477703 -30.8724999717173 -30.9914063803213 -31.1428124313502 -31.5070313843031
-35.189531445793 -35.236406445719 -35.31499975936 -35.5428126458866 -35.7914063936466 -36.0145316726703 -36.1768748766733 -36.1904688482065 -36.1071882845771 -36.0279692410597 -35.9570306535825 -35.8965629333029 -35.8226560940552 -35.8507813799652 -35.9432812916221 -36.0689059482993 -36.2285940038565 -36.350937782611 -36.4467188110186 -36.5479686251556 -36.6681255094366 -36.8200005882627 -36.9942182894539 -37.1367181539252 -37.1825000643927 -37.1942186356639 -37.1462498306291 -37.0328122374018 -36.9345307346053 -36.8890626425851 -36.8295316093845 -36.7929682722912 -36.7846874586231 -36.7771874658348 -36.6868747463886 -36.519062696874 -36.3935934890253 -36.2135938392934 -35.9770314080379 -35.7585939148575 -35.4289060211044 -34.9362496705359 -34.2542194688441 -33.7854689320176 -33.489843662506 -33.175312276367 -32.8796880799855 -32.8632813654503 -33.0001560414575 -33.1792190641637 -33.2365621304066 -33.2360939961221 -33.2742187962598 -33.3192185747228 -33.3448439824482 -33.295156239313 -33.1884371623331 -32.9362492539938 -32.6385939687963 -32.4323437182792 -32.3987497959177 -32.5206257089931 -32.4717188174722
-35.3128122085165 -35.4004685872293 -35.5170319669471 -35.6224996440967 -35.7796872848596 -35.9775005573284 -36.1548442834657 -36.2696878903444 -36.3171877257666 -36.3589062682871 -36.4206247321245 -36.4965623607598 -36.6289054143892 -36.7118754375924 -36.8292195786617 -36.9548442353389 -37.0756247033863 -37.1712499250417 -37.254843531886 -37.3335933673328 -37.4237499225 -37.5039064872531 -37.5576558102281 -37.5412503470573 -37.5331259360448 -37.5378128280109 -37.4931250802452 -37.4289065592414 -37.3906249992124 -37.338125228168 -37.2650000447827 -37.2157815096363 -37.1400002240249 -37.0734379887655 -36.9653121830584 -36.8818749189968 -36.8070306182018 -36.7029685974306 -36.5821880103265 -36.4875006676902 -36.3739063738903 -36.2117185587421 -35.9717192640328 -35.7673444139264 -35.5598433003787 -35.3999997361791 -35.2501564601016 -35.3912506670715 -35.7807815632927 -35.9640626267466 -35.8395308212054 -35.5521870212963 -35.2785938939786 -35.081718501031 -34.8950003952891 -34.6118746376792 -34.4596876483602 -34.3523433192651 -34.3678125126929 -34.2951561194683 -34.0993755441276 -33.8204690794807 -33.2999992651645
-36.1153125155665 -36.3018753517588 -36.4871872057451 -36.5823441138283 -36.6329691401379 -36.6606252185982 -36.6973435873311 -36.7442191239646 -36.7748439906615 -36.8217193483926 -36.8554689882871 -36.9421867727619 -37.0379686356635 -37.1415623428182 -37.2042189838382 -37.2951562406438 -37.3768748641456 -37.4607807993189 -37.5467184781303 -37.6901565790557 -37.7896878125372 -37.8515617254517 -37.8910940292409 -37.8578122856665 -37.8071880343795 -37.7345309260247 -37.681094169898 -37.5826562049744 -37.4676562550767 -37.3973433975152 -37.3503120545037 -37.2814061049369 -37.1657806041498 -37.0982812048761 -36.9653122426775 -36.7960934641004 -36.6457808617843 -36.5581253770748 -36.4621883635003 -36.334218562137 -36.2165626293824 -36.1490625150005 -36.0481253272821 -35.9300003059866 -35.7339067467546 -35.5745311387283 -35.5746874222236 -35.9707812080859 -36.5601559291411 -36.9576562651933 -36.9412499077145 -36.7537499076261 -36.5129687791274 -36.2950004940473 -36.0089066034381 -35.7389061457187 -35.5418747668019 -35.4373435383738 -35.3745314489132 -35.3117191210684 -34.9784379625189 -34.4262498038718 -33.1932812654164
-36.5915628670395 -36.6642192603666 -36.7379682067478 -36.7670311932468 -36.7665624623705 -36.7140623337128 -36.7109377389263 -36.712812781768 -36.6857807043955 -36.6820315126639 -36.7378126387218 -36.8273435238641 -36.8926563861745 -36.9962506296311 -37.1231247186906 -37.2168750763185 -37.3337499500008 -37.4049996139777 -37.4328125718959 -37.4496874219129 -37.4517185694776 -37.4489056475429 -37.5273433930331 -37.487031043303 -37.4120315916511 -37.3914066559358 -37.3590624338044 -37.2676556115888 -37.1212503916049 -37.0284375554274 -36.9570313698923 -36.8796882636188 -36.7799995549029 -36.7490629561177 -36.6235932715034 -36.4585941440712 -36.293749511757 -36.2145311837689 -36.104531348263 -35.9189063912666 -35.7468756443237 -35.637187064339 -35.5301567919178 -35.3192187555569 -35.1292184598688 -34.9614056953051 -34.8800001153582 -35.2437496790375 -35.8242183932931 -36.2962498077247 -36.316406608566 -36.1415628800788 -35.9635937223107 -35.7414063224539 -35.3676564108404 -35.1131253252646 -34.887031496833 -34.4675000329663 -33.9893746998082 -34.1290627137696 -34.129530966136 -33.0218755622016 -31.3103123333495
-36.2795314798746 -36.3015622505835 -36.2693751462188 -36.2773438103991 -36.2412500388814 -36.2051551946173 -36.2096875317901 -36.2443747528036 -36.3182808167086 -36.3759384756779 -36.4621870522309 -36.5925000315183 -36.7124999170285 -36.8629684454718 -36.9274995929065 -36.9842184788308 -37.0020313269537 -37.0315629847119 -37.0348438627826 -37.0282803185019 -36.9904684430631 -37.0115624077096 -37.0095306045846 -37.0039061910943 -36.9892185933109 -36.9695313579188 -36.9496882563769 -36.8981247549087 -36.784842968429 -36.6751561765248 -36.604218543008 -36.4996867779761 -36.4120310549705 -36.345000148363 -36.257655978608 -36.1489063504969 -36.0107811693233 -35.8996874693508 -35.8362498884133 -35.7453119162197 -35.5278128385666 -35.3262501955228 -35.2034373880681 -35.0778129101314 -34.9576569198864 -34.8507816194937 -34.8614057896502 -35.3339062330206 -35.9753118749492 -36.3690621251271 -36.3678123944226 -36.1160942305393 -35.7443746314693 -35.4199998963049 -35.0468749989228 -34.6826565850085 -34.2282807815575 -33.8153126831636 -33.0353121161632 -31.9056250457059 -30.6609375183979 -29.4731251011151 -28.3335939359214
-35.0500002525537 -35.1282817742739 -35.2048439403437 -35.1945312043459 -35.193124653908 -35.2526564614812 -35.3495315327819 -35.5403131257344 -35.7070311317548 -35.8546870955022 -35.9742183097407 -36.0820313104123 -36.2128118880927 -36.3154695041835 -36.3556249150589 -36.3771875510235 -36.4484371550775 -36.4695311196139 -36.4779686339019 -36.4770312912509 -36.4767188437005 -36.4753128297239 -36.5126567488924 -36.4943755275356 -36.4637498862629 -36.458124399889 -36.4537501342182 -36.4457811124174 -36.3990619188232 -36.2935942417031 -36.2128123646904 -36.1251554495062 -35.9817194349102 -35.8809377557751 -35.8484368926949 -35.7621872431556 -35.6540627485003 -35.5359368330316 -35.4457812314752 -35.3773437744565 -35.3150004749955 -35.1654689315977 -35.0412504675986 -34.9634379746998 -34.8779693844708 -34.8076568843608 -34.8520312907572 -35.4187502265661 -36.1815621255386 -36.6892188188616 -36.7128126022927 -36.5960937736549 -36.4676562542466 -36.361250160844 -36.1423435193378 -35.9243741610735 -35.6148437236837 -34.9009382104594 -33.5078123795419 -31.759374827122 -30.1753127582423 -28.7484374651487 -27.627187610369
-32.8495312069029 -33.0595312745155 -33.2790622740675 -33.4562507895623 -33.5979688785928 -33.6828125140311 -33.8342193981745 -34.157187583192 -34.5096877240053 -34.7825002095904 -35.0009376425576 -35.2245314135725 -35.414844097006 -35.5812504899437 -35.6828126321231 -35.7615626462379 -35.8182814128162 -35.9148443347366 -36.0032802228782 -36.0787493588931 -36.1126558782366 -36.1501563789156 -36.1493746639811 -36.155468642786 -36.1512498855737 -36.1006247998162 -36.0692177417151 -36.0242190364743 -35.9865635040423 -35.9176564816063 -35.8793745639721 -35.8465623858738 -35.8229683042365 -35.7339060900827 -35.684375166571 -35.6051559445059 -35.5234367247956 -35.3964062329923 -35.2712501284289 -35.1742183563178 -35.0934382674419 -35.0414064524009 -34.9409375783781 -34.8640622492141 -34.7840622061572 -34.7231250994967 -34.7568750375274 -35.3123437158664 -36.0935935369695 -36.6931255451003 -36.8675002448539 -36.8628126374851 -36.8210930219707 -36.8248438226327 -36.9192189554836 -36.9435937975857 -36.2668749069127 -34.7476565221212 -32.7451558691812 -31.1434375634191 -29.4778124682762 -27.7832813268342 -26.5979686684055
-30.911250116087 -31.26328146619 -31.6585937155022 -31.9257813406062 -32.2273434413891 -32.3951563847527 -32.5667184603651 -32.8953128468587 -33.1250003589526 -33.4132806076639 -33.7831251634006 -34.2035936129238 -34.5673434743391 -34.8181251891494 -35.0668751603492 -35.2314065104522 -35.4268757704183 -35.6682817340202 -35.8345324396856 -35.9648436308479 -36.0821874140792 -36.175937592747 -36.2848439211585 -36.3162509794085 -36.3003129359042 -36.2046884294745 -36.0743749139307 -35.9449998138679 -35.8520319462322 -35.7676566243671 -35.7382807136471 -35.6928122640508 -35.6781241896739 -35.6593750122911 -35.6529691819406 -35.6257815959711 -35.5595312121026 -35.4887493253533 -35.4085928201274 -35.3242194651571 -35.2814069388069 -35.2532811161897 -35.2610935563489 -35.3192186348225 -35.3892193426773 -35.3845308412243 -35.4187499869784 -35.9404689660831 -36.6771880381466 -37.214844166754 -37.2364059088191 -37.1023440958811 -37.0264064672787 -37.149687231018 -37.4085931784614 -37.5989066370137 -37.0248433952713 -35.5576561092855 -33.5692187245557 -30.8326561766574 -29.6517190339945 -28.1512500032732 -26.8576561199207
