2050_A2_MR/TSD.asc
NCOLS 720 
NROWS 360 
XLLCORNER -180 
YLLCORNER -90 
CELLSIZE 0.5 
NODATA_value -9999 
[rows 28 to 55 of 360, columns 441 to 503 of 720]
-9999 -9999 -9999 -9999 -9999 -9999 -9999 -9999 -9999 -9999 -9999 -9999 -9999 -9999 -9999 -9999 -9999 -9999 -9999 -9999 -9999 -9999 -9999 -9999 -9999 -9999 -9999 -9999 -9999 -9999 -9999 -9999 -9999 -9999 -9999 8.80507209748673 8.95769210167076 9.06271409424819 9.12793216700208 9.08399580234916 8.94648645836425 8.84143124370256 8.76623350612354 8.71639649227881 8.67129986425474 8.62005350125149 8.55182806523402 8.47961312962118 8.41153981374876 8.35826962419021 8.28637182488661 8.2400564879333 -9999 -9999 -9999 -9999 -9999 -9999 -9999 -9999 -9999 -9999 -9999
-9999 -9999 -9999 -9999 -9999 -9999 -9999 -9999 -9999 -9999 -9999 -9999 -9999 -9999 -9999 -9999 -9999 -9999 -9999 -9999 -9999 -9999 -9999 -9999 -9999 -9999 -9999 -9999 -9999 -9999 8.14094024476679 8.18039406247573 8.31285640433768 8.45548667210958 8.60079978180403 8.70703783440118 8.83557812283133 8.93883233075833 9.01190293660712 9.02277683886552 8.95767544726791 8.8937617714156 8.81472929418323 8.74806932687965 8.68808085520946 8.64130420690814 -9999 -9999 -9999 -9999 -9999 -9999 -9999 -9999 -9999 -9999 -9999 -9999 -9999 -9999 -9999 -9999 -9999
-9999 -9999 -9999 -9999 -9999 -9999 -9999 -9999 -9999 -9999 -9999 -9999 -9999 -9999 -9999 -9999 -9999 -9999 -9999 -9999 -9999 -9999 -9999 -9999 -9999 -9999 -9999 -9999 -9999 -9999 7.89692258773907 7.99491849662874 8.12979472732281 8.28034224128278 8.42223557141038 8.53001187454803 8.62576154950915 8.75114961101939 8.92351453977481 9.02756697251154 -9999 -9999 -9999 -9999 -9999 -9999 -9999 -9999 -9999 -9999 -9999 -9999 -9999 -9999 -9999 -9999 -9999 -9999 -9999 -9999 -9999 -9999 -9999
-9999 -9999 -9999 -9999 -9999 -9999 -9999 -9999 -9999 -9999 -9999 -9999 -9999 -9999 -9999 -9999 -9999 -9999 -9999 -9999 -9999 -9999 -9999 -9999 -9999 -9999 -9999 -9999 7.71186288091608 7.77292205319988 7.83475816616783 7.89985838380305 8.05175637616438 8.18524768349379 8.32352186393107 8.44930405646861 8.58975082151372 8.71987246051651 8.92451528493996 -9999 -9999 -9999 -9999 -9999 -9999 -9999 -9999 -9999 -9999 -9999 -9999 -9999 -9999 -9999 -9999 -9999 -9999 -9999 -9999 -9999 -9999 -9999 -9999
-9999 -9999 -9999 -9999 -9999 -9999 -9999 -9999 -9999 -9999 -9999 -9999 -9999 -9999 -9999 -9999 -9999 -9999 -9999 -9999 -9999 -9999 -9999 -9999 -9999 -9999 7.42904957939478 7.48530904802406 7.54391737247683 7.61658825172984 7.74780308557287 7.88155533741027 8.06511431816768 8.23505126092742 8.37180618667591 -9999 -9999 -9999 -9999 -9999 -9999 -9999 -9999 -9999 -9999 -9999 -9999 -9999 -9999 -9999 -9999 -9999 -9999 -9999 -9999 -9999 -9999 -9999 -9999 9.59502846882236 9.66884562543374 -9999 -9999
-9999 -9999 -9999 -9999 -9999 -9999 -9999 -9999 -9999 -9999 -9999 -9999 -9999 -9999 -9999 -9999 -9999 -9999 -9999 -9999 -9999 -9999 -9999 -9999 -9999 7.26744336632077 7.36597570176142 7.44797872075916 7.50836869773073 7.61226734749205 7.77518335960527 7.9629024016035 8.0912990636265 8.26469665643894 -9999 -9999 -9999 -9999 -9999 -9999 -9999 -9999 -9999 -9999 -9999 -9999 -9999 -9999 -9999 -9999 -9999 -9999 -9999 -9999 -9999 -9999 -9999 -9999 9.74817139624985 9.68817924444939 9.76872005699466 9.85680057734759 -9999
-9999 -9999 -9999 -9999 -9999 -9999 -9999 -9999 -9999 -9999 -9999 -9999 -9999 -9999 -9999 -9999 -9999 -9999 -9999 -9999 -9999 -9999 -9999 -9999 7.11522213265842 7.25717026139986 7.42349839958079 7.51846804923317 7.57844166814664 7.65872631432613 7.89154247576253 8.06615196452452 -9999 -9999 -9999 -9999 -9999 -9999 -9999 -9999 -9999 -9999 -9999 -9999 -9999 -9999 -9999 -9999 -9999 -9999 -9999 -9999 -9999 -9999 -9999 -9999 -9999 9.89429992086186 9.92251168865213 9.99491214216859 10.0720043519888 10.1487272866149 10.2612715934838
-9999 -9999 -9999 -9999 -9999 -9999 -9999 -9999 -9999 -9999 -9999 -9999 -9999 -9999 -9999 -9999 -9999 -9999 -9999 -9999 -9999 -9999 7.39557142754914 7.26344294688564 7.16251821143931 7.33854119265635 7.54628380738627 7.6654154048495 7.72432335622358 7.81731787187783 7.88593748688653 -9999 -9999 -9999 -9999 -9999 -9999 -9999 -9999 -9999 -9999 -9999 -9999 -9999 -9999 -9999 -9999 -9999 -9999 -9999 -9999 -9999 -9999 -9999 -9999 -9999 10.1029036023998 10.1515050696184 10.2082203810475 10.2697952274369 10.3393732308563 10.4205756511807 10.493552009972
-9999 -9999 -9999 -9999 -9999 -9999 -9999 -9999 -9999 -9999 -9999 -9999 -9999 -9999 -9999 -9999 -9999 -9999 -9999 -9999 -9999 7.55009332098878 7.51976305183595 7.4505576916816 7.45982863157494 7.53698645504873 7.64653649026483 7.79017849721262 7.97018136590495 8.16435226426326 8.47265981586025 -9999 -9999 -9999 -9999 -9999 -9999 -9999 -9999 -9999 -9999 -9999 -9999 -9999 -9999 -9999 -9999 -9999 -9999 -9999 -9999 -9999 -9999 -9999 10.5214918491897 10.4705565406172 10.3912780401331 10.4410513312801 10.4929350808005 10.5504175681956 10.6122206772053 10.6878291258262 10.7562684454234
-9999 -9999 -9999 -9999 -9999 -9999 -9999 -9999 -9999 -9999 -9999 -9999 -9999 -9999 -9999 -9999 -9999 -9999 -9999 -9999 -9999 -9999 7.60959421519334 7.60174391710267 7.79824121182417 7.78845395505566 7.81991442702354 7.98378828812975 8.27669031378242 8.54524274790245 8.66429335110782 8.81047259172515 -9999 -9999 -9999 -9999 -9999 -9999 -9999 -9999 -9999 -9999 -9999 -9999 -9999 -9999 -9999 -9999 -9999 -9999 -9999 -9999 10.6374797614679 10.6252685395111 10.6236109410123 10.6407014105594 10.6723896595433 10.7178144086953 10.7702636299069 10.8146736486254 10.8699688552469 10.9397683886176 11.006852853174
-9999 -9999 -9999 -9999 -9999 -9999 -9999 -9999 -9999 -9999 -9999 -9999 -9999 -9999 -9999 -9999 -9999 -9999 -9999 -9999 -9999 -9999 -9999 -9999 -9999 -9999 8.16506782823779 8.32082305473743 8.58635868247316 8.84155771288791 8.94611352539397 9.04234616813973 9.23979065012094 9.47181846183832 9.53168105062057 -9999 -9999 -9999 -9999 -9999 -9999 -9999 -9999 -9999 -9999 -9999 -9999 -9999 -9999 -9999 -9999 -9999 10.7851778093358 10.8437872488426 10.892462697749 10.9276968678483 10.9519036252135 10.9926184932245 11.0370777366926 11.0843648473709 11.1340394848382 11.1984153284027 11.258111765866
-9999 -9999 -9999 -9999 -9999 -9999 -9999 -9999 -9999 -9999 -9999 -9999 -9999 -9999 -9999 -9999 -9999 -9999 -9999 -9999 -9999 -9999 -9999 -9999 -9999 -9999 -9999 -9999 -9999 -9999 -9999 9.14500721213292 9.33282742115512 9.50999543672926 -9999 -9999 9.9142288917021 10.0071679189136 10.1903042628762 10.3234399919868 -9999 -9999 -9999 -9999 -9999 -9999 -9999 -9999 -9999 -9999 -9999 -9999 -9999 11.1091229778995 11.1594329296027 11.1994816156284 11.2281185165028 11.2609483966398 11.2986594454159 11.3396769252262 11.3804176192363 11.4361484847492 11.4993638505282
-9999 -9999 -9999 -9999 -9999 -9999 -9999 -9999 -9999 -9999 -9999 -9999 -9999 -9999 -9999 -9999 8.20801032021752 8.3238078339396 -9999 -9999 -9999 -9999 -9999 -9999 -9999 -9999 -9999 -9999 -9999 -9999 -9999 -9999 -9999 -9999 -9999 -9999 9.97569513118627 10.0443666959635 10.2141153672102 10.4080336953081 10.5333532522212 10.5946480830177 10.6373245664536 10.6972710563079 10.7678012947822 10.8202019312371 10.92165041771 11.0002607158859 -9999 -9999 -9999 -9999 11.3763765598617 11.3959160300074 11.4105132717916 11.4570100024208 11.4923761945912 11.5212991114734 11.5492122677974 11.5898566862091 11.6297287773483 11.6776119812803 11.7318259306605
-9999 -9999 -9999 -9999 -9999 -9999 -9999 -9999 -9999 -9999 -9999 -9999 -9999 -9999 -9999 8.20745345905859 8.27560270231855 8.40303455336193 8.5402725906499 8.64521577070492 -9999 -9999 -9999 -9999 -9999 -9999 -9999 -9999 -9999 -9999 -9999 -9999 -9999 -9999 -9999 -9999 -9999 10.1882995271169 -9999 10.4608364279497 10.5511988992041 10.585680519444 10.6136235483249 10.6691141967049 10.7485825463995 10.8342345823238 10.9322407049083 11.0314721346307 11.145493794341 11.2807531543026 11.4745579778188 11.5826747729837 -9999 11.5289984904638 11.5073541656335 11.6929494055288 11.7335720684456 11.7621055666547 11.788607835021 11.8207843000062 11.8577508898946 11.8961833071115 11.9451748364016
-9999 -9999 -9999 -9999 -9999 -9999 6.67613278956508 6.93142128995716 7.12129351639626 7.36200325894326 7.57031200963683 -9999 -9999 -9999 -9999 8.28207578168537 8.42878565657263 8.54875079024377 8.63342383469621 -9999 -9999 9.35769492723657 9.51663999245 9.64506905694251 9.67624993121138 9.72429049411533 9.76449017107351 9.68342329146733 -9999 10.1325836660511 10.1690748950468 10.2361463091693 10.2993675882851 10.3635822867818 10.2868980206552 10.251950520172 10.2609668817829 10.3438301205266 10.5446296749093 10.6659393493596 10.6946245851655 10.7367814431214 10.7851049646231 10.8531150998265 10.9306047055431 11.0143532603669 11.1104866180283 11.2184235362428 11.3328527703659 11.4581311850243 11.6250505059617 11.7845731747703 11.8982407365923 11.9861947447975 12.1104353754855 12.0791072234473 11.9217935516095 11.9928565325364 12.0108534880021 12.0283087104071 12.0615384534424 12.0933980932906 12.1352250693267
-9999 -9999 -9999 -9999 -9999 -9999 6.67613278956508 7.03240842452879 7.22668981102373 7.44606178269125 7.65582966878739 7.9030519878119 -9999 -9999 -9999 -9999 -9999 -9999 -9999 9.24265153438232 9.35644925927578 9.46296068212802 9.63176632158424 9.77905638532674 9.93186445114803 10.0319444819376 10.0850241802558 10.1564762738977 10.2010901388131 10.2163006882539 10.2751357316288 10.3393095646975 10.4012504276857 10.4611183543747 10.4685900785245 10.4408206936582 10.4574680566947 10.5364769656788 10.6513876288555 10.7765422732234 10.8992696596919 11.0056562611859 11.1108993724171 11.210587214788 11.3116536273487 11.3996825854577 11.4881660738719 11.5890991572295 11.6951202118864 11.8182179501139 11.9206655719686 12.0150875047058 12.0991781313346 12.1523620991793 12.1936663120167 12.2308280613199 12.2196015639689 12.2033741549596 12.2145677686526 12.2231673260922 12.2413087999781 12.2745811227425 12.3127111455064
7.61500102487133 -9999 -9999 -9999 -9999 -9999 -9999 7.28203124737992 7.4571524925835 7.63791760524425 7.82339522135371 8.01179389058276 -9999 -9999 -9999 8.99145407025705 9.05761314412721 9.16793512797541 9.29139876316508 9.42407929541784 9.57097145715725 9.72167298359749 9.88701102631072 10.0573585491136 10.2402431747722 10.3326230395151 10.3346123359628 10.3537941063314 10.3841547773583 10.4274471647755 10.4868501113713 10.550089116688 10.6117563824341 10.6652505528217 10.6658672295108 10.6534899804703 10.6793672840533 10.746378088907 10.8456494740942 10.9932207050223 11.1502965612388 11.2960406084791 11.4275805264596 11.5570098865126 11.6729324251966 11.7623189698855 11.8632675136745 11.9663830828387 12.0589167570636 12.1672428916183 12.2256660166504 12.2765774819642 12.350594642719 12.4131995320449 12.4155151007179 12.4098075706515 12.4042290864033 12.3968351495976 12.3918634604337 12.4066713879615 12.4189684585501 12.4421082670343 12.4731103255021
7.81729487746831 7.77952355804917 -9999 -9999 -9999 -9999 7.47492194619369 7.58912198446058 7.76358364406038 7.96559220755218 -9999 -9999 -9999 -9999 9.00458166350409 9.14044969499683 9.30901174847734 9.44512171700602 9.57030190194195 9.68835948982058 9.821386468447 9.96057446673492 10.1046564532497 10.2638547610802 10.4192734683302 10.5099436424906 10.5338772315886 10.5470710722863 10.5798265073357 10.6181203732517 10.6766630319227 10.7496246245976 10.8035459804456 10.8469624899759 10.8846331238687 10.9043153720383 10.954263898695 11.0173879141464 11.1073283912458 11.2307323760671 11.3818609923012 11.5147412051016 11.648354998526 11.7658691762341 11.8742640195172 11.9781556912403 12.0921400311528 12.1968259320996 12.2987337265428 12.37212645634 12.4488174209391 12.5094673738466 12.5884793771636 12.6263840600341 12.6204653884274 12.6001623901523 12.585466374812 12.5703605725226 12.5587037290463 12.5549558697886 12.5659767458068 12.5928000878893 12.6182578627697
8.06660856464144 7.9686707176409 -9999 8.04465896410679 8.03805532055884 -9999 -9999 8.15456690254961 8.09881429487092 8.27568229512298 8.49024400581084 8.73789764657278 8.95116172827488 9.12722256200068 9.29019777320604 9.45462658915654 9.6112961234749 9.73891458075574 9.84984968793074 9.95851363939351 10.0668498622795 10.1787384494248 10.3027768306795 10.4167115633028 10.5292850102516 10.6122725942123 10.6667685664069 10.7016966297424 10.7335695555202 10.7811697782027 10.8498399385569 10.9229909978939 10.9760520351694 11.025134704077 11.0926545865161 11.1581753589745 11.2280459229694 11.2933444777077 11.3685281404216 11.4657554786152 11.598169680338 11.715974489975 11.8240255788826 11.9321590655183 12.0448842917271 12.1480951531224 12.2439311576686 12.3413984287751 12.4559544140878 12.5649175011824 12.711246946239 12.8238557768779 12.8773054912524 12.841844799898 12.7964627537395 12.7635603073636 12.7328449692635 12.7143306525624 12.7040896180068 12.6960380286454 12.6957823362225 12.7121973216323 12.704060813322
8.164103661728 8.47245029912358 8.32507644509242 8.20082325369591 8.16746743418286 8.16878870581782 8.28214479860075 8.30456137900075 8.43191158799522 8.60417565660009 8.80198651985358 9.022519194166 9.23771131838932 9.44100512602548 9.6319670444279 9.7878547614012 9.91257415539475 10.0161913070948 10.1177119557703 10.214830078534 10.3045851966091 10.3993478870854 10.5024247678636 10.5811275367727 10.6621317776282 10.7377988836555 10.800240167788 10.8426054979949 10.8862887988257 10.9354266584109 11.0010151754703 11.0726026473171 11.1302441701052 11.1814766502327 11.25322210604 11.323817829045 11.3994429445075 11.468489287997 11.5336297624781 11.6278533547452 11.7380314847606 11.8430367801204 11.9499507059706 12.061210852857 12.143503005639 12.2303976295873 12.3756769355473 12.505397595096 12.6341214866642 12.7598367552481 12.8735097458223 12.9749561294356 13.0077423127555 12.971968487776 12.9142275442253 12.8740322178708 12.8439065280773 12.8264437340663 12.8135580816893 12.8134797120833 12.8125163195988 12.8199965107467 12.8733094505803
8.73312796698659 8.6474963899149 8.55922279642307 8.48815870001619 8.44640007627197 8.44701895826492 8.50119588552872 8.59958780919595 8.74675584923408 8.92139683144777 9.11919613958303 9.33340463025914 9.5658092304501 9.79661731099425 9.98889258994034 10.1174412571652 10.2117747123013 10.2804804861168 10.3520425562118 10.4240441905316 10.5051806090603 10.5871880665159 10.6759603288334 10.7400899243378 10.7999794890882 10.8610111147413 10.9156454158367 10.9702786593893 11.0157146723233 11.0716608417294 11.1394989068441 11.2039019564585 11.2698146781768 11.3266856792416 11.396378634986 11.4734945931954 11.5446102218453 11.6012237973431 11.67386244002 11.7454860714046 11.8384670364296 11.9321831074946 12.0113459596774 12.1082434574333 12.2232322093429 12.3768287216496 12.515147835081 12.6304580056956 12.7388400920963 12.845696512406 12.9422063466959 13.0134823498571 13.0457354989421 13.0301562180938 12.9916338349798 12.9554181309014 12.9379845151057 12.9233472737819 12.9094774436962 12.9085104204824 12.9167935794205 12.9332483352734 12.9619807781856
9.08071703599033 9.00408974814082 8.89497601923491 8.82002302931301 8.76860723367857 8.76533473144848 8.80990270171447 8.91148868419645 9.05222536133661 9.22230654821246 9.41610435329252 9.64535319844396 9.90059819959086 10.1619254211868 10.3570901180797 10.4435329701439 10.4815186726375 10.5255417310087 10.5713790543297 10.6221496086179 10.6714744025022 10.7402103763617 10.810700625932 10.8650764419462 10.9044921887847 10.9650576287713 11.0209675069995 11.0758307517283 11.1304824946921 11.1832817854631 11.2505389400406 11.3166332417271 11.3951413757918 11.4667653816247 11.5279015331399 11.5894845542621 11.6596209257491 11.7435512292401 11.8016682911891 11.8050915981653 11.8707051710841 11.9550388886465 12.0954608945121 12.2802293853819 12.3872895522448 12.505171946907 12.6052325559013 12.7031531779599 12.8197361741218 12.9107261091145 12.9823292492089 13.0317157222237 13.0626385231585 13.0536223332117 13.0236778099659 13.0031002670536 12.9903449264869 12.9870488175543 12.9840134507907 12.9772083719348 12.986243656676 13.0113491416564 13.041325763345
9.41635396648874 9.32331028733385 9.20201549069146 9.11593123568205 9.06275970262944 9.0625741748825 9.10481752574128 9.19076129394471 9.32823690582481 9.49068822465953 9.68433940836053 9.90627642376117 10.1773847672703 10.4629318570852 10.6674504831551 10.6852726266664 10.6887604654004 10.7067594696788 10.7365190172552 10.7755526584133 10.8130184529385 10.8629343593039 10.9179998383327 10.9635391082604 11.0117323006441 11.0567512420707 11.1007717456506 11.1604128414256 11.2256340678136 11.2835329317283 11.3439527014739 11.4112493443486 11.5004222884368 11.5716754318219 11.6219236787604 11.6866194547346 11.7785451539198 11.8734861831811 11.906741412617 11.9345037087302 12.0233794797796 12.1411122081203 12.27233411102 12.3856332383473 12.4805592301541 12.5854884810088 12.6868821761151 12.7847900769249 12.8801405921088 12.9569906378974 13.0084831321518 13.0447135423279 13.0630796160332 13.0679447092427 13.0497054663039 13.0337977034851 13.0287380396405 13.0240607446813 13.0246599726586 13.0272422398039 13.0439873801227 13.0717812940488 13.0968376027694
9.60820864977706 9.52148196135543 9.41202375010916 9.33353439998075 9.29963893843739 9.30202732346733 9.34085074558458 9.42298892909499 9.54591787343823 9.70548894422606 9.88703319986505 10.0976825879458 10.3371790866191 10.579894734613 10.7425805958282 10.7968387242717 10.802713355162 10.8234616296669 10.8420557330209 10.8694666043918 10.9101572700323 10.9460545649569 10.9930285085416 11.0509710753078 11.0862346992099 11.1293920661729 11.1818590902132 11.2295214997884 11.2871612601227 11.3455627631206 11.4162112463956 11.4859583581346 11.5647035513597 11.6401750921601 11.7032404639642 11.7755598114187 11.8551142573991 11.9525265713934 12.0041431439713 12.0723832636563 12.1965013438689 12.3044013849949 12.3953179795583 12.4742523787671 12.5578281545373 12.6408571180696 12.7305461360844 12.8166651912672 12.9150010951903 12.9920159496081 13.0208363512687 13.0443051946183 13.046793480645 13.0459423959593 13.0539672537521 13.0548704046143 13.0505167821738 13.0563476501559 13.0625870824489 13.0647904603553 13.0905202333281 13.1118149501394 13.1366996729261
9.64749721312816 9.60379714248965 9.53724927654183 9.48299054276689 9.46515992191015 9.47624264191691 9.52274428723726 9.60497660804946 9.7175536358314 9.86539767229537 10.0317441111189 10.2303942876617 10.4221491006873 10.6009613518589 10.7419625833165 10.8176685310497 10.8559460665886 10.8882765486541 10.9168928459579 10.9451333893561 10.9748448759494 11.0038510895819 11.0378763134659 11.0833670087901 11.130318883071 11.1835793807423 11.2366070152902 11.28574727014 11.3425796987347 11.4020278316789 11.4768744606734 11.5457114858283 11.6205367241247 11.7022560877348 11.7784586814218 11.8557971382757 11.9441536053075 12.0527527238877 12.0997081555276 12.205544927989 12.314004040651 12.4229691307976 12.4913252544359 12.5519731766609 12.6163088624767 12.6889148232241 12.7632766159519 12.8449274163198 12.9317171962428 12.9931650516953 13.0123732386469 13.0283811695427 13.0417224666329 13.0516865567023 13.0626265862555 13.0739658494899 13.0848248391539 13.0895852171914 13.0986812984442 13.1167547767335 13.1301044712581 13.1548156727771 13.1809661651905
9.65703683933444 9.63682433790057 9.60511338003216 9.58404666867626 9.58361489769968 9.61104209929239 9.67027054126746 9.75240722925156 9.86156756124441 9.98691825758396 10.1398397202387 10.3040460602814 10.4644780063781 10.6153399491938 10.7268861336996 10.8140413029386 10.8724007233133 10.9146675066411 10.9560185725106 10.9862592600235 11.0189415365419 11.049256450976 11.0783552764912 11.1265626482408 11.1685592977965 11.218862141928 11.2709344626217 11.319228447711 11.3679025006674 11.4317462962939 11.5067381779043 11.586891243688 11.667445354805 11.7474197653021 11.830257941229 11.9085148410711 12.0114470743205 12.1237868214245 12.1951892415157 12.3104222633698 12.4268709135895 12.5083205702443 12.553060112092 12.6077728765492 12.6603043431579 12.7134582435968 12.7620364376027 12.8266988474529 12.8903340683376 12.9330586964187 12.9517330476133 12.980469058022 13.0045218470862 13.0229738084256 13.048434340413 13.0609377493409 13.0848799024848 13.1001726358087 13.1148949823219 13.1302406165696 13.1565077734751 13.1788181834835 13.2092589848723
9.65753709500545 9.66172585283206 9.65545844554661 9.66022659798202 9.67582520384338 9.70814289333806 9.77484462491446 9.86328323099994 9.96949135884693 10.0892140294156 10.2177908146537 10.3491185862226 10.4835409062799 10.6111549864722 10.7153233521383 10.8029450194065 10.8686510039808 10.9296560959545 10.9720759799255 11.0072424378756 11.0389963790714 11.0731132780758 11.1059133576516 11.1446654057639 11.193837952185 11.2496355262183 11.2909380032075 11.3453949527555 11.4027857618633 11.4692346816625 11.5309891407073 11.5962213310059 11.6702186202003 11.7475468280593 11.8389378974844 11.9388040680917 12.0460674452338 12.1637168360867 12.2584779948733 12.3732108706318 12.486381819882 12.5498614228666 12.5854980190458 12.6150542767739 12.6531175037287 12.6863701402664 12.7353040957247 12.7845041234085 12.8271263473001 12.8666145670152 12.8971296193064 12.9239869026277 12.9584447920976 12.9832848708285 13.0145331874751 13.0480804819218 13.0742939882562 13.1002434010052 13.1282947968799 13.1486845613511 13.1795838012137 13.2075178825532 13.2296830102956
9.6519952553683 9.67661815115064 9.69322035094035 9.7096831370101 9.73794506140356 9.79084045063782 9.85149084993133 9.94478364836553 10.0359067425497 10.1583601257996 10.2756880056408 10.3869199884962 10.4943432454063 10.6024232991665 10.6982216362211 10.7872860227823 10.8555324224707 10.9239865262208 10.9725538176744 11.0142148797656 11.0452066422047 11.0952388377475 11.1177423145473 11.1534109677396 11.1898751698759 11.244632677758 11.2876968515397 11.3450852161295 11.4037350464748 11.470336937681 11.5279025811904 11.5853973663293 11.658171834998 11.7353409236105 11.8291265784949 11.9378225274012 12.0567888553551 12.1818267485973 12.2809503512768 12.3902076986453 12.5073466195484 12.5573217481145 12.5734770698287 12.5856052299254 12.6076937700503 12.6408713824667 12.6689743010454 12.7145098840969 12.7425317551221 12.7934477628436 12.8326247489369 12.8840880386096 12.9236757037405 12.9533943763635 12.9903962455244 13.0374449788655 13.0693795342158 13.1015760386623 13.1284709329535 13.1604799963852 13.1851696001339 13.2133945993061 13.240709310215
