2050_A2_MR/TSD.asc
NCOLS 720 
NROWS 360 
XLLCORNER -180 
YLLCORNER -90 
CELLSIZE 0.5 
NODATA_value -9999 
[rows 112 to 139 of 360, columns 567 to 629 of 720]
6.60558436922805 6.69915007920048 6.97648484211591 7.34903650423759 7.72605897685179 7.89971372406615 7.81518593936116 7.85606443898713 7.79527436303212 8.04010446803227 8.19916766931817 8.32665869621236 8.51898624758842 8.57300206026174 8.59166900690525 8.63997848984301 8.78763705569661 8.95339757027704 9.26006197806918 9.34026191999754 9.35656992452379 9.36011553558152 9.37110695856914 9.39082764411818 9.41450639082415 9.46829935686111 9.52814570108582 9.56024736107988 9.50588481100383 9.42411141212702 9.32212527628129 9.24365267549463 9.17461475825268 9.06752456624342 8.98261186839607 -9999 -9999 -9999 -9999 -9999 -9999 -9999 -9999 -9999 -9999 7.33337212454576 7.31829465163005 -9999 -9999 -9999 -9999 -9999 7.08755677099958 7.51800393321891 7.55758137672225 7.63680052228164 7.721094177323 7.70051368218449 7.65267678400368 7.67585153056099 7.55978341671119 7.38904504436042 -9999
6.31146065526199 6.44926430068614 6.74107461829594 7.01516074857902 7.3895045769384 7.67278822946596 7.83756614521771 8.11623099928266 8.2102285637275 8.16444026663311 8.1331987356781 8.24237094869997 8.31580828420372 8.39524342379289 8.49576978555828 8.75790122745474 8.92335738973191 9.00058379645492 9.11153061820336 9.14118626496945 9.1889454390771 9.26850940447441 9.25662813971463 9.23877275499639 9.23775399657023 9.31484911857383 9.41688189403809 9.45297925689937 9.38849540602264 9.31777197692397 9.24549432279548 9.20275421516716 9.14629316932073 8.99258005781777 8.83025840778659 -9999 -9999 -9999 -9999 -9999 -9999 -9999 -9999 -9999 -9999 7.28523913752765 7.20244884500324 -9999 -9999 -9999 -9999 7.02880874779836 7.26871250552873 7.64373759003332 7.84076252259072 7.74199723302959 7.46149165958088 7.31448610064207 7.24417412761572 7.20769182761485 7.22151887258146 -9999 -9999
6.08644210790743 6.21934171561238 6.61800782041159 6.992660357563 7.3246104230133 7.3829530429731 7.54267060487082 7.71665040672739 7.77080303293241 7.94712611807618 8.08169936235175 8.12214801940953 8.17712402974012 8.28210249841567 8.43581458214267 8.67892364747831 8.92501774913831 8.9709820378676 8.97158028429572 8.97615908763852 9.02941590434182 9.16825235816862 9.1553654156764 9.1058733294862 9.08936171984348 9.15711230065085 9.28473502611134 9.36997399131597 9.2794916760559 9.20654956887485 9.18084437298565 9.22558997250037 9.1553930720302 8.95775509965648 8.7467023052568 -9999 -9999 -9999 -9999 -9999 -9999 -9999 -9999 -9999 -9999 -9999 -9999 -9999 -9999 -9999 6.96348397554906 7.05359642847668 7.35824243994402 7.53511264096123 7.75376812455493 7.62519281607089 7.26938502048792 -9999 6.82818242572723 -9999 -9999 -9999 -9999
5.95695565902877 6.28001040183306 6.63399786752004 6.98946433968627 7.22177607792387 7.27460025515619 7.43359427517015 7.49064034674124 7.51396024832652 7.51461317677147 7.5400142071854 7.63407402527159 7.89394958875556 8.09015976468093 8.19657415194958 8.46554001788808 8.77192645568891 8.82691183432211 8.82129526398902 8.80347797460486 8.88811882831015 9.03586724594826 9.02398135684748 8.98618125983737 8.96942401222658 8.99715623375587 9.06702985969257 9.13863233118268 9.13929586374266 9.0963402372711 9.0640846624852 9.20433116325615 9.13002355763951 8.8723986344159 8.66550679145163 8.51291103486805 -9999 -9999 -9999 -9999 -9999 -9999 -9999 -9999 -9999 -9999 -9999 -9999 -9999 -9999 -9999 -9999 -9999 7.17954124114708 7.49910313379167 7.32517788201039 7.09081620775917 -9999 -9999 -9999 -9999 -9999 -9999
5.97325754233754 6.52189127213911 6.96148295779263 7.08657114919519 7.13444476640275 7.24893458863649 7.38764418173054 7.47934114143354 7.41336690292739 7.3694278080457 7.26601150765637 7.26593134098403 7.49333418756271 7.61152418654431 7.82642820670461 8.10763513818445 8.43368684758961 8.66718365627782 8.68638363244379 8.76379556518112 8.78754492816192 8.8304408297098 8.83918272515041 8.76100256939118 8.71776502858884 8.76592142427298 8.77498255162293 8.88732998358961 9.00311053845249 9.06742795181078 9.00140663358597 8.99781803635126 8.87991073104296 8.6639388588965 8.5429278866589 8.46779123426345 8.2924703038286 -9999 -9999 -9999 -9999 -9999 -9999 -9999 -9999 -9999 -9999 -9999 -9999 -9999 -9999 -9999 -9999 6.9911449212601 7.16889570788543 7.00172491338254 6.83096342670046 -9999 -9999 -9999 -9999 -9999 -9999
6.35958060006635 6.87259696456202 7.03309935062441 7.07940791609262 7.1478558141841 7.25837009610347 7.3640046675616 7.45700173862015 7.45055523398026 7.464274886611 7.44152672240903 7.42147677483482 7.55483925288409 7.58063102266269 7.75615358157046 7.93434774910946 8.28861975963833 8.51553231682223 8.58670119946741 8.66303311422775 8.78732889333713 8.80499667469078 8.74936692239481 8.5704614550956 8.39736331799529 8.3566035366576 8.38897362759758 8.5962042793848 8.86512008233563 9.03866772490486 8.98197774566449 8.81102146285128 8.61289945882215 8.43593629981835 8.41579605665327 8.40688157851915 8.23880397679313 -9999 -9999 -9999 -9999 -9999 -9999 -9999 -9999 -9999 -9999 -9999 -9999 -9999 -9999 -9999 -9999 6.58640834063022 6.59108267516754 6.62725539966264 -9999 -9999 -9999 -9999 -9999 -9999 -9999
6.80916047347688 6.8676826488435 6.91972137739451 7.039292622731 7.1736246107937 7.30196319507306 7.37396909910352 7.40528725567777 7.45140344625248 7.45763557670877 7.43854364355622 7.3671409273017 7.41955365822555 7.49237415299711 7.72428398463221 8.04131185860632 8.28654231875529 8.42881842243548 8.54261968878974 8.63959203229026 8.74255269442388 8.8320426337182 8.77294362096553 8.58685064095322 8.44625820135216 8.29998649858749 8.46315046665108 8.59812327993842 8.70420770796172 8.78503243152982 8.75261903834476 8.62566606173254 8.50566257373716 8.41859733544016 8.38124321613991 8.32380802835091 8.13216187982942 -9999 -9999 -9999 -9999 -9999 -9999 -9999 -9999 -9999 -9999 -9999 -9999 -9999 -9999 -9999 -9999 -9999 5.65889926541899 5.80165925164847 -9999 -9999 -9999 -9999 -9999 -9999 -9999
6.76661501237613 6.77925088029625 6.8632331935224 6.99098164052927 7.14307957141757 7.27285289623667 7.31562280763293 7.36727174986697 7.4149412354968 7.28644976360321 7.19566531964806 7.29127663382252 7.37363956579893 7.40717254682995 7.57018329172773 7.97184568903398 8.25960641294188 8.34853053365595 8.46843885443326 8.5902088298822 8.67181506243372 8.71579741649955 8.66022197530784 8.58118368771501 8.50832870864009 8.59693903056801 8.60930558269128 8.50411056453996 8.38877911266737 8.37284671553255 8.33900075980591 8.38599618030017 8.4583075209884 8.45972906453282 8.38538969773768 8.256949911583 7.91799856719086 7.64836969496432 -9999 -9999 -9999 -9999 -9999 -9999 -9999 -9999 -9999 -9999 -9999 -9999 -9999 -9999 -9999 5.576859101899 5.64933194797305 -9999 -9999 -9999 -9999 -9999 -9999 -9999 -9999
6.62642608727139 6.71255299486482 6.84119504965881 6.95882205202432 7.07157951285041 7.20653966465099 7.30341588119777 7.3192157733687 7.2442764716821 7.17450688578936 7.2814225109445 7.39366148268842 7.42990290184944 7.57694875177323 7.79156793991165 8.06511024484511 8.29091342744263 8.3841382676204 8.48234447228338 8.56703849117502 8.55552161373651 8.49143826100105 8.39813615268629 8.45404539759224 8.54380498863786 8.61378309462487 8.44960161908824 8.28630579093633 8.24634080146261 8.28865189301744 8.26774244294247 8.31774144366481 8.31198441043714 8.32580655601661 8.25132206040522 8.05219505772205 7.88006716165318 7.59762955784236 -9999 -9999 -9999 -9999 -9999 -9999 -9999 -9999 -9999 -9999 -9999 -9999 -9999 -9999 -9999 -9999 -9999 -9999 -9999 -9999 -9999 -9999 -9999 -9999 -9999
6.49479793891302 6.66484349243782 6.78622361424835 6.87340202713748 6.98462887739349 7.15217809211523 7.23421429147787 7.17680439562732 7.15420142295001 7.25226859068627 7.33681739154142 7.54348058000553 7.65267532065112 7.77362271362705 7.89316424701564 8.17630455669293 8.36853685838305 8.4795577895094 8.55024814037445 8.54245888159023 8.3653183056142 8.22792552261442 8.20565109323072 8.19942426144248 8.37336165485377 8.42722842688305 8.31476719174594 8.16462086627734 8.12106077499532 8.05186095565364 8.09367529326237 8.24440437263038 8.18012612514559 8.11272421903769 7.97545111410448 7.81169381409634 7.6735246119117 -9999 -9999 -9999 -9999 -9999 -9999 -9999 -9999 -9999 -9999 -9999 -9999 -9999 -9999 -9999 -9999 -9999 -9999 -9999 -9999 -9999 -9999 -9999 -9999 -9999 -9999
6.36599718373045 6.56882509816484 6.70564030082404 6.77509844572151 6.91093209255428 7.03505861754967 7.16889608500251 7.14754392554065 7.23782109427488 7.33952958718705 7.47091376064339 7.67246718979913 7.79547132711841 7.84171262467929 7.97932712619056 8.20512983339792 8.40580893966672 8.55206154122799 8.63538750769415 8.50053627570742 8.2665300323869 8.08289947025717 7.95975928866466 8.11725141304346 8.24732971949866 8.26761037726275 8.17057642637806 8.01899641312271 7.84042362777088 7.91080587911973 7.93034305208388 7.78465603852703 7.84436556730877 7.76127015156293 7.62848548881207 7.55678205102292 7.44927524490256 -9999 -9999 -9999 -9999 -9999 -9999 -9999 -9999 -9999 -9999 -9999 -9999 -9999 -9999 -9999 -9999 -9999 -9999 -9999 -9999 -9999 -9999 -9999 -9999 -9999 -9999
6.10836714930438 6.46807727358404 6.61070276624765 6.70902474143006 6.83197423622509 6.99028911856592 7.10243268173109 7.21016759547389 7.31662128873219 7.43068695836044 7.51017913414553 7.67067585604411 7.8329026143927 7.94883117240494 7.96086618443928 8.06858516499592 8.22736047495409 8.52280716092068 8.6939227377082 8.43847557035006 8.20394228702057 8.03717063641409 8.08579878185269 8.16267504608738 8.19286368577034 8.15264916259539 8.02031507281073 7.80700653552883 7.61128497744207 7.46102606723058 7.30356213664423 7.39996266786491 7.44135886893638 7.39957624921562 7.32515207284511 7.26480323908621 7.25369632440382 -9999 -9999 -9999 -9999 -9999 -9999 -9999 -9999 -9999 -9999 -9999 -9999 -9999 -9999 4.86342538369654 4.89166145847243 -9999 -9999 -9999 -9999 -9999 -9999 -9999 -9999 -9999 -9999
5.84403810348039 6.13418837921225 6.35687212836969 6.53239369101244 6.73448767770832 6.92103376151714 7.07776820022268 7.23178684919982 7.34871782059397 7.43837614527631 7.49367021730955 7.66537245795932 7.80033151695777 7.87248810311171 7.79015047015541 8.01420925970852 8.19599336850673 8.43997151429899 8.52780752329597 8.3551797018531 8.12455725647309 7.97773679658241 8.03161955451297 8.06429767378205 8.00951523747605 7.99134183881467 7.7786245678191 7.26107986651701 6.95785356810967 7.08896090108888 7.10873625993951 6.84553452908059 6.96054314938155 7.05682079363239 7.15622460831578 7.07579783487303 -9999 -9999 -9999 -9999 -9999 -9999 -9999 -9999 -9999 -9999 -9999 -9999 -9999 -9999 4.67869107105601 -9999 -9999 -9999 -9999 -9999 -9999 -9999 -9999 -9999 -9999 -9999 -9999
5.53031026755595 5.68049802758895 5.98278384970494 6.29559006765655 6.51318297978509 6.74943273540144 6.92159266648521 7.06357125915875 7.21110995020978 7.33928790928376 7.49684329015014 7.55100914946829 7.6779782905501 7.67911177171653 7.78960229914599 7.97327551316323 8.11376219755378 8.29420946301671 8.32919100824478 8.20715807810642 7.95470304866064 7.85964072387716 7.95280634257164 7.93386986842957 7.79071888803602 7.63595750075992 7.50466823887926 6.99152230220896 6.84181730296608 6.87722408489142 6.70936879574566 6.51383209143376 6.65838955506297 6.77289020967642 6.86204854960035 -9999 -9999 -9999 -9999 -9999 -9999 -9999 -9999 -9999 -9999 -9999 -9999 -9999 -9999 -9999 -9999 -9999 -9999 -9999 -9999 -9999 -9999 -9999 -9999 -9999 -9999 -9999 -9999
5.14786742963909 5.27108975010367 5.60948916822107 6.02997535989476 6.33666242058156 6.54680060038135 6.68321103781003 6.79132362105347 6.97303074608163 7.13602008374258 7.24972023483616 7.38604638283608 7.50659461210128 7.52695833604832 7.71986094053418 7.85882838099378 8.07461392201064 8.19775891434879 8.21146239981896 8.06886778076459 7.82571634820607 7.68303814396565 7.79841887507345 7.68542635376425 7.45590318920645 7.39786127102773 7.01671068065346 6.73169510601166 6.58225650739965 6.45806086686156 6.27714014664668 6.3178805622963 6.54875621660668 6.58685367126766 -9999 -9999 -9999 -9999 -9999 -9999 -9999 -9999 -9999 -9999 -9999 -9999 -9999 -9999 -9999 4.54133609182266 -9999 -9999 -9999 -9999 -9999 -9999 -9999 -9999 -9999 -9999 -9999 -9999 -9999
4.87467713135035 5.12453329126447 5.5154284815324 5.89201446488785 6.11086986267577 6.2863004763853 6.40784958174448 6.53150165620187 6.69917124559155 6.7981038867572 6.95141863166245 7.11581694032345 7.25084561018474 7.18126160407098 7.36095906349473 7.74546539579571 7.82473790140223 7.84436218963495 7.96384695696821 7.87591017024544 7.32772649246017 7.3342751982119 7.52355167492542 7.40171246579109 7.20268673974368 6.9542005726814 6.64831192867256 6.42289816721764 6.20973527187266 6.144017138281 6.13693726331038 6.23525185650739 6.42357340658195 -9999 -9999 -9999 -9999 -9999 -9999 -9999 -9999 -9999 -9999 -9999 -9999 -9999 -9999 -9999 4.44544201686228 -9999 -9999 -9999 -9999 -9999 -9999 -9999 -9999 -9999 -9999 -9999 -9999 -9999 -9999
4.68483041604893 4.93851226538151 5.35378889105554 5.7073723394809 5.92594170625918 6.02770709363255 6.13375026701344 6.26332176596353 6.42765370669429 6.55095016814114 6.70930231125263 6.92317312906694 7.05893807251375 7.11028258348999 7.29819431487441 7.40827819023047 7.49311817641121 7.61016180710779 7.65371492215215 7.45661374565039 7.11155618991571 7.19862808607757 7.32407266655257 7.09796526732444 6.84931795591899 6.45940053770314 6.13064935715967 5.97224486399333 5.83431591980664 5.74249682291884 5.85875182905644 6.09636830217124 6.15786708088616 -9999 -9999 -9999 -9999 -9999 -9999 -9999 -9999 -9999 -9999 -9999 -9999 -9999 -9999 -9999 -9999 -9999 -9999 -9999 -9999 -9999 -9999 -9999 -9999 -9999 -9999 -9999 -9999 -9999 -9999
4.60825351233677 4.85338071577213 5.23645377812593 5.47474529484005 5.70261736146849 5.80421539536194 5.90040558297956 6.00531853852199 6.16581135902157 6.35007802839666 6.4885352822274 6.75545275314396 6.87229959596145 7.07998830103581 6.98499481315318 7.0731381199217 7.02622976408987 7.03065440886597 7.14201390264241 7.02853451354648 6.96832364521709 6.85327454390515 6.86870825442745 6.64703362856266 6.40113357071258 6.09174329844322 5.70598591465242 5.57974906848622 5.51289230779739 5.6750740285005 5.79173360860148 5.98256015996341 6.13693311664331 -9999 -9999 4.87335740219585 4.58308423569391 -9999 -9999 -9999 -9999 -9999 -9999 -9999 -9999 -9999 -9999 -9999 -9999 -9999 -9999 -9999 -9999 -9999 -9999 -9999 -9999 -9999 -9999 -9999 -9999 -9999 -9999
4.5817632195378 4.84283032293761 5.12708210422329 5.34075556579505 5.48844411473267 5.57844643738534 5.66379636115721 5.80318200986355 5.9766944591292 6.19139792886268 6.37643920769235 6.60002912838031 6.69942488630409 6.71857213400328 6.74383002130963 6.65052893625619 6.64174909129658 6.64947625618229 6.53006482847861 6.57725209914215 6.57137560350291 6.36541140237253 6.26761422124682 6.22900559538697 6.05013201799671 5.8385250505147 5.55162617415424 5.39516403409596 5.4775610011147 5.59984561156987 5.68888019060552 -9999 -9999 -9999 4.66226722135145 4.30468704770665 4.18611551949557 -9999 -9999 -9999 -9999 -9999 -9999 3.93642728782332 -9999 -9999 -9999 -9999 -9999 -9999 -9999 -9999 -9999 -9999 -9999 -9999 -9999 -9999 -9999 -9999 -9999 -9999 -9999
4.49086606181095 4.74019014428534 4.96252585893246 5.14535247655004 5.2823054449638 5.38556549701792 5.47576408153608 5.63261202456555 5.7690072875096 5.97710830185666 6.14841909913526 6.33548922734371 6.42484017166011 6.27529373899551 6.34016658636531 6.3104886985465 6.26219327958938 6.221585136243 6.23727614895786 6.21830052863868 6.09786232880234 5.86661773918192 5.84419135552039 5.83870650717967 5.73971558807356 5.55820427224714 5.40124719501462 5.33650329114502 5.46727880462722 5.50371263636725 -9999 -9999 -9999 4.5220623839333 4.14347733089341 3.39123943439735 3.6301885016321 -9999 -9999 -9999 3.81179854269973 -9999 -9999 -9999 -9999 -9999 -9999 -9999 -9999 -9999 -9999 -9999 -9999 -9999 -9999 -9999 -9999 -9999 -9999 -9999 -9999 -9999 -9999
4.33235695672519 4.56750262203889 4.75978662038595 4.91685482717898 5.05095764147615 5.19363604596551 5.35247622404328 5.50116809450896 5.64040812558093 5.7858894918836 5.92638994034823 6.03232625098937 5.98873807062021 5.94306721143016 5.973209068971 5.92613628007699 5.93450439637 5.89927160886706 5.83440680329635 5.77932232994294 5.61751947028177 5.5490470537932 5.5171783160223 5.40106235085325 5.34583646352221 5.31375598178671 5.29801669906998 5.31269880122814 5.36413378897947 -9999 -9999 -9999 -9999 4.1587560470172 3.56393966953109 3.11629745593134 3.34167211515485 -9999 -9999 -9999 -9999 -9999 -9999 -9999 -9999 -9999 -9999 -9999 -9999 -9999 -9999 -9999 -9999 -9999 -9999 -9999 -9999 -9999 -9999 -9999 -9999 -9999 -9999
4.23347972963264 4.45153627323613 4.61411309929472 4.74391397620273 4.87155468674327 4.9824517581036 5.16945877208716 5.34512224550274 5.50840520446876 5.61700818182675 5.6973244257773 5.73527161132487 5.71414221046813 5.64501311915251 5.60561374040679 5.57954649744347 5.54556880985833 5.52416489609987 5.52833408478307 5.47342022864333 5.35903841862412 5.27210344852259 5.16281115973455 5.07720010767869 5.06962682678018 5.11217898071234 5.14886412646206 5.23149053479712 -9999 -9999 -9999 -9999 -9999 3.81503823549495 3.03518251260505 2.96316736163715 3.16625530883923 -9999 -9999 -9999 -9999 -9999 -9999 -9999 -9999 -9999 -9999 -9999 -9999 -9999 -9999 -9999 -9999 -9999 -9999 -9999 -9999 -9999 -9999 -9999 -9999 -9999 -9999
4.07006795713039 4.31431306217857 4.48115956496114 4.65643938001518 4.77135691192766 4.95395536224883 5.11776322818797 5.23096072824393 5.33633790995052 5.43852265941716 5.50977765147842 5.52853525148066 5.48690200742779 5.35634741556576 5.17307308376653 5.1035332298003 5.15912206031175 5.19369113611895 5.23592909222794 5.2210764568756 5.08994508399413 4.95874379965261 4.88353935751859 4.89729122708711 4.98551017155448 4.98367240139681 -9999 -9999 -9999 -9999 -9999 -9999 -9999 3.45480870468184 2.87546059503438 2.97739982136996 -9999 -9999 -9999 -9999 -9999 -9999 -9999 -9999 -9999 -9999 -9999 -9999 -9999 -9999 -9999 -9999 -9999 -9999 -9999 -9999 -9999 -9999 -9999 -9999 -9999 -9999 -9999
3.83774046437179 4.13717163204558 4.4038190007445 4.60596073578742 4.72548731420476 4.89409448759098 5.03684603896642 5.08907534750691 5.11243572520157 5.21011693939031 5.31568276667797 5.32254184641466 5.24742157126677 5.1060948281355 4.84886245439419 4.72147722195662 4.83487583643229 4.90353340297147 4.98993060070069 4.99317617529707 4.82734975582669 4.76339003507505 4.80511758313569 -9999 -9999 -9999 -9999 -9999 -9999 -9999 -9999 -9999 -9999 3.30709409930489 2.84996651887897 -9999 -9999 -9999 -9999 -9999 -9999 -9999 -9999 -9999 -9999 -9999 -9999 -9999 -9999 -9999 -9999 -9999 -9999 -9999 -9999 -9999 -9999 -9999 -9999 -9999 -9999 -9999 -9999
3.64828962143989 3.91539564844794 4.29010938408565 4.56496795045218 4.68323200256927 4.74509644472592 4.80447487024967 4.79286540353981 4.8289740100505 4.98127197933341 5.13408954158295 5.13388922115496 5.03253819233189 4.88031467005417 4.7082672041423 4.59007809984033 4.62805256129569 4.73954157987479 4.79653283485557 -9999 -9999 -9999 -9999 -9999 -9999 -9999 -9999 -9999 -9999 -9999 -9999 -9999 -9999 -9999 2.7121129054523 -9999 -9999 -9999 -9999 -9999 -9999 -9999 -9999 -9999 -9999 -9999 -9999 -9999 -9999 -9999 -9999 -9999 -9999 -9999 -9999 -9999 -9999 -9999 -9999 -9999 -9999 -9999 -9999
3.54124909589528 3.80351028200352 4.10910293247753 4.45146866366373 4.56167895796967 4.57003821146913 4.53524434808296 4.58971630681133 4.73920806773745 4.90146609886577 5.06221763519614 5.04768231708073 4.85118341440084 4.69917199523525 4.6233172066798 4.56141772628233 4.56289722551727 -9999 -9999 -9999 -9999 -9999 -9999 -9999 -9999 -9999 -9999 -9999 -9999 -9999 -9999 -9999 -9999 -9999 -9999 -9999 -9999 -9999 -9999 -9999 -9999 -9999 -9999 -9999 -9999 -9999 -9999 -9999 -9999 -9999 -9999 -9999 -9999 -9999 -9999 -9999 -9999 -9999 -9999 -9999 -9999 -9999 -9999
3.3541252621193 3.61252426032249 3.87554935715629 4.19246976661052 4.392166636928 4.39992102947614 4.34703828121344 4.4579437369788 -9999 -9999 -9999 -9999 4.52579991850268 4.46159235852201 4.39208826217683 -9999 -9999 -9999 -9999 -9999 -9999 -9999 -9999 -9999 -9999 -9999 -9999 -9999 -9999 -9999 -9999 -9999 -9999 -9999 -9999 -9999 -9999 -9999 -9999 -9999 -9999 -9999 -9999 -9999 -9999 -9999 -9999 -9999 -9999 -9999 -9999 -9999 -9999 -9999 -9999 -9999 -9999 -9999 -9999 -9999 -9999 -9999 -9999
3.09917406569092 3.3381562756293 3.68912695373345 4.05951477111198 4.31283365622691 4.37183962136441 4.34989040598532 -9999 -9999 -9999 -9999 -9999 -9999 4.13060450320883 3.93646383021767 -9999 -9999 -9999 -9999 -9999 -9999 -9999 -9999 -9999 -9999 -9999 -9999 -9999 -9999 -9999 -9999 -9999 -9999 -9999 -9999 -9999 -9999 -9999 -9999 -9999 -9999 -9999 -9999 -9999 -9999 -9999 -9999 -9999 -9999 -9999 -9999 -9999 -9999 -9999 -9999 -9999 -9999 -9999 -9999 -9999 -9999 -9999 -9999
