2050_A2_MR/TSD.asc
NCOLS 720 
NROWS 360 
XLLCORNER -180 
YLLCORNER -90 
CELLSIZE 0.5 
NODATA_value -9999 
[rows 196 to 223 of 360, columns 252 to 314 of 720]
0.766040944166425 0.718600531972005 0.649989188673448 0.56984656394172 0.503441555284226 0.50607418602499 0.549410045229762 0.563791824432686 0.571376475232099 0.587982801093699 0.603820265220713 0.630325625810419 0.666390765888193 0.695754177482085 0.726231160998848 0.771089805154064 0.809494702087428 0.851965568580281 0.875283411888203 0.853965287804221 0.798040222498846 0.791519954191105 0.878930429180092 1.03253771246732 1.14989165012888 1.25252689529405 1.31415508456952 1.41136015236585 1.44223967440826 1.49996848966997 1.70172167304753 1.79222627788041 1.80926715754185 1.69025693067992 1.64507523972352 1.55786399928776 1.3304190733504 1.18308199197311 1.08541989417204 -9999 -9999 -9999 -9999 -9999 -9999 -9999 -9999 -9999 -9999 -9999 -9999 -9999 -9999 -9999 -9999 -9999 -9999 -9999 -9999 -9999 -9999 -9999 -9999
0.813818079465784 0.7585075658814 0.690208542548309 0.599663059583936 0.527688529857048 0.522476258240487 0.538315332861898 0.548140499983252 0.545933652256742 0.562640048795988 0.591846343068016 0.615513286829606 0.655844653449987 0.692305988486454 0.728861787543597 0.764783402522828 0.793689083494537 0.829141198725082 0.853623761783962 0.843461413196424 0.749804403949753 0.769160027922449 0.932147170278043 1.04923752014949 1.13156020384692 1.24577218581104 1.40481102978222 1.55144329757686 1.53842118738958 1.54624979503577 1.79245429429577 1.91998556716631 1.94050103254565 1.83154363471728 1.71105276758249 1.53558746686954 1.29144410193964 1.06761198482265 -9999 -9999 -9999 -9999 -9999 -9999 -9999 -9999 -9999 -9999 -9999 -9999 -9999 -9999 -9999 -9999 -9999 -9999 -9999 -9999 -9999 -9999 -9999 -9999 -9999
0.862585676717705 0.793981593058057 0.723380158084177 0.640199747086102 0.566370404790308 0.545087822691079 0.53611891051897 0.527842799461727 0.51824848761913 0.531835062872561 0.577058583959657 0.610792542218352 0.657670772886995 0.703439327098903 0.735706728064051 0.763573019191571 0.782857044047397 0.810085076710377 0.835289785988355 0.825286535020542 0.731454135767553 0.775700316894444 0.929012041514703 0.980039784662801 1.06492275976303 1.22915329119052 1.4471644606233 1.63927582568656 1.76160323071371 1.86140860510286 1.91467587601259 1.90919955729437 1.99719441486136 1.90561386980896 1.73251124394436 1.50827453252755 1.25139375800925 1.0459166426917 -9999 -9999 -9999 -9999 -9999 -9999 -9999 -9999 -9999 -9999 -9999 -9999 -9999 -9999 -9999 -9999 -9999 -9999 -9999 -9999 -9999 -9999 -9999 -9999 -9999
0.882527747454337 0.819046457670716 0.740640425147883 0.658195390353979 0.58434307890196 0.544732073564797 0.518636455995159 0.504003051769 0.501797264802342 0.528674198435707 0.576475624151537 0.629090286122639 0.688358418438701 0.73258646949637 0.757823710535562 0.784235838984043 0.803279214570639 0.826930143368536 0.839951285591671 0.819542664539574 0.762097507732057 0.794729476943443 0.919417538054563 0.959159640918449 1.05003618936785 1.26669603685771 1.49805242419884 1.71800631281306 1.8480588140532 1.89390341566082 1.88647809757222 1.83675964426599 1.91778723442077 1.8927295407652 1.72022800012594 1.45479364327138 1.22187147097652 -9999 -9999 -9999 -9999 -9999 -9999 -9999 -9999 -9999 -9999 -9999 -9999 -9999 -9999 -9999 -9999 -9999 -9999 -9999 -9999 -9999 -9999 -9999 -9999 -9999 -9999
0.88708611851639 0.815463892790322 0.744030768213732 0.657895911998427 0.583078832235155 0.534763128888776 0.500976430422211 0.497998842959132 0.506278217602752 0.553343616949732 0.604931892885721 0.694740081558209 0.755027714230154 0.787804638410314 0.804076617246275 0.819098148898385 0.86033718695522 0.921651009500103 0.964541208191267 0.970763413001947 0.873650375833455 0.814715464303457 0.965249551586431 1.0775397343496 1.17991681857402 1.36569017222916 1.55358254410384 1.6747984106404 1.79280015427955 1.80912305315312 1.86970365294148 1.83011371186456 1.78574406561722 1.74570449727563 1.6941605280235 1.39376389648223 -9999 -9999 -9999 -9999 -9999 -9999 -9999 -9999 -9999 -9999 -9999 -9999 -9999 -9999 -9999 -9999 -9999 -9999 -9999 -9999 -9999 -9999 -9999 -9999 -9999 -9999 -9999
0.882556737941907 0.815182685818494 0.738517873704901 0.667633605689713 0.59606562711652 0.553280882081888 0.521018724861638 0.511212154856155 0.530035904779524 0.597789639679323 0.71758405634862 0.843444576412856 0.838739585672645 0.843263130358721 0.841480784305383 0.847065151464902 0.915906125094978 1.05019883849263 1.13133512168598 1.15756849863525 0.956881581659478 0.735887979957615 1.00654574064106 1.20164115398727 1.28984399591129 1.44101715899169 1.59744559305353 1.67759519385585 1.81769203416606 1.87100962169189 1.82771425891551 1.73206364138203 1.63020093419299 1.37459368118745 1.38870366343058 -9999 -9999 -9999 -9999 -9999 -9999 -9999 -9999 -9999 -9999 -9999 -9999 -9999 -9999 -9999 -9999 -9999 -9999 -9999 -9999 -9999 -9999 -9999 -9999 -9999 -9999 -9999 -9999
0.871947646192143 0.805680749675012 0.740836564859716 0.674634500018471 0.625292254930509 0.608385663405058 0.58689914977152 0.559959705393126 0.578236366650269 0.641518764283507 0.758211148264047 0.850835094350732 0.879048207790737 0.881618440409957 0.866450955803151 0.858348733551224 0.911742994535176 1.07666111981442 1.17680673277674 1.18910489904504 1.03316858205137 0.77663263637606 1.01020448848939 1.20523370235628 1.25519624865666 1.42881099360363 1.58840512176365 1.67656349171817 1.77990911972846 1.77668517873365 1.71168821443639 1.65155028574847 1.65756175403147 1.29364350999804 -9999 -9999 -9999 -9999 -9999 -9999 -9999 -9999 -9999 -9999 -9999 -9999 -9999 -9999 -9999 -9999 -9999 -9999 -9999 -9999 -9999 -9999 -9999 -9999 -9999 -9999 -9999 -9999 -9999
0.867976033748856 0.813327671180271 0.754201005255239 0.696577586794931 0.659688902048669 0.660002076965964 0.641666840418507 0.618225456149183 0.627217689460335 0.679158785469155 0.746171997780574 0.833659780923044 0.885356334635852 0.900760319326389 0.886046294717085 0.862182694885273 0.873248092664677 0.978549908583775 1.09880063583571 1.17228456105207 1.14838945682086 1.07321360814917 1.11903453579366 1.20968703416368 1.31175762017628 1.49255088829379 1.6542335781411 1.69285661279274 1.68981837427145 1.65105462474448 1.61311234659299 1.6092056513268 1.56933938987589 1.52554915038037 -9999 -9999 -9999 -9999 -9999 -9999 -9999 -9999 -9999 -9999 -9999 -9999 -9999 -9999 -9999 -9999 -9999 -9999 -9999 -9999 -9999 -9999 -9999 -9999 -9999 -9999 -9999 -9999 -9999
0.885499957970529 0.840223793755639 0.791341163927953 0.744693248913592 0.706980077841476 0.692351650001537 0.676171321245253 0.655931275691301 0.669987365389975 0.718735522361055 0.762010418699598 0.836400478544344 0.911494821640689 0.929765017709802 0.909420993242966 0.894128970356851 0.886901474517968 0.946964200162624 1.03907189494128 1.1003983304324 1.12577406421651 1.11162815746184 1.13323882205371 1.19972571426045 1.31555114290819 1.4666021268585 1.58524565564937 1.62147379460667 1.62593447529373 1.65747708946128 1.64193730594532 1.55821037104318 1.47399361226558 -9999 -9999 -9999 -9999 -9999 -9999 -9999 -9999 -9999 -9999 -9999 -9999 -9999 -9999 -9999 -9999 -9999 -9999 -9999 -9999 -9999 -9999 -9999 -9999 -9999 -9999 -9999 -9999 -9999 -9999
0.911313750249135 0.881363358347328 0.839210683940636 0.796805671204504 0.757508335558457 0.730944317901333 0.707172526383177 0.686470781560858 0.698254719028029 0.737430255161455 0.787362891729772 0.855420668774243 0.928424957145942 0.941864477217633 0.925473249175147 0.921503017349092 0.92544222000043 0.970822550792501 1.04277266467593 1.07742277264627 1.0930582438736 1.07771514183756 1.12618737977675 1.18738705208286 1.28209336065842 1.37169760838257 1.48408144212042 1.54277837732925 1.54496015234599 1.54815256531616 1.44456597096774 1.32446938123371 -9999 -9999 -9999 -9999 -9999 -9999 -9999 -9999 -9999 -9999 -9999 -9999 -9999 -9999 -9999 -9999 -9999 -9999 -9999 -9999 -9999 -9999 -9999 -9999 -9999 -9999 -9999 -9999 -9999 -9999 -9999
0.96132161153082 0.944258622643178 0.91092060830995 0.863205620765683 0.809123750706986 0.764868304059127 0.730022671911994 0.708743294635264 0.719180384698895 0.756580550960785 0.80840530983736 0.867940782056637 0.904598168759766 0.925135041345814 0.924348650460633 0.935931188616445 0.958901737088519 1.03169884398955 1.11983827928248 1.10146755578147 1.06745922414371 1.05879762705228 1.15110700031442 1.2232470856128 1.29672167360831 1.36090596993293 1.44615030543535 1.46708677428147 1.43942996667293 1.3930748432071 1.30845282359932 -9999 -9999 -9999 -9999 -9999 -9999 -9999 -9999 -9999 -9999 -9999 -9999 -9999 -9999 -9999 -9999 -9999 -9999 -9999 -9999 -9999 -9999 -9999 -9999 -9999 -9999 -9999 -9999 -9999 -9999 -9999 -9999
1.04223298789381 1.03708105137612 1.00556948965305 0.944968827553583 0.875652009525498 0.803287453391755 0.75392491816255 0.736368855477461 0.750353375259244 0.782053517189745 0.826819243670227 0.86796473104887 0.896584579302778 0.907025435211957 0.911675899605125 0.951473173203547 0.999902026187504 1.08117051245726 1.17472321167789 1.1600777699929 1.16429694966659 1.19320751930967 1.25275346247232 1.30847031997821 1.36592617390747 1.39977231518352 1.4449040872079 1.45108609076473 1.3668077561521 1.26459231253778 -9999 -9999 -9999 -9999 -9999 -9999 -9999 -9999 -9999 -9999 -9999 -9999 -9999 -9999 -9999 -9999 -9999 -9999 -9999 -9999 -9999 -9999 -9999 -9999 -9999 -9999 -9999 -9999 -9999 -9999 -9999 -9999 -9999
1.17349453503967 1.18520286417583 1.14213986355644 1.04824438330807 0.937227028686943 0.842167311165172 0.783690269862649 0.772121730877449 0.788282635422963 0.813976555108231 0.846648051021607 0.881760736407437 0.909177689395983 0.913901951211571 0.924412793998568 0.97143294503793 1.03849004587105 1.12632657082197 1.21866847852082 1.2578247004276 1.27440175490524 1.29590353719586 1.32719835430484 1.38408907283849 1.44861216225655 1.47540961899888 1.49044080128036 1.45410226698271 1.31186762334447 1.16159713008638 1.12566519902284 -9999 -9999 -9999 -9999 -9999 -9999 -9999 -9999 -9999 -9999 -9999 -9999 -9999 -9999 -9999 -9999 -9999 -9999 -9999 -9999 -9999 -9999 -9999 -9999 -9999 -9999 -9999 -9999 -9999 -9999 -9999 -9999
1.34965967375021 1.37430253665477 1.30878793875113 1.1584370363689 0.997809385523114 0.881754754174514 0.825410549917073 0.828645275117645 0.851021215462283 0.858309829070839 0.874401441898169 0.911251026618764 0.952188562040511 0.964525696861314 0.980538093416542 1.02685842369575 1.10132486060651 1.18587001364676 1.25761591814016 1.29454999973801 1.33157931372269 1.28101574723363 1.2985516239765 1.457415903407 1.56294201205465 1.54554370814838 1.53422123261235 1.47548090129119 1.30937456692352 1.10738960714595 -9999 -9999 -9999 -9999 -9999 -9999 -9999 -9999 -9999 -9999 -9999 -9999 -9999 -9999 -9999 -9999 -9999 -9999 -9999 -9999 -9999 -9999 -9999 -9999 -9999 -9999 -9999 -9999 -9999 -9999 -9999 -9999 -9999
1.55090421811191 1.58176900069076 1.47912704824468 1.24053317481871 1.03644487714845 0.914771588261278 0.87797530162872 0.922470432713074 0.950609460775719 0.925316468313199 0.898383846780858 0.936971818556569 1.01849225361974 1.06792167670533 1.08489295166287 1.12374000044919 1.20243184021645 1.30375022941659 1.34286709761738 1.33176242181723 1.35030491708435 1.28826755452232 1.33146867729257 1.52078402176962 1.58875027843702 1.56979394914655 1.56636725324158 1.55480513521871 1.40247911295801 1.22429328406121 -9999 -9999 -9999 -9999 -9999 -9999 -9999 -9999 -9999 -9999 -9999 -9999 -9999 -9999 -9999 -9999 -9999 -9999 -9999 -9999 -9999 -9999 -9999 -9999 -9999 -9999 -9999 -9999 -9999 -9999 -9999 -9999 -9999
1.64572150180067 1.68292039945066 1.58005903990709 1.24851815424332 1.03693440657707 0.941538779216554 0.958897475106979 1.04905619112766 1.07537758004422 1.00354799725751 0.924975618999781 0.985313652607226 1.09569717292351 1.16792067182434 1.1852571192419 1.22442044722311 1.3224346241616 1.47676385546832 1.56510893007595 1.41578987056709 1.40943426542149 1.46505429279432 1.57486254901179 1.66577300754645 1.65588985048809 1.61755960628564 1.66328340838015 1.71876108193431 1.53902854105406 1.32119644612076 1.29149675063369 -9999 -9999 -9999 -9999 -9999 -9999 -9999 -9999 -9999 -9999 -9999 -9999 -9999 -9999 -9999 -9999 -9999 -9999 -9999 -9999 -9999 -9999 -9999 -9999 -9999 -9999 -9999 -9999 -9999 -9999 -9999 -9999
1.6176697896349 1.58964580179923 1.47371013631137 1.21427546693031 1.04242822877195 0.985397084152567 1.03716916586242 1.15936324279088 1.22871215147504 1.18957676424673 1.06996745769203 1.15457598468891 1.22975659884455 1.24395372136138 1.2646235878763 1.28226726217666 1.38246337654549 1.54884844331625 1.60181098794952 1.48028204502113 1.49392794810633 1.59357406885167 1.69849587400262 1.74839557076704 1.76678524754592 1.73271341905321 1.78438752233346 1.78237997780717 1.58939841632765 1.35429662220326 1.28123509658587 -9999 -9999 -9999 -9999 -9999 -9999 -9999 -9999 -9999 -9999 -9999 -9999 -9999 -9999 -9999 -9999 -9999 -9999 -9999 -9999 -9999 -9999 -9999 -9999 -9999 -9999 -9999 -9999 -9999 -9999 -9999 -9999
1.52436121998839 1.4709458179062 1.36046605933167 1.17383336896579 1.03349668976956 1.0166281389549 1.09078720321199 1.2295392342873 1.37774366576277 1.45146366968096 1.29623187555086 1.26319900767732 1.27848175469506 1.31094554883047 1.33504285321538 1.30590833160776 1.37120256095941 1.54426496204279 1.61627978806107 1.51732850382625 1.51739568120671 1.60577856587607 1.71196665718816 1.75483938048711 1.74788284404476 1.76244639918069 1.74486263163994 1.67132185125597 1.57177536921092 1.4108557277829 -9999 -9999 -9999 -9999 -9999 -9999 -9999 -9999 -9999 -9999 -9999 -9999 -9999 -9999 -9999 -9999 -9999 -9999 -9999 -9999 -9999 -9999 -9999 -9999 -9999 -9999 -9999 -9999 -9999 -9999 -9999 -9999 -9999
1.47129841970011 1.39049040980494 1.27878218029507 1.12797744536662 1.0099023665665 1.01549842780118 1.11443170400559 1.25145206328259 1.37781880171924 1.43824903636463 1.3871357809346 1.32957832113806 1.31237290265466 1.3537450308157 1.35279521848579 1.2765256156579 1.33914457769662 1.53459417497491 1.70971890864337 1.6228748600584 1.60841904171459 1.65059958083471 1.71116897700125 1.72497554538491 1.70112499429762 1.69111327266438 1.6816222586533 1.60081012846953 1.51554796676885 1.42241454766723 -9999 -9999 -9999 -9999 -9999 -9999 -9999 -9999 -9999 -9999 -9999 -9999 -9999 -9999 -9999 -9999 -9999 -9999 -9999 -9999 -9999 -9999 -9999 -9999 -9999 -9999 -9999 -9999 -9999 -9999 -9999 -9999 -9999
1.47382509006246 1.35202452471547 1.23822695033624 1.11142462729108 0.996948935430544 0.987313119743184 1.11027803227263 1.2309629340415 1.33337105910833 1.38665381664735 1.39811573893412 1.3500246680877 1.32153416069557 1.29737514759367 1.23471038076608 1.15607333703282 1.25547997204426 1.50299497533463 1.6828878904023 1.68000777131667 1.68357567034308 1.74736822828593 1.76379082412282 1.75829833772384 1.70394564194483 1.64415059975217 1.60483921509816 1.55327277325879 1.49777085390532 1.44396266236141 -9999 -9999 -9999 -9999 -9999 -9999 -9999 -9999 -9999 -9999 -9999 -9999 -9999 -9999 -9999 -9999 -9999 -9999 -9999 -9999 -9999 -9999 -9999 -9999 -9999 -9999 -9999 -9999 -9999 -9999 -9999 -9999 -9999
1.48666109205439 1.35452729527796 1.24637216648314 1.14505250686426 1.03483988474213 1.00740478598088 1.09192363578895 1.20324008641929 1.30789973858081 1.38885990054239 1.48396194382641 1.46745403838607 1.36086970300212 1.2825618237733 1.19189305004946 1.14304288006868 1.27989021421729 1.50903367561788 1.67254997915461 1.81558648870726 1.72362696117294 1.84572211224394 1.94591612459303 1.8427668281525 1.7183203863365 1.6229459906718 1.56137925067713 1.54498570249935 1.54004182123208 -9999 -9999 -9999 -9999 -9999 -9999 -9999 -9999 -9999 -9999 -9999 -9999 -9999 -9999 -9999 -9999 -9999 -9999 -9999 -9999 -9999 -9999 -9999 -9999 -9999 -9999 -9999 -9999 -9999 -9999 -9999 -9999 -9999 -9999
1.46574682313843 1.37262626785955 1.28983417103288 1.22911552757913 1.17370505472732 1.17169388594359 1.18526759710334 1.2119272390728 1.28160154981174 1.42659175314017 1.58780588363091 1.57439733513124 1.49960893982366 1.39517865199433 1.2961241889001 1.34229279403854 1.43282934902111 1.57961531504908 1.71917238794212 1.86032188144217 1.83619968124221 1.99831460823925 2.05289149302581 1.86599593920915 1.72913531545355 1.6576181005983 1.56961807199662 1.56472725827666 1.60324879760632 -9999 -9999 -9999 -9999 -9999 -9999 -9999 -9999 -9999 -9999 -9999 -9999 -9999 -9999 -9999 -9999 -9999 -9999 -9999 -9999 -9999 -9999 -9999 -9999 -9999 -9999 -9999 -9999 -9999 -9999 -9999 -9999 -9999 -9999
1.44060659511781 1.40014456960407 1.38012155951543 1.3683523213974 1.36588001575925 1.41574332942664 1.39674162893533 1.35439311853242 1.37133715360363 1.50385437937737 1.61267614222131 1.57722384449831 1.54672252749925 1.53396426838909 1.47040593671628 1.53467238583761 1.65179514132694 1.66093884263011 1.67010858868607 1.71481608655671 1.82659491276405 2.01475196689853 2.02672631705399 1.9199381478652 1.8577190000407 1.75708282455651 1.6401601497073 1.66089243518433 1.70322287748914 -9999 -9999 -9999 -9999 -9999 -9999 -9999 -9999 -9999 -9999 -9999 -9999 -9999 -9999 -9999 -9999 -9999 -9999 -9999 -9999 -9999 -9999 -9999 -9999 -9999 -9999 -9999 -9999 -9999 -9999 -9999 -9999 -9999 -9999
1.43203073633459 1.45677894113615 1.48591664582423 1.51548782566939 1.54140709583159 1.62746908136152 1.66637134877889 1.62435776241721 1.59502106950691 1.62071627228518 1.63057148193748 1.58275331493902 1.5376486763051 1.49855322041936 1.54866376834954 1.79432307396746 1.94780067611624 1.83550850540617 1.78930461310586 1.75658585340796 1.8317449793031 2.036425656712 2.06910614679122 2.04505860728941 1.97809167309436 1.85466741012732 1.7462840592324 1.76706307699042 -9999 -9999 -9999 -9999 -9999 -9999 -9999 -9999 -9999 -9999 -9999 -9999 -9999 -9999 -9999 -9999 -9999 -9999 -9999 -9999 -9999 -9999 -9999 -9999 -9999 -9999 -9999 -9999 -9999 -9999 -9999 -9999 -9999 -9999 -9999
1.47513336828631 1.5348732493943 1.60013356785849 1.68075939846614 1.74653645669981 1.86781414897044 2.00236988212777 1.89259021079827 1.7723905456948 1.73055127497046 1.69932702800274 1.62142826501713 1.52786236038656 1.48890780128833 1.70671581006084 1.99762480022475 2.07353955157014 1.90875972610801 1.87390252353839 1.89585986932145 1.91439686680355 2.08450518688962 2.14171470446687 2.03727336007826 1.97797829582683 1.87512902331279 1.76618622297855 1.73099356157751 -9999 -9999 -9999 -9999 -9999 -9999 -9999 -9999 -9999 -9999 -9999 -9999 -9999 -9999 -9999 -9999 -9999 -9999 -9999 -9999 -9999 -9999 -9999 -9999 -9999 -9999 -9999 -9999 -9999 -9999 -9999 -9999 -9999 -9999 -9999
1.55791932792039 1.63742609962478 1.74824477156461 1.86851142491945 1.97882998963567 2.11626738200973 2.19353800909307 2.08344047708628 1.90075844524387 1.77892983450885 1.71004804493425 1.66345518118078 1.53794617685663 1.50500219092781 1.80353172945839 1.99652204076183 2.03417440606322 1.91967752861157 1.84311248166037 1.91838719035453 1.97400171454869 2.13756524262241 2.16792742118566 2.07771506560891 1.99343329103919 1.91591963879685 1.79640001253031 1.7639081178008 -9999 -9999 -9999 -9999 -9999 -9999 -9999 -9999 -9999 -9999 -9999 -9999 -9999 -9999 -9999 -9999 -9999 -9999 -9999 -9999 -9999 -9999 -9999 -9999 -9999 -9999 -9999 -9999 -9999 -9999 -9999 -9999 -9999 -9999 -9999
1.68488280746657 1.77572182924842 1.90771454325329 2.08312823224437 2.24072302701401 2.31097341651821 2.32524600631712 2.27453142596348 2.12095194666759 1.95920338591547 1.80940914513884 1.80567250511287 1.83018802556345 1.81658173715241 1.91160684858541 2.0284970916591 2.11459935393547 2.02411674060017 1.8870971491069 1.96972324855171 1.90787335465378 2.14082293821931 2.24621468261888 2.24929035778112 2.08347218840559 1.89362183527452 1.80868825096769 -9999 -9999 -9999 -9999 -9999 -9999 -9999 -9999 -9999 -9999 -9999 -9999 -9999 -9999 -9999 -9999 -9999 -9999 -9999 -9999 -9999 -9999 -9999 -9999 -9999 -9999 -9999 -9999 -9999 -9999 -9999 -9999 -9999 -9999 -9999 -9999
1.7983627611876 1.90250390671998 2.07316262424436 2.2780520232924 2.41276422679421 2.45699983820088 2.43776823575871 2.42833597622462 2.33851324893776 2.23998911201432 2.09024062809162 2.00739526683485 1.97013596399387 2.07340548888076 2.11203281073864 2.08692354508902 2.12974772211169 2.16191074431945 2.06419342193285 1.9878670240663 1.97365966806581 2.16307638191785 2.23448938921441 2.23996710815682 2.1648656158488 1.97682463580796 -9999 -9999 -9999 -9999 -9999 -9999 -9999 -9999 -9999 -9999 -9999 -9999 -9999 -9999 -9999 -9999 -9999 -9999 -9999 -9999 -9999 -9999 -9999 -9999 -9999 -9999 -9999 -9999 -9999 -9999 -9999 -9999 -9999 -9999 -9999 -9999 -9999
