2050_A2_MR/TSD.asc
NCOLS 720 
NROWS 360 
XLLCORNER -180 
YLLCORNER -90 
CELLSIZE 0.5 
NODATA_value -9999 
[rows 112 to 139 of 360, columns 126 to 188 of 720]
6.13773925354007 7.0456504334371 7.48826459120654 7.83757763135727 8.04245988785607 8.02297731203187 7.82859306878857 7.65606356401795 7.58277388421478 7.57045288995638 7.45120386762169 7.46441323914055 7.32052416499388 7.16318593174328 6.74429783993366 6.42316791243743 6.70234617738965 6.87102844870351 6.95580808010964 7.28466766330758 7.74782300902404 7.64043247275311 7.33378915231072 7.3618941000917 7.83510477349103 8.04612195857416 7.84101619578001 7.89562249056684 8.01750382236915 8.11388275522034 8.22342946092176 8.32707424625338 8.51421880214744 8.76560301124461 8.80097046730041 8.84679835527036 8.73335427201847 8.65749153677123 8.50655654824659 8.45789524293373 8.47416378442337 8.43333008067422 8.43601343756714 8.33408709676726 8.31574516285954 8.29360442150717 8.2148400901883 8.1990195660079 8.24116430004475 8.26820538910958 8.27078830231133 8.36421568990778 8.420346132679 8.23057028500281 8.003848769459 7.86151767587331 7.89488064351727 7.96591107243975 7.90026223786902 7.79329384190134 7.67746462618973 7.62610206371699 7.57914023739495
5.62036878148785 6.75647679129066 7.40563011982857 7.71911961117937 7.83259921304053 7.63094106442856 7.53621264611761 7.72140142269162 7.85201158092768 7.81709196323014 7.80761076505505 7.5348495632346 7.47825197035949 7.52445480397137 7.14726384398097 6.93366564661095 6.74657043910067 6.75608843858188 6.77693532937267 7.52709609802181 7.57727969176393 7.77269762027439 6.7475090244314 6.87200879987656 7.75304218056704 8.07930802627479 7.81154723129188 7.83620336433017 7.93606639891412 8.0344877925274 8.09489290053209 8.21410912409342 8.42288478877297 8.53105058344643 8.44627840071513 8.53109295314471 8.49348018902479 8.4039124037854 8.34030999517926 8.37368955971435 8.36647018968153 8.35554425362884 8.34638447463914 8.28869526494854 8.19112057876242 8.13339202212791 8.03627169166839 8.0047919014225 8.1257026656647 8.18873566200631 8.1906598205699 8.24645947077828 8.21826661161402 7.96886113468352 7.78308969296269 7.68337609823788 7.70644096554718 7.84699298965456 7.83653980504005 7.63526665014219 7.46381950540867 7.35623558972308 7.36448494547155
4.64077588026319 6.19281004467902 6.99135833747619 7.45479811193878 7.42842671194593 7.37498731193655 7.36177514417932 7.51779148981652 7.67268021546717 7.63893283685212 7.73134143220166 7.44348148353248 7.23229456181842 7.14539425022469 7.34255852979434 7.40547120872574 7.13827100430362 6.95074036243354 7.0079957492805 7.506062981252 7.68113469449999 7.8639989860346 6.74435487554275 6.71742429783497 7.44993134007869 7.87961679502163 7.71514527346839 7.63626793318349 7.77199607421768 7.96064471748367 7.99914735660613 8.01085486926506 8.13002590928872 8.13791164953289 8.14108993446587 8.19643178203278 8.34760209813094 8.20109725408394 8.14655269195566 8.20040781468431 8.20237251489973 8.24521109454733 8.10933836162414 8.04512959206578 7.94707498229543 7.86460909893645 7.88079162615523 8.00555955622288 8.01051943222002 7.98440724227512 8.05120648023915 8.07326380983526 7.89651954735255 7.73630235137355 7.6231256241297 7.5379365725223 7.50244371461455 7.57584386013805 7.57397696168936 7.39100706867172 7.30019114316144 7.20762870427091 7.21648048177422
3.91738730357145 5.51458666625984 6.14568445451889 6.506775317224 6.7361673976238 6.75341775363151 6.7560498425136 6.96234734548911 7.14918629610739 7.24959622943459 7.2664563593182 7.18352145003151 6.94866695501121 6.86420089392048 6.96635177361818 7.1569607161013 7.37937803354866 7.4633457224387 7.59371745535815 7.57995228289213 7.59025314910167 7.66363609671289 7.23943483298491 7.26758684466402 6.94307567896319 7.61892307003861 7.6602103716084 7.66328482978445 7.68465094230945 7.80324789603301 7.94022457104568 8.01838524510322 8.02082200575693 7.91188618189993 7.90977763327999 7.90906066523802 8.05139564483317 7.88250683293564 7.92604114735297 7.98223682436446 7.97584418203718 7.86893521428669 7.65428755027695 7.69708804451255 7.7942520300706 7.75404990661865 7.798395054371 7.93380447857833 7.82143219876357 7.71603804361424 7.7583031238683 7.70503223671262 7.5413296658408 7.54306548582352 7.42464258067039 7.36981760176966 7.31238092945734 7.28091183681272 7.28008751994635 7.22696583598821 7.16818417341285 7.12122364890572 7.10237580721684
3.30312585851594 4.50350401416543 5.37750341807774 5.66453709896469 5.95592997818286 6.06004489521398 6.04706494806569 6.28465163113883 6.7012042227911 6.91002832404013 6.80696545782085 6.60001650176496 6.50543191430506 6.58355399075899 6.55879922572323 6.60795014179446 6.96906807472794 7.28276746180705 7.56251202181238 7.61105227415154 7.61183648027473 7.67592718630247 7.38294013461403 7.47690343424408 7.1410350923935 7.38095820376711 7.69362021438946 7.87427757250591 7.83307128275576 7.7365080043487 7.83366840969969 7.83817360882569 7.80393171241732 7.83745090951729 7.73900121352896 7.73235636220804 7.72445059177119 7.69641032867421 7.74689893434272 7.87292510963719 7.70858327867426 7.50120133868471 7.41164962195916 7.45226154009076 7.59526275754833 7.66536947477115 7.69668043495094 7.72650795599317 7.56717306336055 7.54089712218286 7.4883912641884 7.39158247441416 7.30592951864723 7.28856507505097 7.2251209488597 7.13758821603597 7.04685554866112 7.00293772374924 6.98693319257265 7.0038776352813 6.97236940282151 6.93310093382934 6.90559312888809
3.40598375484747 3.72909882300884 4.64866123330999 5.0753664491254 5.25028209703937 -9999 5.68953015549734 5.72253092636938 6.22651980156303 6.54008971023204 6.52934346418064 6.32931092389716 6.24605550258225 6.31435725007082 6.4701707625529 6.76950045836407 6.48689337567404 6.96616449170431 7.17817015512688 7.42941078709755 7.60108754292439 7.58208094080689 7.55466334010853 7.3117643576905 7.22166821802313 7.14979177289001 7.42739718912895 7.72358428354449 7.8392624425388 7.66272738461484 7.66311524084099 7.6053893713712 7.4448145164387 7.43424932567542 7.46372546971255 7.54128861231536 7.49421555669308 7.46178542733012 7.5091133050988 7.59724583578448 7.32272929784311 7.26401190191104 7.34726397990175 7.30914413565334 7.31796270319158 7.40186779899435 7.42539986716522 7.38973803200996 7.31989106589311 7.32463973337223 7.22892900420755 7.12991230810189 7.12923341136838 7.01597933184886 6.98383095190761 6.93439780110567 6.83723394782737 6.78483614775202 6.72384107957614 6.67969905771657 6.71819149818256 6.76601919667471 6.75645229369422
-9999 3.59556056244623 4.13989423290192 4.63729509480743 4.8565547963662 -9999 -9999 5.65722790064023 5.94853743309926 6.36882060144258 6.56724988440906 6.29430100833884 5.99554612435533 6.11529024357457 6.26459880850227 6.60560824534383 6.45747577194145 6.56745350123039 6.660875853255 7.03749931245194 7.34313629036166 7.33487511434193 7.24181062992727 7.14353056107495 7.1350852745902 6.57770086236326 6.67335421938737 7.02460239413071 7.20518554286157 7.35919546743764 7.56331504747219 7.43586787400984 7.270218055419 7.20486519171569 7.28241804376312 7.27119714747454 7.28026204202228 7.28951885274031 7.27626559437494 7.28149493252724 7.02967905154449 7.01821820868803 7.08182211126206 7.12465685004358 7.02384748077234 7.01205132519322 7.10491664654901 7.0898036572996 7.04239062734591 6.98282985901825 6.94075025662954 6.85991816955555 6.781396154944 6.77539298207691 6.75501211549599 6.64088049292406 6.60695943733805 6.59080571080963 6.48423768934299 6.47647847028298 6.5319728408476 6.5553713265708 6.52017118987932
-9999 -9999 4.00529700861197 4.42688383949388 4.61754669382808 -9999 -9999 -9999 5.69875929371747 5.96394751760656 6.03262200939441 5.91526838039745 5.68232244471156 5.81099629648208 6.05163824213984 6.26074646849739 6.23173972427249 6.25775410063896 6.43357715098504 6.53192919544524 6.59803944334554 6.66014690893849 6.90000656475557 6.93150979499047 6.82413329615124 6.52900310399788 6.34316469271515 6.50843652916335 6.78144806384665 7.26777597336897 7.46972220883398 7.36902453528117 7.12619722831672 6.97851929390688 7.09237957283868 6.92044987227202 6.84331391753722 7.0003742075748 7.03046004495828 6.98522374881102 6.89155027796237 6.91730474203643 6.82159324382063 6.75431489194327 6.6682576312608 6.69402357345566 6.75832561040162 6.71701730412843 6.67817088647564 6.66833328386519 6.61220798405207 6.58931220559833 6.49175030668179 6.42662666576864 6.4703864612327 6.36002276043653 6.47358185275903 6.47177967705411 6.32951598910165 6.39078562443623 6.45986989887984 6.44447855464958 6.285048212065
-9999 -9999 3.8902883226102 4.2001035184361 4.40097661159509 4.50120525014682 4.58121059479721 -9999 5.54809586384804 5.60527360016865 5.60035722345377 5.51114303371142 5.50774731864652 5.72769314743285 5.98467731276123 6.26710745105657 5.91535265603432 5.8226029199468 6.02616559552949 6.07586213093978 6.04982113732011 6.17996996492145 6.56394756652159 6.82827509906358 7.05970693704553 6.94905668387987 6.69035091878148 6.81030307749155 6.92518129470455 6.96683394145287 7.1252640329351 7.13768600689105 6.97125462649452 6.84116106989183 6.86082119316201 6.70844453193823 6.65062865093793 6.75461084770351 6.79435333116306 6.71504430713126 6.60624998362122 6.59651867278969 6.46629213864338 6.32101389699673 6.39907355265989 6.40735870380587 6.45015010550968 6.4636121032561 6.38899534361798 6.38661084423715 6.28000842748846 6.18195844585032 6.07597983306903 6.12060679074831 6.16049491636447 6.17961621581233 -9999 -9999 -9999 -9999 -9999 -9999 -9999
-9999 -9999 -9999 4.09116696979734 4.18240937536841 4.31448650149807 4.51621346355969 4.73199403630199 5.32710767283623 5.37618918542642 5.5752680430589 5.63554679455973 5.74412685457065 5.4959570739257 5.63781914182241 5.94801103900208 5.64704519282721 5.29015534531609 5.61125827256476 5.75775446134952 5.76994824331871 6.00190023004833 6.43778281108463 6.74216551566612 6.87773358353247 6.67497277393281 6.88338044872953 6.83519012775669 6.33233769597447 5.74693021116339 6.10991786347604 6.76602278618646 6.93679296210875 6.85356413748278 6.75026830069685 6.57943130230421 6.5085978691648 6.57341582626757 6.44067299541368 6.38210589113682 6.3123790714533 6.23376021380951 6.16626311618395 6.09946008257504 6.17673597453793 6.32375136218932 -9999 -9999 6.28723313388589 6.27353814288957 6.13811950821563 5.93678692411181 5.79947881278633 5.8410580860329 6.0211430307504 5.8340614038447 -9999 -9999 -9999 -9999 -9999 -9999 -9999
-9999 -9999 -9999 -9999 -9999 4.15352929795433 4.28916741505478 4.52476283799033 4.79994475275804 5.24621229282874 5.42432703293739 5.48657561797293 5.399168332967 5.12432966547984 5.09509006702833 5.10752066560277 4.94912327803791 4.9580575720371 5.42976997382651 5.51866511271562 5.55242832112051 5.77638856294592 6.26343255705659 6.55801533228309 6.58489745648285 6.18864517810743 6.26496036093531 6.53115316209477 5.97374169782205 5.36699626584068 5.71742367494804 6.47967103064656 6.81017752165064 6.76085630196733 6.61727281844015 6.51298927370695 6.44079102112241 6.39612902751307 6.13213126144278 5.9509923651952 5.96279402985576 5.92917316396231 5.95448927140651 -9999 -9999 -9999 -9999 -9999 -9999 -9999 -9999 -9999 -9999 -9999 -9999 -9999 -9999 -9999 -9999 -9999 -9999 -9999 -9999
-9999 -9999 -9999 3.50835338178492 -9999 3.97560576663436 4.06932281931687 4.31994671063058 4.59665736724253 -9999 5.33855491850204 5.15645560660516 5.04429058291737 5.04722247835503 5.11718464227012 4.77745375992215 4.5424767388195 4.60811467880683 4.92679751411782 5.19658195360224 5.33465035592059 5.58466192972395 5.9474482342076 6.34942134525167 6.35880982445684 6.18091053507186 5.98468663785521 5.84481546919004 5.60949836524915 5.32941719987486 5.96079498734646 6.66226547772766 6.76153155932232 6.6996566774256 6.54620025945939 6.50162929098783 6.4169480044457 6.17415232690443 5.93541444929286 5.71785414542957 5.71182506306143 5.829431004032 -9999 -9999 -9999 -9999 -9999 -9999 -9999 -9999 -9999 -9999 -9999 -9999 -9999 -9999 -9999 -9999 -9999 -9999 -9999 -9999 -9999
-9999 -9999 -9999 -9999 3.50473328497154 3.62165880207537 3.81475119881696 4.11070415254064 4.52946253175001 -9999 -9999 4.98613208480115 4.94345656584111 5.10557266604078 5.23795349286071 4.96222980208714 4.67078486359368 4.48784359443563 4.56221270320841 4.71765151155961 4.97305524068226 5.3337940140291 5.54982909778028 5.94409708376485 6.071457316172 5.907581895973 5.67271102715991 5.64908210268592 5.38875054572396 5.30681651950267 5.70368881560146 6.90607738761236 6.90568096251626 6.61838862555448 6.46191658383232 6.36144352084952 6.17299900275682 5.87702250051723 5.6709692522323 5.52171877019719 -9999 -9999 -9999 -9999 -9999 -9999 -9999 -9999 -9999 -9999 -9999 -9999 -9999 -9999 -9999 -9999 -9999 -9999 -9999 -9999 -9999 -9999 -9999
-9999 -9999 -9999 -9999 3.45524093428865 3.3939854186901 3.459678012095 3.84454522538809 4.3548583222091 4.89439219383565 -9999 -9999 5.13245150393415 5.22483235995609 5.27758858143878 4.88933465076381 4.45576311353876 4.28293506422615 4.29423006084931 4.17581433348851 4.46508425756774 4.82970791847326 5.00757029615256 5.49894310451841 5.74380895847116 5.48911767978642 5.2531977740232 5.32823220683065 5.25423436887709 5.36527437833099 5.77559360208647 6.41861747673347 6.51399391254808 6.51239403964316 6.37963706593507 6.1895484708682 5.93403881147006 5.70042716599023 5.43633470839096 5.35595512683996 -9999 -9999 -9999 -9999 -9999 -9999 -9999 -9999 -9999 -9999 -9999 -9999 -9999 -9999 -9999 -9999 -9999 -9999 -9999 -9999 -9999 -9999 -9999
-9999 -9999 -9999 -9999 -9999 -9999 3.18425482224935 3.53252463478553 4.010414579935 4.42343354569763 4.76384839731989 4.65320186333309 -9999 -9999 5.14362384857364 4.83452384067171 4.51552235268324 4.34726529603644 4.11752546892435 3.88100219145036 4.03049338623825 4.34226544076098 4.5678546748018 4.99971692721144 5.32487958065919 5.33730071087387 5.06615423173798 5.13019565675934 5.26146427017973 5.52613785828721 5.66521562700776 5.72419629793004 5.86701049060926 6.03848491851818 6.24092141258604 6.13582698326642 5.79633615686457 5.5298903154838 5.30103366141344 5.06905339827329 -9999 -9999 -9999 -9999 -9999 -9999 -9999 -9999 -9999 -9999 -9999 -9999 -9999 -9999 -9999 -9999 -9999 -9999 -9999 -9999 -9999 -9999 -9999
-9999 -9999 -9999 -9999 -9999 -9999 -9999 -9999 3.88489879123751 4.04342264500905 4.24726152973719 4.44999130664697 -9999 -9999 -9999 4.92807520952591 4.68412083363256 4.24531615860858 3.93326188916595 3.71626884198161 3.72245367385579 3.97052591992546 4.22449310523936 4.39578853894219 4.72496534833635 4.95359115238218 5.01260330175568 5.13681599787685 5.26595813880658 5.17067190726937 5.19106980954697 5.29548639869573 5.30706174945991 5.33892527006901 5.67299378461591 6.03902695555492 5.71154642286975 5.33082443058903 5.04440712418488 4.90276676296373 -9999 -9999 -9999 -9999 -9999 -9999 -9999 -9999 -9999 -9999 -9999 -9999 -9999 -9999 -9999 -9999 -9999 -9999 -9999 -9999 -9999 -9999 -9999
-9999 -9999 -9999 -9999 -9999 -9999 -9999 -9999 -9999 3.98605640792984 4.13549692623561 4.41345291450741 -9999 -9999 -9999 4.77587016414635 4.48461617279312 4.25742095900411 3.9475917694785 3.63203110622202 3.43146943852369 3.59690940324902 3.90994177495129 4.15913096177481 4.35361023109478 4.45635862732757 4.71418547709894 5.15585502322807 5.31938768476719 5.12695334477463 5.0202579226916 4.99996026589869 4.66552522321317 4.99731018760645 5.66799466861789 5.88974130663301 5.56476017644517 5.22566979354885 4.9216090197172 4.73286539662407 -9999 -9999 -9999 -9999 -9999 -9999 -9999 -9999 -9999 -9999 -9999 -9999 -9999 -9999 -9999 -9999 -9999 -9999 -9999 -9999 -9999 -9999 -9999
-9999 -9999 -9999 -9999 -9999 -9999 -9999 -9999 -9999 3.70234472447291 3.84459069120662 4.07510601410189 4.24022237509874 -9999 -9999 -9999 4.36109837108895 4.21170981041032 3.98845950238583 3.66812182667033 3.3453241947493 3.20788418211552 3.61188372223082 3.96882683586699 4.21438307528351 4.45505544805392 4.502569622946 4.55500220974957 4.53519135124701 4.41698205311586 4.50823881504263 4.83666479859253 3.82193105340072 3.40154063080711 5.39191178168134 5.63182261846794 5.48991178703436 5.16393387401106 4.9155427043704 4.70022495512736 -9999 -9999 -9999 -9999 -9999 -9999 -9999 -9999 -9999 -9999 -9999 -9999 -9999 -9999 -9999 -9999 -9999 -9999 -9999 -9999 -9999 -9999 -9999
-9999 -9999 -9999 -9999 -9999 -9999 -9999 -9999 -9999 3.36597174718343 3.20840754417505 3.65789488219852 4.14834094637793 -9999 -9999 -9999 -9999 4.10722507691866 3.96494795566721 3.75951365002107 3.32055301013183 3.12225968891702 3.24224966176869 3.52998151415702 3.72472767602413 3.91132495760003 3.8782884390485 3.67609426002691 3.08756658453994 3.48325095045146 4.05000909210622 4.43612005459414 3.89251465071124 2.80319344126906 3.94464332546571 5.06287555378952 4.92920121101026 4.91310754143419 4.69765376579916 -9999 -9999 -9999 -9999 -9999 -9999 -9999 -9999 -9999 -9999 -9999 -9999 -9999 -9999 -9999 -9999 -9999 -9999 -9999 -9999 -9999 -9999 -9999 -9999
-9999 -9999 -9999 -9999 -9999 -9999 -9999 -9999 -9999 -9999 3.03609791470029 3.6407580613251 3.99143306087114 4.21022021122853 4.57236835372596 -9999 -9999 -9999 3.91266024320031 3.70031960747956 3.28968586856726 2.99193118323828 3.14728869684933 3.32110321747294 3.5101827150019 3.6412574053345 3.45130085568079 3.26881588375274 3.02600948498081 3.42193375048507 3.55345543117206 3.57897237355673 3.57661318585136 3.12656245836805 3.41772465394327 4.66271769588155 4.64303051412375 4.47998466610716 4.38509993017639 -9999 -9999 -9999 -9999 -9999 -9999 -9999 -9999 -9999 -9999 -9999 -9999 -9999 -9999 -9999 -9999 -9999 -9999 -9999 -9999 -9999 -9999 -9999 -9999
-9999 -9999 -9999 -9999 -9999 -9999 -9999 -9999 -9999 -9999 -9999 -9999 3.8132134625473 3.86334019719302 4.29301176413475 -9999 -9999 -9999 -9999 -9999 3.36138611618847 2.96581551378603 2.99276438439979 3.25488709446871 3.40149586875067 3.6092083959711 3.4382628585267 3.32917716623242 3.32311309841384 3.26118009052964 3.04945831293675 3.19568994675891 3.33394595493996 3.22859499586803 2.88256790054719 3.9670521516015 4.31819610447598 4.11542543413644 4.00882275619835 -9999 -9999 -9999 -9999 -9999 -9999 -9999 -9999 -9999 -9999 -9999 -9999 -9999 -9999 -9999 -9999 -9999 -9999 -9999 -9999 -9999 -9999 -9999 -9999
-9999 -9999 -9999 -9999 -9999 -9999 -9999 -9999 -9999 -9999 -9999 -9999 -9999 3.55707990439296 3.85574028727872 4.15844741762449 -9999 -9999 -9999 -9999 3.27218927476014 3.04422639389284 2.86455156907364 3.03845511723937 3.27161524806837 3.38883379706841 3.31414036853856 3.2559740497939 3.24316133213753 3.05423699678694 2.74789016749493 2.9480019251094 3.25288809766365 3.48200253328202 3.31541771170589 3.54216124500689 3.90819647542037 3.65083847653414 3.70448482283775 -9999 -9999 -9999 -9999 -9999 -9999 -9999 -9999 -9999 -9999 -9999 -9999 -9999 -9999 -9999 -9999 -9999 -9999 -9999 -9999 -9999 -9999 -9999 -9999
-9999 -9999 -9999 -9999 -9999 -9999 -9999 -9999 -9999 -9999 -9999 -9999 -9999 -9999 3.40614641521338 -9999 -9999 -9999 -9999 -9999 -9999 3.06731185997558 2.90345997558382 2.77781046726547 3.00293077461224 3.20121025136206 3.19163843875706 3.05559881452769 2.89241516268959 2.75439512561854 2.65730228794902 2.73097687373284 2.91310952061188 3.44282883313321 3.58478847147372 3.76882005950472 3.85192566269462 3.62212525114156 3.47856615937045 -9999 -9999 -9999 -9999 -9999 -9999 -9999 -9999 -9999 -9999 -9999 -9999 -9999 -9999 -9999 -9999 -9999 -9999 -9999 -9999 -9999 -9999 -9999 -9999
-9999 -9999 -9999 -9999 -9999 -9999 -9999 -9999 -9999 -9999 -9999 -9999 -9999 -9999 -9999 -9999 -9999 -9999 -9999 -9999 -9999 -9999 2.83652847594226 2.57156400424975 2.63907914543563 2.86096505553222 2.98001087993116 3.02518062129634 2.79564373953929 2.86144599978858 2.70676004099974 2.56763995377437 2.68784350700479 3.3305700408552 3.48033280245106 3.71756772111945 3.71643595438707 3.48001347502846 3.35825905119071 -9999 -9999 -9999 -9999 -9999 -9999 -9999 -9999 -9999 -9999 -9999 -9999 -9999 -9999 -9999 -9999 -9999 -9999 -9999 -9999 -9999 -9999 -9999 -9999
-9999 -9999 -9999 -9999 -9999 -9999 -9999 -9999 -9999 -9999 -9999 -9999 -9999 -9999 -9999 -9999 -9999 -9999 -9999 -9999 -9999 -9999 2.80134739003652 2.6236066405812 2.37392248130997 2.56417115880783 2.72467593352779 2.80854777392139 2.88946836323374 2.87079549897032 2.71139690160373 2.60114460069399 2.6233959856924 2.90114518517122 3.38780751445251 3.57448285725923 3.6494800114676 3.44121021640349 3.35501032651653 3.29955809778153 -9999 -9999 -9999 -9999 -9999 -9999 -9999 -9999 -9999 -9999 -9999 -9999 -9999 -9999 -9999 -9999 2.14005881505748 2.17931584748454 2.14085199655418 2.04087622224073 -9999 -9999 -9999
-9999 -9999 -9999 -9999 -9999 -9999 -9999 -9999 -9999 -9999 -9999 -9999 -9999 -9999 -9999 -9999 -9999 -9999 -9999 -9999 -9999 -9999 -9999 2.6132791167429 2.28531969633338 2.43465846099784 2.53032641796981 2.65048951280394 2.71786457313283 2.84168122195741 2.60795738126206 2.41943748630956 2.55495693528198 2.51478677797013 2.844744606734 3.03737475296427 3.4094792391839 3.43904297004223 3.38841289909767 3.29763229271887 -9999 -9999 -9999 -9999 -9999 -9999 -9999 -9999 -9999 -9999 -9999 -9999 -9999 1.99990950651788 1.9534320917761 2.07917336074191 2.1587681768456 2.16904069437585 2.09835265439581 1.99308482303046 1.89846460893036 -9999 -9999
-9999 -9999 -9999 -9999 -9999 -9999 -9999 -9999 -9999 -9999 -9999 -9999 -9999 -9999 -9999 -9999 -9999 -9999 -9999 -9999 -9999 -9999 2.24216679766252 2.28398936051201 2.19131772659057 2.23410050380995 2.36836141104276 2.55508596020307 2.5825153722116 2.5266190502292 2.5537541131401 2.39570427241194 2.42472779064468 2.33633462721414 2.50809859351889 2.49596040610067 2.61303115929627 3.12348435289116 3.38441091626426 3.3053656146688 -9999 -9999 -9999 -9999 -9999 -9999 -9999 -9999 -9999 -9999 -9999 -9999 2.14082663475116 2.15705248126998 2.20633480849586 2.22886789935251 2.17315261866101 2.05125515125562 1.94138701787437 1.83005380205532 1.72805646430295 -9999 -9999
-9999 -9999 -9999 -9999 -9999 -9999 -9999 -9999 -9999 -9999 -9999 -9999 -9999 -9999 -9999 -9999 -9999 -9999 -9999 -9999 -9999 -9999 2.01009502725848 1.97378649886196 1.99108220964159 2.05585166033571 2.2966791312147 2.39249415526204 2.45619787582973 2.52721912333132 2.48558364467411 2.46194095160283 2.3209167742225 2.02702913991664 2.20081112125314 2.18904827434405 1.98490915807778 2.23480633177863 2.99748550679024 3.05630417454868 2.74652718041701 -9999 -9999 -9999 -9999 -9999 -9999 -9999 -9999 -9999 -9999 -9999 2.21899863594918 2.31194764169793 2.39203465677728 2.23183052351346 2.01686125256686 1.85555244177305 1.78987508310126 1.74375050848695 -9999 -9999 -9999
